174
0 -72.0, 5.0, 0.0
1 -76.5, 5.5, 0.0
2 -63.0, 0.0, 0.0
3 -72.0, 11.333333333333334, 0.0
4 -81.0, -1.3333333333333333, 0.0
5 -72.0, -11.333333333333334, 0.0
6 72.0, -5.0, 0.0
7 76.5, -5.5, 0.0
8 63.0, 0.0, 0.0
9 72.0, -11.333333333333334, 0.0
10 81.0, 1.3333333333333333, 0.0
11 72.0, 11.333333333333334, 0.0
12 -59.666666666666664, 7.666666666666667, 0.0
13 -61.5, 9.5, 0.0
14 -58.0, 4.0, 0.0
15 -62.0, 7.666666666666667, 0.0
16 -57.333333333333336, 11.333333333333334, 0.0
17 -59.5, 9.5, 0.0
18 -54.0, 7.666666666666667, 0.0
19 -50.333333333333336, 12.333333333333334, 0.0
20 -51.666666666666664, 8.666666666666666, 0.0
21 -51.0, 11.0, 0.0
22 -50.333333333333336, 5.0, 0.0
23 -49.0, 5.5, 0.0
24 -43.666666666666664, 6.666666666666667, 0.0
25 -43.666666666666664, 14.0, 0.0
26 -45.0, 13.5, 0.0
27 -42.333333333333336, 10.333333333333334, 0.0
28 -43.0, 8.0, 0.0
29 -46.333333333333336, 14.0, 0.0
30 -47.0, 13.5, 0.0
31 -47.666666666666664, 5.0, 0.0
32 -47.0, 4.0, 0.0
33 -47.666666666666664, 11.333333333333334, 0.0
34 -46.333333333333336, 7.666666666666667, 0.0
35 -47.0, 5.5, 0.0
36 -38.666666666666664, 7.666666666666667, 0.0
37 -29.0, 7.666666666666667, 0.0
38 -34.333333333333336, 11.333333333333334, 0.0
39 -37.5, 9.5, 0.0
40 -31.0, 7.666666666666667, 0.0
41 -32.5, 4.0, 0.0
42 -29.5, 9.5, 0.0
43 -27.0, 7.666666666666667, 0.0
44 -25.0, 11.346666666666666, 0.0
45 -26.5, 9.5, 0.0
46 -23.0, 7.68, 0.0
47 -23.5, 4.0, 0.0
48 59.333333333333336, -7.666666666666667, 0.0
49 61.0, -9.5, 0.0
50 57.5, -4.0, 0.0
51 61.666666666666664, -7.666666666666667, 0.0
52 57.0, -11.333333333333334, 0.0
53 59.5, -9.5, 0.0
54 53.333333333333336, -7.666666666666667, 0.0
55 -21.0, 7.68, 0.0
56 -12.0, 7.666666666666667, 0.0
57 -17.333333333333332, 11.346666666666666, 0.0
58 -20.5, 9.52, 0.0
59 -14.666666666666666, 7.666666666666667, 0.0
60 -16.5, 4.0, 0.0
61 -12.5, 9.5, 0.0
62 42.666666666666664, -6.666666666666667, 0.0
63 41.333333333333336, -10.333333333333334, 0.0
64 42.0, -8.0, 0.0
65 42.666666666666664, -14.0, 0.0
66 44.0, -13.5, 0.0
67 49.35999999999999, -12.713333333333333, 0.0
68 49.35999999999999, -5.38, 0.0
69 48.04, -6.07, 0.0
70 50.69333333333333, -9.046666666666667, 0.0
71 50.04, -11.57, 0.0
72 46.69333333333333, -5.38, 0.0
73 46.04, -6.07, 0.0
74 45.333333333333336, -14.0, 0.0
75 45.35999999999999, -8.046666666666667, 0.0
76 46.69333333333333, -11.713333333333333, 0.0
77 46.0, -13.5, 0.0
78 -50.333333333333336, -7.666666666666667, 0.0
79 -47.5, -9.5, 0.0
80 -47.333333333333336, -7.666666666666667, 0.0
81 -45.5, -9.5, 0.0
82 -49.0, -4.0, 0.0
83 -45.0, -7.666666666666667, 0.0
84 -62.0, -7.666666666666667, 0.0
85 -54.333333333333336, -11.333333333333334, 0.0
86 -50.0, -9.5, 0.0
87 -59.666666666666664, -7.666666666666667, 0.0
88 -58.0, -4.0, 0.0
89 -61.5, -9.5, 0.0
90 41.300000000000004, -1.3333333333333333, 0.0
91 39.95, 0.0, 0.0
92 -62.0, 1.3333333333333333, 0.0
93 61.666666666666664, -1.3333333333333333, 0.0
94 59.800000000000004, 1.3333333333333333, 0.0
95 58.2, 0.0, 0.0
96 49.49666666666667, -1.3333333333333333, 0.0
97 50.245000000000005, 0.0, 0.0
98 44.13, 1.3333333333333333, 0.0
99 41.95, 0.0, 0.0
100 46.830000000000005, -1.3333333333333333, 0.0
101 46.0, -4.0, 0.0
102 48.245000000000005, 0.0, 0.0
103 -58.666666666666664, 1.3333333333333333, 0.0
104 -58.0, 0.0, 0.0
105 -61.0, -1.3333333333333333, 0.0
106 -61.5, 0.0, 0.0
107 57.46666666666667, -1.3333333333333333, 0.0
108 55.13333333333333, -1.3333333333333333, 0.0
109 56.7, 0.0, 0.0
110 52.63, 1.3333333333333333, 0.0
111 22.96666666666667, 1.3333333333333333, 0.0
112 5.1000000000000005, -1.3333333333333333, 0.0
113 -12.35, 0.0, 0.0
114 -55.0, 1.3333333333333333, 0.0
115 -54.5, 0.0, 0.0
116 -57.333333333333336, -1.3333333333333333, 0.0
117 -12.9, 1.3333333333333333, 0.0
118 -51.0, 1.3333333333333333, 0.0
119 -50.0, 0.0, 0.0
120 -53.333333333333336, -1.3333333333333333, 0.0
121 -19.066666666666666, -1.3333333333333333, 0.0
122 -21.75, 0.0, 0.0
123 -15.566666666666668, 1.3333333333333333, 0.0
124 -13.85, 0.0, 0.0
125 -47.0, 1.3333333333333333, 0.0
126 -46.0, 0.0, 0.0
127 -49.0, -1.3333333333333333, 0.0
128 -21.833333333333332, 1.3333333333333333, 0.0
129 -43.333333333333336, 1.3333333333333333, 0.0
130 -42.5, 0.0, 0.0
131 -45.333333333333336, -1.3333333333333333, 0.0
132 -23.833333333333332, 1.3333333333333333, 0.0
133 -23.25, 0.0, 0.0
134 -37.73, 1.3033333333333335, 0.0
135 -36.095, -0.04499999999999993, 0.0
136 -41.06333333333333, -1.3633333333333333, 0.0
137 -27.933333333333334, -1.3466666666666665, 0.0
138 -29.65, -0.020000000000000018, 0.0
139 -25.833333333333332, 1.3333333333333333, 0.0
140 -24.75, 0.0, 0.0
141 -30.099999999999998, 1.32, 0.0
142 -32.1, 1.32, 0.0
143 -31.15, -0.020000000000000018, 0.0
144 -34.49666666666666, -1.3766666666666667, 0.0
145 -76.5, 9.5, 0.0
146 -76.5, -9.5, 0.0
147 76.5, -9.5, 0.0
148 76.5, 9.5, 0.0
149 -54.5, 9.5, 0.0
150 -51.0, 5.5, 0.0
151 -43.0, 13.5, 0.0
152 -47.0, 9.5, 0.0
153 -31.0, 9.5, 0.0
154 -23.5, 9.52, 0.0
155 54.0, -9.5, 0.0
156 -15.0, 9.5, 0.0
157 42.0, -13.5, 0.0
158 50.04, -6.07, 0.0
159 46.04, -10.07, 0.0
160 -59.5, -9.5, 0.0
161 61.0, 0.0, 0.0
162 46.245000000000005, 0.0, 0.0
163 -60.0, 0.0, 0.0
164 54.7, 0.0, 0.0
165 14.5, 0.0, 0.0
166 -56.0, 0.0, 0.0
167 -52.0, 0.0, 0.0
168 -16.35, 0.0, 0.0
169 -48.0, 0.0, 0.0
170 -44.5, 0.0, 0.0
171 -39.595, -0.04499999999999993, 0.0
172 -26.25, 0.0, 0.0
173 -32.65, -0.020000000000000018, 0.0

280
0 1 4.527692569068709
1 2 14.577379737113251
1 145 4.0
0 2 10.295630140987
2 145 16.507574019219177
0 145 6.363961030678928
3 145 4.859126579037751
4 1 8.181958472422385
1 146 15.0
4 146 9.324400487132909
5 146 4.859126579037751
6 7 4.527692569068709
7 8 14.577379737113251
7 147 4.0
6 8 10.295630140987
8 147 16.507574019219177
6 147 6.363961030678928
9 147 4.859126579037751
10 7 8.181958472422385
7 148 15.0
10 148 9.324400487132909
11 148 4.859126579037751
12 13 2.5927248643506755
13 14 6.519202405202649
13 17 2.0
12 14 4.02768199119819
14 17 5.70087712549569
12 17 1.8408935028645428
15 13 1.9002923751652296
16 17 2.838231060987732
17 149 5.0
16 149 3.3747427885527665
18 149 1.9002923751652296
19 21 1.4907119849998591
20 21 2.4267032964268394
21 150 5.5
20 150 3.2360813064912652
22 23 1.4240006242195906
23 150 2.0
22 150 0.8333333333333315
24 28 1.4907119849998585
25 26 1.4240006242195906
26 151 2.0
25 151 0.8333333333333315
27 28 2.4267032964268394
28 151 5.5
27 151 3.2360813064912652
29 30 0.8333333333333315
30 26 2.0
29 26 1.4240006242195906
31 23 1.4240006242195906
23 32 2.5
23 35 2.0
31 32 1.2018504251546618
32 35 1.5
31 35 0.8333333333333315
33 30 2.266911751455906
30 152 4.0
33 152 1.9507833184532706
34 35 2.2669117514559067
35 152 4.0
34 152 1.9507833184532697
36 39 2.1730674684008813
37 42 1.9002923751652296
38 39 3.6590830666833565
39 153 6.5
38 153 3.8042374035044446
40 41 3.9616214413349047
41 42 6.264982043070834
41 153 5.70087712549569
40 42 2.3687784005919825
42 153 1.5
40 153 1.833333333333333
43 45 1.9002923751652296
44 45 2.3791128131674997
45 154 3.0000666659259427
44 154 2.3636224552815346
46 47 3.713812057711052
47 154 5.52
46 154 1.906724940834414
48 49 2.4776781245530826
49 50 6.519202405202649
49 53 1.5
48 50 4.099457958749616
50 53 5.852349955359813
48 53 1.8408935028645428
51 49 1.9507833184532697
52 53 3.100179206289713
53 155 5.5
52 155 3.5158371849548313
54 155 1.9507833184532697
55 58 1.906724940834414
56 61 1.9002923751652296
57 58 3.655747377608154
58 156 5.500036363516154
57 156 2.9756717262195127
59 60 4.099457958749615
60 61 6.800735254367722
60 156 5.70087712549569
59 61 2.838231060987733
61 156 2.5
59 156 1.8633899812498245
62 64 1.4907119849998585
63 64 2.4267032964268394
64 157 5.5
63 157 3.2360813064912652
65 66 1.4240006242195906
66 157 2.0
65 157 0.8333333333333315
67 71 1.3302673081419083
68 69 1.4894629904767631
69 158 2.0
68 158 0.9687620966986734
70 71 2.6065409176829646
71 158 5.5
70 158 3.0475217618400827
72 73 0.9502338893369565
73 69 2.0
73 101 2.070386437358978
72 69 1.5131460970808879
69 101 2.9062862900960043
72 101 1.5443804942795358
74 66 1.4240006242195906
66 77 2.0
74 77 0.8333333333333315
75 73 2.090361478575206
73 159 4.0
75 159 2.134543927347898
76 77 1.916478251608633
77 159 3.430233228222244
76 159 1.768442503698913
78 79 3.374742788552766
79 86 2.5
78 86 1.8633899812498247
80 81 2.5927248643506755
81 82 6.519202405202649
81 79 2.0
80 82 4.02768199119819
82 79 5.70087712549569
80 79 1.8408935028645428
83 81 1.9002923751652296
84 89 1.9002923751652296
85 86 4.705198071164371
86 160 9.5
85 160 5.482294734466174
87 88 4.02768199119819
88 89 6.519202405202649
88 160 5.70087712549569
87 89 2.5927248643506755
89 160 2.0
87 160 1.8408935028645428
90 91 1.8974397955607925
91 99 2.0
90 99 1.4833333333333327
92 2 1.6666666666666667
2 106 1.5
92 106 1.4240006242195884
93 8 1.8856180831641283
8 161 2.0
93 161 1.4907119849998587
94 95 2.0827332469084423
95 161 2.799999999999997
94 161 1.7938165396098251
96 97 1.5289802338668599
97 102 2.0
96 102 1.8287829893735938
98 99 2.5554212525096087
99 162 4.295000000000002
98 162 2.5002005475116964
100 101 2.7928499979610653
101 102 4.58694070160058
101 162 4.007496101058615
100 102 1.9442229238895872
102 162 2.0
100 162 1.4560229317485966
103 14 2.7487370837451066
14 104 4.0
14 163 4.47213595499958
103 104 1.4907119849998587
104 163 2.0
103 163 1.8856180831641283
105 106 1.4240006242195884
106 163 1.5
105 163 1.6666666666666667
107 95 1.5216949614017774
95 50 4.060788100849392
95 109 1.5
107 50 2.666874991862615
50 109 4.079215610874227
107 109 1.5380362660079099
108 109 2.057236549894599
109 164 2.0
108 164 1.4019827229875383
110 97 2.7323987223276487
97 164 4.454999999999998
110 164 2.4622505513813535
111 91 17.03559182678691
91 165 25.450000000000003
111 165 8.57101057181837
112 113 17.500865057984356
113 165 26.85
112 165 9.494091730006495
114 115 1.4240006242195884
115 166 1.5
114 166 1.6666666666666667
116 104 1.4907119849998587
104 88 4.0
104 166 2.0
116 88 2.7487370837451066
88 166 4.47213595499958
116 166 1.8856180831641283
117 113 1.4423168090879959
113 124 1.5
117 124 1.6371553920681372
118 119 1.6666666666666667
119 167 2.0
118 167 1.6666666666666667
120 115 1.7716909687891067
115 167 2.5
120 167 1.8856180831641283
121 122 2.9963403604322987
122 168 5.399999999999999
121 168 3.0262279417710003
123 124 2.173642616030112
124 60 4.798176737053357
124 168 2.5000000000000018
123 60 2.825282680055612
60 168 4.002811511925087
123 168 1.546411616901816
125 32 2.666666666666667
32 126 4.123105625617661
32 169 4.123105625617661
125 126 1.6666666666666667
126 169 2.0
125 169 1.6666666666666667
127 119 1.6666666666666667
119 82 4.123105625617661
119 169 2.0
127 82 2.666666666666667
82 169 4.123105625617661
127 169 1.6666666666666667
128 122 1.3359349618234497
122 133 1.5
128 133 1.9454362549881261
129 130 1.5723301886761019
130 170 2.0
129 170 1.7716909687891067
131 126 1.4907119849998587
126 170 1.5
131 170 1.5723301886761019
132 133 1.4553540997144145
133 47 4.00780488547035
133 140 1.5
132 47 2.68741924943285
47 140 4.190763653560053
132 140 1.618040653245634
134 135 2.119251702318007
135 171 3.5
134 171 2.301353466501351
136 130 1.9805779179039869
130 171 2.9053485160992314
136 171 1.9733234797051287
137 138 2.169559607129724
138 172 3.400058823020565
137 172 2.155718493269059
139 140 1.717960677340691
140 172 1.5
139 172 1.3969212178533512
141 138 1.4135416513141732
138 143 1.5
141 143 1.7023806859806658
142 41 2.709686328710391
41 143 4.24062495394252
41 173 4.022797534055125
142 143 1.6425894191793655
143 173 1.5
142 173 1.4484819639885052
144 135 2.0803859150541193
135 173 3.445090709981379
144 173 2.2914454438677376

