186
0 -72.0, 5.0, 0.0
1 -76.5, 5.5, 0.0
2 -63.0, 0.0, 0.0
3 -72.0, 11.333333333333334, 0.0
4 -72.0, -1.3333333333333333, 0.0
5 -76.5, 0.0, 0.0
6 -81.0, -5.0, 0.0
7 72.0, -5.0, 0.0
8 76.5, -5.5, 0.0
9 63.0, 0.0, 0.0
10 72.0, -11.333333333333334, 0.0
11 72.0, 1.3333333333333333, 0.0
12 76.5, 0.0, 0.0
13 81.0, 5.0, 0.0
14 -57.333333333333336, 7.666666666666667, 0.0
15 -59.5, 9.5, 0.0
16 -56.333333333333336, 11.333333333333334, 0.0
17 -59.666666666666664, 7.666666666666667, 0.0
18 -61.5, 9.5, 0.0
19 -58.0, 4.0, 0.0
20 -62.0, 7.666666666666667, 0.0
21 -55.666666666666664, -7.666666666666667, 0.0
22 -52.0, -9.5, 0.0
23 -56.666666666666664, -11.333333333333334, 0.0
24 -53.333333333333336, -7.666666666666667, 0.0
25 -50.0, -9.5, 0.0
26 -58.0, -4.0, 0.0
27 -50.333333333333336, -7.666666666666667, 0.0
28 -47.5, -9.5, 0.0
29 -47.333333333333336, -7.666666666666667, 0.0
30 -45.5, -9.5, 0.0
31 -49.0, -4.0, 0.0
32 -45.0, -7.666666666666667, 0.0
33 -50.333333333333336, 8.666666666666666, 0.0
34 -51.0, 9.5, 0.0
35 -49.0, 5.5, 0.0
36 -50.333333333333336, 12.333333333333334, 0.0
37 -51.666666666666664, 7.666666666666667, 0.0
38 -43.666666666666664, 10.333333333333334, 0.0
39 -45.0, 13.5, 0.0
40 -43.0, 8.0, 0.0
41 -42.333333333333336, 11.333333333333334, 0.0
42 -43.666666666666664, 6.666666666666667, 0.0
43 -46.333333333333336, 10.333333333333334, 0.0
44 -47.0, 9.5, 0.0
45 -46.333333333333336, 14.0, 0.0
46 -47.0, 13.5, 0.0
47 -47.666666666666664, 8.666666666666666, 0.0
48 -47.0, 5.5, 0.0
49 -47.666666666666664, 5.0, 0.0
50 -47.0, 4.0, 0.0
51 -33.333333333333336, 7.666666666666667, 0.0
52 -36.0, 9.5, 0.0
53 -32.333333333333336, 11.333333333333334, 0.0
54 -35.333333333333336, 7.666666666666667, 0.0
55 -37.5, 9.5, 0.0
56 -32.5, 4.0, 0.0
57 -38.666666666666664, 7.666666666666667, 0.0
58 -25.0, 7.666666666666667, 0.0
59 -26.5, 9.5, 0.0
60 -23.5, 4.0, 0.0
61 -24.0, 11.346666666666666, 0.0
62 -27.0, 7.666666666666667, 0.0
63 57.0, -7.666666666666667, 0.0
64 59.5, -9.5, 0.0
65 55.666666666666664, -11.333333333333334, 0.0
66 59.333333333333336, -7.666666666666667, 0.0
67 61.0, -9.5, 0.0
68 57.5, -4.0, 0.0
69 61.666666666666664, -7.666666666666667, 0.0
70 -15.666666666666666, 7.68, 0.0
71 -18.0, 9.52, 0.0
72 -14.666666666666666, 11.346666666666666, 0.0
73 -18.333333333333332, 7.68, 0.0
74 -20.5, 9.52, 0.0
75 -16.5, 4.0, 0.0
76 -21.0, 7.68, 0.0
77 42.666666666666664, -10.333333333333334, 0.0
78 42.0, -9.5, 0.0
79 44.0, -13.5, 0.0
80 42.666666666666664, -6.666666666666667, 0.0
81 41.333333333333336, -11.333333333333334, 0.0
82 49.333333333333336, -8.666666666666666, 0.0
83 48.0, -5.5, 0.0
84 50.0, -11.0, 0.0
85 50.666666666666664, -7.666666666666667, 0.0
86 49.333333333333336, -12.333333333333334, 0.0
87 46.666666666666664, -8.666666666666666, 0.0
88 46.0, -9.5, 0.0
89 46.666666666666664, -5.0, 0.0
90 46.0, -5.5, 0.0
91 45.333333333333336, -10.333333333333334, 0.0
92 46.0, -13.5, 0.0
93 45.333333333333336, -14.0, 0.0
94 52.68, 1.3266666666666667, 0.0
95 53.5, 0.0, 0.0
96 45.01333333333333, -1.3399999999999999, 0.0
97 47.519999999999996, -0.010000000000000009, 0.0
98 51.666666666666664, -1.3333333333333333, 0.0
99 46.0, -4.0, 0.0
100 55.5, 0.0, 0.0
101 54.333333333333336, -1.3333333333333333, 0.0
102 57.5, 0.0, 0.0
103 57.0, -1.3333333333333333, 0.0
104 59.5, 0.0, 0.0
105 59.333333333333336, -1.3333333333333333, 0.0
106 61.0, 0.0, 0.0
107 61.666666666666664, -1.3333333333333333, 0.0
108 -18.236666666666668, -1.57, 0.0
109 -13.415000000000001, -0.2450000000000001, 0.0
110 -13.160000000000002, 3.9, 0.0
111 -10.24, 3.85, 0.0
112 -17.786666666666665, 1.1600000000000001, 0.0
113 -12.74, 3.85, 0.0
114 -23.439999999999998, -0.10999999999999988, 0.0
115 -10.493333333333334, 3.9, 0.0
116 -37.38333333333333, 1.2466666666666668, 0.0
117 -35.575, -0.1299999999999999, 0.0
118 -41.050000000000004, 1.2466666666666668, 0.0
119 -41.075, -0.1299999999999999, 0.0
120 -42.050000000000004, -1.42, 0.0
121 -44.5, 0.0, 0.0
122 -49.666666666666664, 1.3333333333333333, 0.0
123 -48.0, 0.0, 0.0
124 -50.333333333333336, -1.3333333333333333, 0.0
125 -50.0, 0.0, 0.0
126 -52.0, 0.0, 0.0
127 -47.0, 1.3333333333333333, 0.0
128 -46.0, 0.0, 0.0
129 -45.333333333333336, -1.3333333333333333, 0.0
130 -59.666666666666664, -1.3333333333333333, 0.0
131 -61.5, 0.0, 0.0
132 -59.666666666666664, 1.3333333333333333, 0.0
133 -59.5, 0.0, 0.0
134 -62.0, -1.3333333333333333, 0.0
135 -53.333333333333336, 1.3333333333333333, 0.0
136 -55.666666666666664, 1.3333333333333333, 0.0
137 -55.5, 0.0, 0.0
138 -53.5, 0.0, 0.0
139 -55.666666666666664, -1.3333333333333333, 0.0
140 -58.0, 0.0, 0.0
141 -34.47, -1.4966666666666668, 0.0
142 -32.419999999999995, 1.2566666666666666, 0.0
143 -33.129999999999995, -0.11500000000000021, 0.0
144 -31.63, -0.11500000000000021, 0.0
145 -26.959999999999997, 1.26, 0.0
146 -26.439999999999998, -0.10999999999999988, 0.0
147 -28.959999999999997, 1.26, 0.0
148 -29.439999999999998, -0.10999999999999988, 0.0
149 -24.959999999999997, 1.26, 0.0
150 -24.939999999999998, -0.10999999999999988, 0.0
151 -22.959999999999997, 1.26, 0.0
152 -30.38, -1.4833333333333334, 0.0
153 -8.16, -1.453333333333333, 0.0
154 -5.265000000000001, -0.19999999999999973, 0.0
155 -13.593333333333334, -1.4833333333333334, 0.0
156 -10.215, -0.1299999999999999, 0.0
157 36.60333333333333, 1.22, 0.0
158 39.72, -0.06499999999999995, 0.0
159 26.71666666666667, 1.2466666666666668, 0.0
160 24.89, -0.02499999999999991, 0.0
161 43.49333333333333, 1.2833333333333334, 0.0
162 45.519999999999996, -0.010000000000000009, 0.0
163 27.113333333333333, -1.3566666666666665, 0.0
164 20.669999999999998, -0.0349999999999997, 0.0
165 18.936666666666667, -1.38, 0.0
166 12.625, -0.06000000000000005, 0.0
167 7.066666666666666, -1.4066666666666665, 0.0
168 2.8649999999999998, -0.07499999999999973, 0.0
169 -0.2500000000000003, 1.1833333333333336, 0.0
170 -76.5, 9.5, 0.0
171 76.5, -9.5, 0.0
172 -58.0, 9.5, 0.0
173 -53.5, -9.5, 0.0
174 -51.0, 11.0, 0.0
175 -43.0, 9.5, 0.0
176 -34.5, 9.5, 0.0
177 -25.0, 9.5, 0.0
178 57.5, -9.5, 0.0
179 -16.5, 9.52, 0.0
180 42.0, -8.0, 0.0
181 50.0, -9.5, 0.0
182 -17.18, -0.2599999999999998, 0.0
183 -39.075, -0.1299999999999999, 0.0
184 -27.939999999999998, -0.10999999999999988, 0.0
185 35.185, -0.10499999999999998, 0.0

304
0 1 4.527692569068709
0 2 10.295630140987
0 170 6.363961030678928
1 2 14.577379737113251
1 170 4.0
2 170 16.507574019219177
3 170 4.859126579037751
4 5 4.693375946776241
4 1 8.181958472422385
5 1 5.5
6 5 6.726812023536855
7 8 4.527692569068709
7 9 10.295630140987
7 171 6.363961030678928
8 9 14.577379737113251
8 171 4.0
9 171 16.507574019219177
10 171 4.859126579037751
11 12 4.693375946776241
11 8 8.181958472422385
12 8 5.5
13 12 6.726812023536855
14 15 2.8382310609877313
14 172 1.9507833184532697
15 172 1.5
16 172 2.477678124553083
17 18 2.5927248643506755
17 19 4.02768199119819
17 15 1.8408935028645428
18 19 6.519202405202649
18 15 2.0
19 15 5.70087712549569
20 18 1.9002923751652296
21 22 4.099457958749612
21 173 2.8382310609877313
22 173 1.5
23 173 3.6590830666833565
24 25 3.804237403504444
24 26 5.934831271588283
24 22 2.2669117514559085
25 26 9.7082439194738
25 22 2.0
26 22 8.139410298049853
27 28 3.374742788552766
27 25 1.8633899812498247
28 25 2.5
29 30 2.5927248643506755
29 31 4.02768199119819
29 28 1.8408935028645428
30 31 6.519202405202649
30 28 2.0
31 28 5.70087712549569
32 30 1.9002923751652296
33 34 1.0671873729054737
33 35 3.435921354681384
33 174 2.4267032964268394
34 35 4.47213595499958
34 174 1.5
35 174 5.852349955359813
36 174 1.4907119849998591
37 34 1.9507833184532697
38 39 3.435921354681384
38 40 2.4267032964268394
38 175 1.0671873729054737
39 40 5.852349955359813
39 175 4.47213595499958
40 175 1.5
41 175 1.9507833184532706
42 40 1.4907119849998585
43 44 1.0671873729054737
43 46 3.2360813064912652
44 46 4.0
45 46 0.8333333333333315
45 39 1.4240006242195906
46 39 2.0
47 48 3.2360813064912652
47 44 1.0671873729054737
48 44 4.0
49 35 1.4240006242195906
49 50 1.2018504251546618
49 48 0.8333333333333315
35 50 2.5
35 48 2.0
50 48 1.5
51 52 3.2360813064912644
51 176 2.1730674684008813
52 176 1.5
53 176 2.838231060987732
54 55 2.8382310609877313
54 56 4.633812924819282
54 52 1.9507833184532697
55 56 7.433034373659253
55 52 1.5
56 52 6.519202405202649
57 55 2.1730674684008813
58 59 2.3687784005919825
58 60 3.9616214413349047
58 177 1.833333333333333
59 60 6.264982043070834
59 177 1.5
60 177 5.70087712549569
61 177 2.1000423276157494
62 59 1.9002923751652296
63 64 3.100179206289712
63 178 1.9002923751652296
64 178 2.0
65 178 2.5927248643506764
66 67 2.4776781245530826
66 68 4.099457958749616
66 64 1.8408935028645428
67 68 6.519202405202649
67 64 1.5
68 64 5.852349955359813
69 67 1.9507833184532697
70 71 2.971539069984517
70 179 2.0199119892818214
71 179 1.5
72 179 2.5880151124408495
73 74 2.8425418984501265
73 75 4.111387978665004
73 71 1.8699494942674546
74 75 6.816920125687259
74 71 2.5
75 71 5.7201748225032425
76 74 1.906724940834414
77 78 1.0671873729054737
77 79 3.435921354681384
77 180 2.4267032964268394
78 79 4.47213595499958
78 180 1.5
79 180 5.852349955359813
80 180 1.4907119849998585
81 78 1.9507833184532706
82 83 3.435921354681384
82 84 2.4267032964268394
82 181 1.0671873729054737
83 84 5.852349955359813
83 181 4.47213595499958
84 181 1.5
85 181 1.9507833184532697
86 84 1.4907119849998591
87 88 1.0671873729054737
87 90 3.2360813064912652
88 90 4.0
89 90 0.8333333333333315
89 83 1.4240006242195906
89 99 1.2018504251546618
90 83 2.0
90 99 1.5
83 99 2.5
91 92 3.2360813064912652
91 88 1.0671873729054737
92 88 4.0
93 79 1.4240006242195906
93 92 0.8333333333333315
79 92 2.0
94 95 1.559629585653095
94 97 5.330316855288982
95 97 5.9800083611981725
96 97 2.837653569021029
96 162 1.4232396534354683
97 162 2.0
98 99 6.26276474268531
98 100 4.058598553961976
98 95 2.266911751455909
99 100 10.307764064044152
99 95 8.5
100 95 2.0
101 102 3.4359213546813816
101 100 1.7716909687891067
102 100 2.0
103 104 2.8333333333333335
103 102 1.4240006242195884
104 102 2.0
105 68 3.236081306491268
105 106 2.1343747458109474
105 104 1.3437096247164246
68 106 5.315072906367325
68 104 4.47213595499958
106 104 1.5
107 9 1.8856180831641283
107 106 1.4907119849998587
9 106 2.0
108 109 5.000409427681342
108 182 1.6830461801282959
109 182 3.765029880359516
110 111 2.9204280508172102
110 75 3.3414966706552303
110 113 0.42296571965113366
111 75 6.261796866714857
111 113 2.5
75 113 3.762990831771983
112 113 5.718823694121408
112 114 5.794227970815246
112 182 1.5441646429200622
113 114 11.409276927132584
113 182 6.050264457029956
114 182 6.261796866714855
115 111 0.25822040542485797
116 117 2.27272535858505
116 183 2.1810426915175762
117 183 3.5
118 119 1.3768936455337104
118 183 2.40745428017047
119 183 2.0
120 121 2.831766233289743
120 119 1.617011131687102
121 119 3.427466265333618
122 123 2.1343747458109474
122 125 1.374368541872554
123 125 2.0
124 125 1.374368541872554
124 126 2.1343747458109474
124 31 2.981423969999721
125 126 2.0
125 31 4.123105625617661
126 31 5.0
127 128 1.6666666666666667
127 50 2.666666666666667
127 123 1.6666666666666667
128 50 4.123105625617661
128 123 2.0
50 123 4.123105625617661
129 121 1.5723301886761019
129 128 1.4907119849998587
121 128 1.5
130 131 2.266911751455909
130 26 3.1446603773522
130 133 1.3437096247164246
131 26 5.315072906367325
131 133 2.0
26 133 4.272001872658765
132 133 1.3437096247164246
132 140 2.1343747458109474
133 140 1.5
134 2 1.6666666666666667
134 131 1.4240006242195884
2 131 1.5
135 126 1.8856180831641283
135 138 1.3437096247164246
126 138 1.5
136 137 1.3437096247164246
136 138 2.5440562537456226
136 19 3.5433819375782183
137 138 2.0
137 19 4.716990566028302
138 19 6.020797289396148
139 140 2.687419249432852
139 137 1.3437096247164246
140 137 2.5
141 117 1.75749901216979
141 143 1.9247344694211164
117 143 2.4450460118370034
142 143 1.5445288745907102
142 144 1.5828990632521198
142 56 2.744499549604222
143 144 1.4999999999999964
143 56 4.1629466727307465
144 56 4.2059630288436916
145 146 1.4653668482670132
145 184 1.6844286865284623
146 184 1.5
147 148 1.4516542288024379
147 184 1.7080105386091735
148 184 1.5
149 150 1.3701459776242821
149 60 3.1047061052537637
149 146 2.0167548190099858
150 60 4.354962686407312
150 146 1.5
60 146 5.053286059585385
151 114 1.4516542288024379
151 150 2.407758293517022
114 150 1.5
152 144 1.8533310851305307
152 148 1.6642248779670514
144 148 2.1900057077551205
153 154 3.154658372065736
153 156 2.444225053286033
154 156 4.950494924752473
155 156 3.6393196097927736
155 109 1.2511083974709074
156 109 3.202065739487559
157 158 3.371177258927675
157 185 1.9409519428477444
158 185 4.535176402302337
159 160 2.2257239770964925
159 185 8.575527518597456
160 185 10.29531082580803
161 162 2.4041815424149813
161 158 4.006999778165981
162 158 5.800260769999912
163 164 6.5774879112182525
163 160 2.591630224824178
164 160 4.220011848324601
165 166 6.44821960785387
165 164 2.193962042617063
166 164 8.045038843908708
167 168 4.407645503995175
167 166 5.719141592543024
168 166 9.760011526632537
169 154 5.202291428890842
169 168 3.3595576759117827
154 168 8.130960890325326

