161
0 0.8944763387762737494313114,0.7805562686692333329574467,1.4597760663882433096461000,1.5629698227100707885739439,2.3818255854285497186140219,1.9666415564560524309456468,-1.4958229145345558475099779,1.0000000000000000000000000,0.6427111764870170329544408,0.3577202521067672225107970,0.9593162654174101078297099,0.0000000000000000000000000,0.0000000000000000000000000,0.0000000000000000000000000,1.0000000000000000000000000
1 1.2702115490063152769550925,-0.2520149225233287992864462,-0.4946988154263985415504123,1.5300581489673430457543191,2.0874720617539370692838929,1.8543342348906834970989621,0.4853944156734995574176139,1.0000000000000000000000000,0.6427111764870170329544408,0.3577202521067672225107970,0.9593162654174101078297099,0.0000000000000000000000000,0.0000000000000000000000000,0.0000000000000000000000000,1.0000000000000000000000000
2 -0.1720508643152962868771993,-0.0222045807135397427201084,0.7865923299726982342860993,1.1821400804593384936680422,0.2537937208032587377282141,1.7025931406312588833884547,0.8551924615661415929324107,1.0000000000000000000000000,0.2629959450629520967268604,0.4459940711250500178230993,0.9565882385622654915380281,0.0000000000000000000000000,0.0000000000000000000000000,0.0000000000000000000000000,1.0000000000000000000000000
3 -0.6556887790984717856446196,0.9712258158472162339336364,0.5326262957679337439742540,2.2201654487913637936458144,1.8443375724122410552752171,1.6279059309176662218021647,-1.6942618262009301322024157,1.0000000000000000000000000,0.2629959450629520967268604,0.4459940711250500178230993,0.9565882385622654915380281,0.0000000000000000000000000,0.0000000000000000000000000,0.0000000000000000000000000,1.0000000000000000000000000
4 1.0900119952433025005689160,0.0134103306112707057473621,-0.7216951624631551265309781,0.9048295382504522033073613,1.7294388036645047534989317,-0.8197201205509342392119265,2.5551114289305862925516521,1.0000000000000000000000000,-0.0457197333666122252004982,0.0369089151438832252516420,0.9559152630231879665956285,0.0000000000000000000000000,0.0000000000000000000000000,0.0000000000000000000000000,1.0000000000000000000000000
5 1.2756648151442464556026835,0.2890482767572060129879219,-1.2469109149444050910204851,0.9786766036126095524849688,2.2942108423935323457953928,-0.5360556973777971245809226,2.5541622049030596741658883,1.0000000000000000000000000,-0.0457197333666122252004982,0.0369089151438832252516420,0.9559152630231879665956285,0.0000000000000000000000000,0.0000000000000000000000000,0.0000000000000000000000000,1.0000000000000000000000000
6 -0.4362766536276675988226259,0.3793561310551002430102585,1.1225614692163361496568541,1.7182674985799013533949164,2.2485129574796078877341188,0.7441538526882203186119114,-1.0421149486787597560066843,1.0000000000000000000000000,0.1023811816016124698336398,0.1293634248102844552796853,0.9550791484746519177662094,0.0000000000000000000000000,0.0000000000000000000000000,0.0000000000000000000000000,1.0000000000000000000000000
7 -0.1432797358963917855323444,0.6284812708162094141428611,1.3209555686560199294632412,1.6290338435002580386168347,2.4392514631878841058210128,1.3614647664881611710541165,-1.4058516131712157637423388,1.0000000000000000000000000,0.1023811816016124698336398,0.1293634248102844552796853,0.9550791484746519177662094,0.0000000000000000000000000,0.0000000000000000000000000,0.0000000000000000000000000,1.0000000000000000000000000
8 0.0655407176493123660998563,0.2471528337959536802959093,2.0352048011881938016642835,1.8637839182050797148804122,-3.0108172931645666992039878,1.1289025513124197885872491,-2.1481698943071854124298170,1.0000000000000000000000000,0.2746370658393190722357247,0.0676490052918200523990322,1.3653137308151059858829512,0.0000000000000000000000000,0.0000000000000000000000000,0.0000000000000000000000000,1.0000000000000000000000000
9 0.5866397342421245664212393,-0.8129187055737641109942615,-0.2729768555385811978908350,1.0884014552348679760740424,1.7855042466000037304496573,1.4555641638373790769378502,1.3034773591171453510639822,1.0000000000000000000000000,0.2746370658393190722357247,0.0676490052918200523990322,1.3653137308151059858829512,0.0000000000000000000000000,0.0000000000000000000000000,0.0000000000000000000000000,1.0000000000000000000000000
10 1.0197743631880564763037000,0.8292198459253431463977790,2.6851940428061933374692671,1.9378881613647953585655159,2.3521445365588742326679039,1.4138048137136758342080611,-2.5781875725328702309013806,1.0000000000000000000000000,0.4505816242660309889345172,0.1578231352650668051218474,1.3315600888717733507604635,0.0000000000000000000000000,0.0000000000000000000000000,0.0000000000000000000000000,1.0000000000000000000000000
11 0.6441046425770701189250644,0.3221568867216217935123268,2.0044802675090314103556466,1.7613723625839099451440006,2.7330062684976250686474941,1.8160305152721845090013630,-2.0683944219597334424065593,1.0000000000000000000000000,0.4505816242660309889345172,0.1578231352650668051218474,1.3315600888717733507604635,0.0000000000000000000000000,0.0000000000000000000000000,0.0000000000000000000000000,1.0000000000000000000000000
12 1.1769933870108453266567494,-0.9326544953032396279013483,0.6404892483221112930991126,1.9641727594234590359434378,0.6838366330981753282713953,-1.3060356207685710483445973,2.4460217331772011739587924,1.0000000000000000000000000,0.7154498016300843143966404,0.2833343971443056941161842,1.2287210700468722546219169,0.0000000000000000000000000,0.0000000000000000000000000,0.0000000000000000000000000,1.0000000000000000000000000
13 1.3178185496119025899020016,-0.8182166731281345084525469,0.6601204973325367486580717,1.7734610021802355017683794,-2.2111002825059338228186334,1.5451203456824273985148466,-0.8416536999588194456478618,1.0000000000000000000000000,0.7154498016300843143966404,0.2833343971443056941161842,1.2287210700468722546219169,0.0000000000000000000000000,0.0000000000000000000000000,0.0000000000000000000000000,1.0000000000000000000000000
14 0.6192590869813792142650755,-0.5297036608531286994150378,1.5709053174655498441580903,1.3587228607241543798522798,0.6102302820847741449128421,-0.8522119835727903769395652,1.4152117793882277307915274,1.0000000000000000000000000,0.7115415825795110560392231,0.1164405724575932193909367,1.4741010070424998001925587,0.0000000000000000000000000,0.0000000000000000000000000,0.0000000000000000000000000,1.0000000000000000000000000
15 0.8768563686369512666374249,-0.7074640172547241867562207,1.2486533710632139460017243,1.2036974423708661774412576,0.7624272791975761354166252,-1.0875275812985039092239958,1.5500120552747556068595713,1.0000000000000000000000000,0.7115415825795110560392231,0.1164405724575932193909367,1.4741010070424998001925587,0.0000000000000000000000000,0.0000000000000000000000000,0.0000000000000000000000000,1.0000000000000000000000000
16 0.1267838367452215064812293,-0.3177589600786399626208834,1.5729504585788167680959759,1.5210726130890481755386645,0.2764367727203818070336183,0.7288995060272980275328791,1.6051367641599132429774954,1.0000000000000000000000000,0.6566978725170240505093489,0.3340290542617575519912521,1.3649116490571346904658867,0.0000000000000000000000000,0.0000000000000000000000000,0.0000000000000000000000000,1.0000000000000000000000000
17 0.9137181561292467835144748,0.8753367485341475573434877,2.9373622208821079659912812,2.1324522742563090105250012,0.8534859682429545291171280,-1.2653443549132648016097846,-0.1666779304405762995866525,1.0000000000000000000000000,0.6566978725170240505093489,0.3340290542617575519912521,1.3649116490571346904658867,0.0000000000000000000000000,0.0000000000000000000000000,0.0000000000000000000000000,1.0000000000000000000000000
18 1.0637526076794143747861199,0.3365178234675736401726454,2.3759053122692526116566114,0.9791990161719810181750745,2.7699820382864892565066839,0.7890585720488143550710447,-2.1470356323262569375742714,1.0000000000000000000000000,0.7563402901479696627262683,0.0029318728265035343127920,1.3149664876120938927783754,0.0000000000000000000000000,0.0000000000000000000000000,0.0000000000000000000000000,1.0000000000000000000000000
19 1.3571123478621569535818026,-0.5595791262282574507480604,0.2515569612879350325229666,0.7662703402368186145210416,1.1129818578445573873381136,-0.6952924764227552678619304,1.8609592598660966711321407,1.0000000000000000000000000,0.7563402901479696627262683,0.0029318728265035343127920,1.3149664876120938927783754,0.0000000000000000000000000,0.0000000000000000000000000,0.0000000000000000000000000,1.0000000000000000000000000
20 1.0360883329880032910352838,-0.0257274916603476774823456,2.0863163944197244958900228,0.1973836502569786821581488,2.2537154188304127089281792,-0.3236989820486395608156727,-1.1834875291825106558007974,1.0000000000000000000000000,0.7629430469232346689878455,-0.0611575094569276611622399,1.3393463935420597543668464,0.0000000000000000000000000,0.0000000000000000000000000,0.0000000000000000000000000,1.0000000000000000000000000
21 1.2164513620688659489843531,-0.4839026892353653908074307,0.0041299682866428851293894,0.5357585021470928632325581,1.8702439450482035709910633,0.1687808156333774345370102,1.2473224102108688704504402,1.0000000000000000000000000,0.7629430469232346689878455,-0.0611575094569276611622399,1.3393463935420597543668464,0.0000000000000000000000000,0.0000000000000000000000000,0.0000000000000000000000000,1.0000000000000000000000000
22 0.9748195175450558025431747,-0.5011609604706604992330199,0.6731741731853593257994817,0.6045717274226157789129843,0.8706498093505985469420239,0.0555949718950292659513934,1.6764297740803393299557911,1.0000000000000000000000000,0.7479102724454879114190931,-0.0514523535973636231277695,1.3757327227740234754094217,0.0000000000000000000000000,0.0000000000000000000000000,0.0000000000000000000000000,1.0000000000000000000000000
23 1.2088025160294206816757878,-0.5538221204876325742816334,-0.1206765818848430787957327,0.5695399576706975386386489,1.7017529372443942481396562,0.3298127669048556143138740,1.5240042908010609234992216,1.0000000000000000000000000,0.7479102724454879114190931,-0.0514523535973636231277695,1.3757327227740234754094217,0.0000000000000000000000000,0.0000000000000000000000000,0.0000000000000000000000000,1.0000000000000000000000000
24 1.1602954942239958047167647,-0.3813225709872534174849079,-0.0007429229350111097966713,0.3415771346864313606772612,1.4743160412822475802130384,0.4303686907190684696189464,1.6601297898489753013251402,1.0000000000000000000000000,0.7773232053021542631299212,-0.0440731356172231747425627,1.3320242033256330937973644,0.0000000000000000000000000,0.0000000000000000000000000,0.0000000000000000000000000,1.0000000000000000000000000
25 1.0968708742338000305949208,-0.4475305182346054899689136,0.2831898417880770457699668,0.5020432175990383605324041,1.4269807276698440734463702,0.2955369284821380837513516,1.4380069755315105783921581,1.0000000000000000000000000,0.7773232053021542631299212,-0.0440731356172231747425627,1.3320242033256330937973644,0.0000000000000000000000000,0.0000000000000000000000000,0.0000000000000000000000000,1.0000000000000000000000000
26 0.8243919151537150158404188,0.0961940437793388780640669,2.2621463209250718406906344,0.7900924777003478505221779,0.9727037839248943162928640,-0.3955745237858847573875209,-0.0096967422002518822987671,1.0000000000000000000000000,0.7227142407944026070154564,-0.0274282597738449776536562,1.4080949524688044505182916,0.0000000000000000000000000,0.0000000000000000000000000,0.0000000000000000000000000,1.0000000000000000000000000
27 0.8213744772676656591414712,-0.0519925086177427109301874,0.7221490436803558177203399,1.2504359938102242999491409,2.8312411226118530116480088,0.9749421288608304259071247,-0.5881857573522472071303469,1.0000000000000000000000000,0.6775050253735412919553482,0.0692653077977082309857337,0.9599114239564684458727584,0.0000000000000000000000000,0.0000000000000000000000000,0.0000000000000000000000000,1.0000000000000000000000000
28 0.5972783196046623777064610,0.0770560538450979215507886,0.9224280008222205395895799,1.0298268677744806254281684,-1.4231184822607703122088196,-0.5892786868332320349139763,-3.0320530352258678874477482,1.0000000000000000000000000,0.6775050253735412919553482,0.0692653077977082309857337,0.9599114239564684458727584,0.0000000000000000000000000,0.0000000000000000000000000,0.0000000000000000000000000,1.0000000000000000000000000
29 0.0333582016630770833431896,-0.3313739532175257740398422,0.3920085256469552636993114,1.9049277183418773518042144,1.2317709722877889788605899,1.2160932448301897679243666,0.1281795324168735761283244,1.0000000000000000000000000,0.3918729134098966060406610,0.4122501121192472806065155,0.9554181598687628840238517,0.0000000000000000000000000,0.0000000000000000000000000,0.0000000000000000000000000,1.0000000000000000000000000
30 0.0887717741325684817077502,-0.3287330165019629601985685,0.3046545781408339648166361,2.1762993365512586230181569,1.6777058344208253259921548,1.2945522217985949708918270,-0.2957643602464560261822157,1.0000000000000000000000000,0.3918729134098966060406610,0.4122501121192472806065155,0.9554181598687628840238517,0.0000000000000000000000000,0.0000000000000000000000000,0.0000000000000000000000000,1.0000000000000000000000000
31 0.0163434191905714627790491,0.4967897119499655178564979,1.3231001405701250384083778,1.4195107464512095596376184,1.5942587722414598427889132,0.3245451836029744629996685,-0.4924177959000472504236257,1.0000000000000000000000000,0.4698845384269415004219184,0.0894936074453842045350882,0.9574340037174681183884672,0.0000000000000000000000000,0.0000000000000000000000000,0.0000000000000000000000000,1.0000000000000000000000000
32 0.8052720458749923482244526,1.0015083231820272047229992,2.1751529582565574116870266,1.2045785812686711224728242,2.0122704140539000583487450,1.2683846062367711837737261,-1.5604642134757129579014645,1.0000000000000000000000000,0.4698845384269415004219184,0.0894936074453842045350882,0.9574340037174681183884672,0.0000000000000000000000000,0.0000000000000000000000000,0.0000000000000000000000000,1.0000000000000000000000000
33 0.2737015585499976144667755,-0.0772448641645777367426007,0.7550253307774943412056246,1.7487317477678723243172954,1.3056460698551586308013839,0.8125692574831515635480628,0.1179485817075959230848525,1.0000000000000000000000000,0.6414395744872463112074001,0.3824355664348395578144846,0.9577173896705346578528406,0.0000000000000000000000000,0.0000000000000000000000000,0.0000000000000000000000000,1.0000000000000000000000000
34 1.0178711014667738421479726,0.9742610018194465260066295,1.7033771936200552410412001,1.4825814652625315392953098,2.1477239246795236660148021,1.9682757959087733290459710,-1.5876737479040345935032974,1.0000000000000000000000000,0.6414395744872463112074001,0.3824355664348395578144846,0.9577173896705346578528406,0.0000000000000000000000000,0.0000000000000000000000000,0.0000000000000000000000000,1.0000000000000000000000000
35 0.6153913683031949632962210,0.0060703775827576356149962,0.5409646859052369416431816,0.7707344583792414827172479,0.7030112652038721376968056,1.7622048676769273001241345,0.9075216850171430316152055,1.0000000000000000000000000,0.5801859769645081321698399,0.3921433582399708184240694,0.9555935771021030200600421,0.0000000000000000000000000,0.0000000000000000000000000,0.0000000000000000000000000,1.0000000000000000000000000
36 0.5846492082959692249133354,0.0321889738955728407776569,0.6229242484312591532358283,0.7640116638622519440460223,0.6200960146433671660304299,1.7462266812781925828801377,0.9314755240243512979247953,1.0000000000000000000000000,0.5801859769645081321698399,0.3921433582399708184240694,0.9555935771021030200600421,0.0000000000000000000000000,0.0000000000000000000000000,0.0000000000000000000000000,1.0000000000000000000000000
37 0.9559228827029502273404660,0.0309974069976173167983990,0.7131298072174835356307199,0.8441767688556980342440283,-0.6504173900725284118706782,-0.6438220574724590195003771,2.8931715408913936116164223,1.0000000000000000000000000,0.7764617551753585367180222,0.0530115419174598256901731,0.9576780359552604648953888,0.0000000000000000000000000,0.0000000000000000000000000,0.0000000000000000000000000,1.0000000000000000000000000
38 1.3075752032097778254637888,0.2437402087394590910474079,-0.4377624409489944135032147,0.1378574579076691231094287,0.2813849273982507170899225,-0.3734191008254044152891993,-2.9943348849816109336074987,1.0000000000000000000000000,0.7353375230428471631682896,-0.0285838440240285610038917,0.9550476245768589889095779,0.0000000000000000000000000,0.0000000000000000000000000,0.0000000000000000000000000,1.0000000000000000000000000
39 1.2270900485957141334836251,0.2751780081179087678044937,0.4521375540003382265119569,0.1166161045040820243290369,2.7605482497069449010496101,0.3821014097808401732692118,-0.0984922237657597232640683,1.0000000000000000000000000,0.7541620359076941504383740,-0.0202124985634407478007901,0.9599477372946905173733967,0.0000000000000000000000000,0.0000000000000000000000000,0.0000000000000000000000000,1.0000000000000000000000000
40 1.1822894730545221442241655,0.1851626361923594532576942,0.3087522934450930844896277,0.2859196625182165996115202,2.6783599289900577034018170,0.4592167578913348702229769,0.0951473287242368959137906,1.0000000000000000000000000,0.7541620359076941504383740,-0.0202124985634407478007901,0.9599477372946905173733967,0.0000000000000000000000000,0.0000000000000000000000000,0.0000000000000000000000000,1.0000000000000000000000000
41 0.6010885224126250037102182,0.6913141029292320105525960,-0.8450574870507825409049474,0.8714760539277809359148819,1.9308810765658881436479533,1.7269536015279167706637509,1.2283373568874491610358746,1.0000000000000000000000000,0.2152905045088771840422481,0.6109337212104436476423075,0.4440839418609347499788953,0.8100442743356823793732246,-0.1245713848398327938671315,-0.1954931993231177056458137,-0.5386004516345859194359491
42 0.4304982810377886437436246,-0.6987406580195483218886920,1.9464146567859899050745298,-0.0195074784427450437229723,-2.5274361189605838440286334,-0.5439892655188833803237003,-3.0249844843055981868928939,1.0000000000000000000000000,0.0962011691495538168172885,0.1721052228750310497673581,1.9419972791949868806682389,0.4591641929051577530884742,-0.6580545746133104056951879,0.1205478720019161620324866,0.5844642511697040188067831
43 -0.5792945773699336164952456,0.2089033491769356487566256,2.3840381962347541033864218,0.2746780701562194226816871,-1.2145993039280171821303611,1.4569429566087910288274543,-0.5262933626730430525242355,1.0000000000000000000000000,-0.4370910009550940111822115,0.3521047637379278727465248,1.0044699176561344700076006,0.4838049150014072097292228,-0.1564765560616850903485897,-0.5894994742808192800254119,0.6276433679092526807252739
44 0.0700280399480550652668853,-1.1142639332540629215628769,-1.1435029480793394984772249,0.4305901194794988784408929,-0.2106488581428531681183358,1.4276762880480240447411688,-1.8654681303838587247412306,1.0000000000000000000000000,-0.4814422498765719149460551,0.9085814286912317072619771,1.6397520044127720240112467,0.3549385458210446153692885,0.8575262502822875720909224,-0.3695782980639003567624457,0.0455747699382305082593803
45 1.3218782714483197082699917,-0.8551692849882734925870409,1.1165393414698332463785846,1.6313123475468307432834081,-0.7002559619803241375279867,1.3578341856284699140644534,2.4138733826190579279113990,1.0000000000000000000000000,0.7645890012907476940284823,0.7417965317665473623520711,0.9734686658206588294461881,0.5869507175557091560591516,0.3284270974198663650689411,-0.6663638429592178002991432,0.3218408212891732955718282
46 -1.6511744020083354289596400,-0.8237867905482587627119528,1.9495713247661488054518486,1.8093886249882114025666624,-2.0027502840681705720271566,0.8677941714410737361617976,0.2350229078950465400055236,1.0000000000000000000000000,-0.4830262917735714811584558,0.6835591306997400584677393,1.4223183646992227924243934,0.0118466652384996429248076,-0.5336463900931477377653778,0.8286086129697561863949318,-0.1687800504865050177372154
47 -0.6028155929192759998613838,-0.2865812354998573674436102,0.7557516696874624351210059,2.4362770351182096995046322,-1.5865312444351293841293682,-1.2878350070538440164114036,1.0979069766490292536786910,1.0000000000000000000000000,0.2343072078926843604396169,0.4496923805878209057240724,1.1161360650367033731100719,0.5074530272282660181559777,-0.4612304293339848371147127,-0.1930559445967376108743707,0.7017728911952376691374411
48 0.7330583335764129238043552,-0.2227921256673481842369711,-1.3105168481200830665756030,1.6723188159681474651563349,1.2528140844124431296791045,-1.0021378717085678289322459,2.4811119937878629571059719,1.0000000000000000000000000,-0.4576648259970359511328297,0.5351641288770865312329761,1.3294873691679844895929818,-0.1206744388481676560909150,-0.8636460291454196580573921,-0.3668020052430331912063366,0.3240483209565282463060498
49 0.6865201430387797287835383,0.3453695621035852703073488,2.9494356711007485571940379,2.0810847762222794976594287,1.3204468573208183457268206,1.9174877571406239162854490,0.0189656837479978968019623,1.0000000000000000000000000,-0.0525466243170996868960820,0.6255049385326257871398070,1.4054262465552969096904690,0.0953001990791558784010817,-0.1145008571228091631688528,-0.9817626734136343236158950,-0.1180983023422057798246243
50 -0.3253323493626987250593174,0.7061871177149878775480829,0.7590267027969388458075173,2.4660839208010973955254030,-3.0075039958956204522166900,0.1396062792402403829328250,-2.9351103599807761845852383,1.0000000000000000000000000,0.6797408631842591919536289,0.7358725229878807505556892,0.9661401901443651407674906,0.9941413155863285666669071,-0.0269486124823987496790245,0.0214016402678489647826154,0.1024530171314478044219953
51 -0.8266689804516008654999837,-1.7799158906288983228449752,0.7107158954797303529460351,-0.0044375604514207550588267,-2.9399386454275524549473175,-1.2843537977667600635811596,0.8841294377972976903379276,1.0000000000000000000000000,0.0845022115899298764674086,0.6457979906461095431779995,2.0334698964632647033567991,0.4740204927822500580170129,-0.7904357908301353763391717,0.3877359477180093993986532,0.0132103250155448659342028
52 1.3293604697098544420441613,-1.0156588264576431601682316,-1.9657984834133093166030903,1.6960860577812815197518148,-0.4531788570574386554312696,0.4610447703578102185417720,-2.0888353846230707233644353,1.0000000000000000000000000,-0.3843156901705200856333988,0.7262267149074498329142102,1.4615064389352296903012984,0.1224551675722450050365353,0.9878996692453623218455050,-0.0421331411163657909568769,0.0853320589503050452861999
53 -0.7117198304923225693485733,0.3272750343076302748102080,1.6399274950971998165982768,1.8700005614571275636137671,3.0347765952152094826033135,0.0964139168411424218874117,2.6747884006964923742089013,1.0000000000000000000000000,0.0193393388588232531533073,0.1648683708629288535707502,1.1541857031531588262396326,0.4493109281655521813902965,-0.4200946870173812297544202,-0.4536778129745749899015550,0.6448367342961430770387210
54 -1.0955181710215353696469265,-0.7348464681905908513215309,2.0031157947694389065418363,0.0118904232298444947901750,2.3076491170956980880646370,1.8530213878564194551756827,2.1782375034341763253564750,1.0000000000000000000000000,-0.1225517582796792348531767,1.2880036642635683818980397,1.7240715265626120888953210,0.6191290079567134396754113,0.2122823989527225230222740,0.3242193421421348809019491,0.6830044355993271087967855
55 0.2968940919067304395895235,-0.0118522613201532678317562,-1.4514641286747007598023629,2.1714204095627276380753301,1.7308884183018875546622439,0.2326371265226434559281188,1.0150419713873608529297599,1.0000000000000000000000000,-0.3468046971187850879836390,1.1851045883167412586800538,1.0054904918431228910691289,0.1421832057498693124841793,0.5177530115193463844391886,0.6764186184736490359270533,0.5041542800162696069676826
56 -1.1034438300558258028161163,-1.1811109491726896614238740,0.3677203091292295944469970,0.6790790659324632549953549,1.9304746530928991177233911,1.2999974552255491033747603,0.9266054526872959939964858,1.0000000000000000000000000,-0.3694893612240450209149856,0.7209793389419814069185577,1.8465262854151323068663260,0.4604075024892390066710846,-0.6979774452393651129611385,-0.1927987648112476082307154,0.5134967205771804321656759
57 -1.4804995918452621417316095,-1.2938195213493048907338334,-0.1122517608228554841787172,1.6630616849554058500615383,-0.6747708094426294600509664,1.3991417361768423432977215,-1.0172383145011210103803023,1.0000000000000000000000000,0.0082341546940012284860888,1.4649031277166686404456186,1.1143349393763324339801102,0.8800647373124956818202236,0.2252660795407891436425984,-0.4163683618167042244095910,0.0370999963694214757170542
58 -0.9996712801830928141200161,0.3063758675909493689459850,1.8076587595580502210168561,0.5583978180104854915910551,0.5322919171877633637279814,1.2884709234263840293976955,1.7743008290675010840686809,1.0000000000000000000000000,-0.5926765404060445607825613,0.6009778873191354842120404,1.2526264416681220925653406,0.6397533189511745987942959,-0.5991260409216284665845365,0.4760843584534675265729220,0.0714503564531207002730184
59 -0.6060076423225877473299761,0.4688833913960883670313251,2.5610727271858744202859270,0.5577547661009032431422838,0.2209493637671458010629522,0.1837035503118569224056955,-1.5094839017821866100632633,1.0000000000000000000000000,-0.7804282909482260777167539,0.4852986345922095656746365,1.1176135342320017151962475,0.0959631261270046387323873,-0.6134850348774790740336016,-0.7412852862145901111645685,0.2547961520324349971033939
60 -1.6173551166469981588136307,-0.7865951102709372033672253,0.1453110279486766742707005,0.8028866559569195482382042,1.4584749454667216284065034,-1.0787573101190615076916401,0.1449734185607978176335564,1.0000000000000000000000000,-0.2344736034447380268463945,1.7636124133444186501407103,1.3804164959038516258260643,0.5903766545963735623558932,0.4591646644225046425269454,0.4152422466837913384019032,0.5178754176859931002141479
61 0.5751301437983737940840001,0.0790421777600620600878756,0.3287146996680365695908677,2.4854150554833069897142650,1.7400929061496137606468437,1.2808163522389581778782031,1.1357456090882172006217843,1.0000000000000000000000000,0.6484058880383947176540005,0.7724320162150918323007431,0.9032109393683900311344814,-0.4802025804237127770690563,0.0018350717568397234558120,-0.0470430802245140056161432,0.8758920564057827151671631
62 1.1492045319664399016801326,0.0255383007007368156848770,-2.9715241578573179381805858,1.0847581881781844792556058,-0.7272148529413224871120747,1.1385451961831685174786344,-1.7090984661914867537291229,1.0000000000000000000000000,0.4903535122459103390291091,0.5084475373833940992085445,1.8187583165315970301634252,-0.3278883266187608280795018,-0.5840677630328983127583342,0.0947904861930906755818071,0.7364554365668445345960436
63 -1.6082006237685435579010118,-0.1218034646486878536109089,1.1803050484227242122869939,0.1632555372869854415363022,-0.6241479438883943409166477,1.6486338399692108680483216,0.1292878382430822092885592,1.0000000000000000000000000,-0.4956160187677028927666356,1.3003292078325165981311784,0.9153708530566205814338332,0.5923882740382254707967036,-0.4344035262789130436011931,-0.6743056201680600603154403,-0.0753624647567868177766570
64 -1.3268372478189729424258303,-1.8072934221403174070985642,0.3317219755121585400559070,0.5496331209296513309325860,-0.7707958482968604307927762,-1.5113870463331875448886876,-0.2758218002658439083063513,1.0000000000000000000000000,0.2073572383672699359635772,0.6622744985302135845017801,1.9685560143790423737186757,0.8606021660352944913086048,-0.4955716224882602549683952,0.1081131640459299103618207,0.0456295607807636061092893
65 1.2773878145440571429958254,0.0721132019474701735362032,-2.4850637599683511602677299,2.3751725926590951942785068,-1.1333323922624496393751770,-1.2859729776960286962150803,-1.7201011440824258702519955,1.0000000000000000000000000,-0.1255304841802838133890674,0.5091397372426749168283777,1.3717418465993214127252031,0.2835624665209204309235247,-0.8539853288633822980813193,-0.4336837168534845021738988,0.0470934877996444511971674
66 -0.1345479079952096590488964,-1.9724898072478778132676780,-1.3314281774096885513358757,0.2395988433685148355500871,-1.0966526588684195608891514,1.5152056206490143175358298,0.6756311962458450004476163,1.0000000000000000000000000,0.3280603022262312262746775,1.4750000092808353002737931,1.7462252566983875734507592,0.1620546852995753406290191,0.3483010027155876708881976,0.5533925039804578061009011,0.7390393674323558759198249
67 0.3717562241731640071407128,-0.9834629512282380137122573,0.5779011551972437210622502,1.4991177924839393931222276,0.7905205330585687306665932,-0.9468589923673395025716104,-0.5006679665593747330376573,1.0000000000000000000000000,0.0396435187469175581709280,0.0238495384855348657726637,1.3069742486593141084227909,0.0821647689306735928838066,-0.2276115806793272688945962,-0.8551296145362854428384480,0.4584681806177794971546291
68 -0.7923341459311926682218541,0.0010876109600475025729338,-0.8998501370119389441981639,1.5101656664312654854143148,-1.6823222505577477559057797,1.8226055242763070651790258,-0.8145401947840769096842450,1.0000000000000000000000000,-0.2475062333661535718398738,1.4203608906284350688054019,1.2035498211826001213609061,0.6544789769131019729897503,0.4300985360241830757210835,0.6055278214024230054590703,-0.1414439613803923356805115
69 0.2569260540455433616813252,-1.2139723133132660493060939,0.8669704641451234650162405,2.4782758679502996379540036,1.9044514001959242932571215,-0.4939505609203573843757340,-0.0832576385579342215237375,1.0000000000000000000000000,0.2681094694555512525369068,0.4928346380160602557829463,0.8571585888386262785942904,0.6629795153487771930400640,-0.1238078085947558193424811,-0.7351088883913905469569272,0.0688665072470381889324642
70 -0.0160235040327507682889063,-0.9644365224025379657035728,1.2992561410235801133694622,0.9395564681652729399630175,1.1409575922069876696696156,1.6167331926893551141688476,-1.6968907852516932344144607,1.0000000000000000000000000,0.4507777474975473985807639,0.4341779673667022221295042,1.6539014112916652354812186,-0.2334266223593205180630861,-0.1256589198439121979333777,0.1214698490995913815471141,0.9565378545942306853788750
71 -1.6976622018336489094991748,0.5391929721134682829131179,2.3949251797926800477966935,0.1553223866640228156832393,-0.4692775159153517172683223,-0.3644984787871590192764870,-2.0662904328011397758757539,1.0000000000000000000000000,-0.3949228578516817966814756,1.7321904759155046793495103,0.7089427365350218224193668,0.2941765643414854802806246,-0.0330343051194548487092817,-0.8098259539015888464064119,-0.5065062098591923689383520
72 -0.9934271282833567751069381,-0.2179508608276725656338613,1.5909314511597454355751324,2.3732012343775483742547294,2.4241455586250619802513029,1.9702450223830405562353008,-0.2971415730175288594239191,1.0000000000000000000000000,-0.2087532573739631913678494,0.6094621660573186217035868,1.4499636631613208592739284,0.3295535783738494095551630,-0.6377151470240950414947179,0.6483883610027432187195018,0.2535825770171284965215364
73 1.4138695152537303911799427,0.0565215532553948740712713,-2.7544121521221294202064200,2.0939931169543379851916143,-2.8656531955509696452111257,-1.0186554196925783344340743,-2.1109057811516831471010391,1.0000000000000000000000000,0.0242019391781841605726378,0.8349274198057268225880989,1.5312101959410469032007995,0.1307606637793779502665359,0.3483714827051460627416191,0.8707866035517455305381418,0.3213524534533918064482805
74 -1.1939914075290272155172033,-1.6796988969625432641663565,2.8316450647818198760319319,1.8198388139316057365846291,-3.0384864732564831335537292,-0.2752123668259369715372031,0.8217431341329328731148962,1.0000000000000000000000000,0.7281019315814126757757663,0.4889358264098981332601568,1.2185045096318416479874713,-0.7559636054154038609098620,0.4183889743324220589215656,0.1137960913068651880308835,0.4904263935898840465199555
75 0.3339055946615512304731510,-0.7274754810568293539319029,0.6991717412600562120417180,0.6266706688816986448031798,1.0409127930467541034431633,-1.4508052542127882755806922,-1.3028326322584564689321951,1.0000000000000000000000000,-0.2304255818159757218666073,0.1871457280389834665346172,1.4531078429315507083430248,0.0060943011213541176118724,0.2292649997197687694594492,0.9728373294585943575896181,-0.0313959851708114218160617
76 -0.3665391388274437112215765,-0.8708939746468764564468756,2.6792790834482458350862544,1.2029942560461319711606620,-1.7967351403970901468909460,0.6931920127872928105716710,1.8432820251417734169763207,1.0000000000000000000000000,0.3137572372105635332140139,0.4439920332167764938091636,1.9627656629733269966209264,0.3089138297960870027658586,-0.4796403315490186392011651,-0.3305387137713320933052330,0.7518372965275347263869321
77 0.0083312087042421989480090,-0.0949573607789151452607257,2.8029557359448258324619019,1.9853256818760771640342000,-0.0992104528714952138557237,1.9292210942460323863656413,-1.1442783539384968616303695,1.0000000000000000000000000,0.2813603496362994116353207,0.8520770559925630038833333,1.3273552640944483727025727,0.4623936678968891267338392,-0.1804572223609686165701760,-0.5365813801113142877952100,-0.6824262236233950007502358
78 -0.6598040193971468347911014,-1.6571045771325492168557503,2.1751654053071733940782906,1.0529877873859310177806492,-1.5644868072268958147930107,0.7613217574414057331466665,-1.5366323709933238372826736,1.0000000000000000000000000,0.4406426431040807445427276,0.3190619670999604862160481,1.8226433694693868758918143,0.6824974306452871175565633,-0.6885055415566563308260584,0.2443452202872634093644422,0.0212276371960044007991542
79 -0.4571991286674692567260081,0.0514258373418945424759841,-1.6178390737624450679277288,0.0996762168191728109567507,2.3347830796278001841415062,0.1700833449584229217776965,1.7748497182707536623524902,1.0000000000000000000000000,-0.8618315800155115224967517,0.6603194572481470014935212,1.0581737879695336523866445,-0.1895417021034658255906891,0.9253630031565427405126911,0.3263688290415108217423779,0.0354763540445565683789653
80 0.4656575415901347270164479,-1.8839775064592143571928773,-2.8188552024111039884246566,1.2577161714731324160254644,2.6042637104966042116416247,1.2728545911325199746499948,-2.0038077845037021162966084,1.0000000000000000000000000,0.1088449779981892490132722,1.5032913676580972328622465,1.8040852300591609935764836,0.4869612626575827718511391,-0.1162680328512489674741559,0.8330390637171865009236171,0.2353598698229491525957258
81 0.0023244110692779429427901,0.9791834775983283556399783,-2.1635374741871609138854637,1.4989048068136461289157069,-1.2999875938757263771350381,-0.6450071172511790962289524,1.4130432830397241517061957,1.0000000000000000000000000,-0.6145726131142283943376015,1.0441969977212532949550905,0.9149533290744364943947176,-0.3539575329076275478357161,-0.8810235138366222518158111,0.3137784228966012944894715,0.0072472268886566437728902
82 -0.3913505613733923027552919,0.6378943815319311205769282,-1.4403214112431881321896299,1.2613906025976828750856384,-2.6144638744590169565640281,-0.8276166241824169933494204,-1.3973155701068769030115391,1.0000000000000000000000000,-0.2307710284645221321397912,1.4736445946194849376809088,0.7937236332254218318382755,-0.0768994954036474331893203,0.0250085214318037096781211,0.6076193169364929591580449,0.7900997543781995702261156
83 -0.0764094350637980479490352,-1.6261612086087282591506664,1.1103042073334732364742194,1.2155946879766854618054595,0.5043012002200359944481534,1.6754489296915817675426297,-0.0188464908105538953009273,1.0000000000000000000000000,0.4692292258125601578377939,0.4584918064288580064058465,1.3818606898583878361819188,0.4470258770655244906500059,0.3967941858079434003236940,-0.3107292835337072678392190,0.7390314438335896518594836
84 1.2713994641317429845628340,-1.7567759511292797558468237,-0.7332530080638322012021035,2.5449472518949520782882701,1.8722331999275994007803092,1.3095198461077526275175842,-1.0903847479156145716672199,1.0000000000000000000000000,0.4640487796116748442365463,0.4129553540572721836987569,1.3056594716214684481769837,0.6026942102479935226000407,-0.2482309446929097385137197,-0.2005692969295978511645728,0.7313759619478583662299798
85 -0.2577082765088218874183212,0.5518940488728203419555030,1.3794095745122723073450288,2.3807434923810619764594776,-0.5598005577245732666824551,0.8103187218856500173558288,2.7664123746619617705277960,1.0000000000000000000000000,0.5756966371554377293051630,0.7831555923243260775024055,1.1263694604425200651576233,0.8342889903491735870133539,0.2871207050070762600846308,-0.0571078629702329587658483,-0.4671831382741928329060954
86 0.1053155388092683608647349,-0.2767842712541035421480728,-1.9798563058853391183333770,2.5505177254790987184662754,2.4293416020601714677695782,-0.6894566432073711004235861,2.3400058829286169981287458,1.0000000000000000000000000,0.2091828678683223252665613,1.2459450950333053054208676,1.3371190530776699834092369,0.8807698743824958764747635,0.3701027056958824390520135,-0.0402855148808956009531812,-0.2926488007227033838475450
87 0.8698792825141823392698370,-1.2753853233821619284071858,-0.1016085389464302934925399,2.4222672150881341401884583,2.9743477616251201567365570,0.0728088974353631179781132,1.1196485028893912172520686,1.0000000000000000000000000,0.2375427581814291422279695,0.3745707195905739195218587,0.8711051379849581444148043,-0.3689526933262646246625138,0.7084744434390664036271801,0.0444318645730912842317650,0.5999678811437487713220662
88 0.1002194460076433202289081,-0.8079990547909396969572526,2.4132919844888132132609826,1.5848513870867206865256094,1.2595163439104872793450340,0.5079135905680636220438373,-2.4343154015770718245903481,1.0000000000000000000000000,0.6331204960350753641051824,0.8462800338741897077099452,1.8485190661773269749090787,-0.3341399301416874134673662,-0.3770963510822653574905416,0.1273828083372116060090207,0.8543537129858136403015578
89 1.5292209414518276311412137,-1.0731415416319580735660111,1.2280017809874994583196894,0.7938938558734457417997987,-2.5177458026598888984892710,1.7305721849808644030588312,-1.2490569115206864303502243,1.0000000000000000000000000,0.6865425284160275865019685,0.4832489367938774260657908,1.7597647204644277785234863,0.5732659064780026847429895,-0.6774376438511610087900294,0.4241059614776819808312780,-0.1804895911048650658514703
90 -1.0830766509001255037958344,0.6725761357730144496258617,1.5971122311458127995820178,2.3899085813518188281534549,-2.1795334182337549044916614,-1.5067973228556725828752860,0.0225989800848060973237352,1.0000000000000000000000000,-0.0128705824567696674315398,0.7988436974642824095482752,1.4081313014976439834669009,-0.5033768308879137398648140,-0.6711596353568136663625410,-0.2748226475197076967837972,0.4697092806058824621118220
91 -0.3086482295257793051490580,-1.2354128876032364203751968,1.9575783575534551061991806,1.8925000308316661801200098,1.4125934306949350371951368,-1.2360708605420760441973016,-2.6106840925718119983400811,1.0000000000000000000000000,0.3195663168619810035053774,0.2844055559252454123964071,1.3884532531954030254439658,-0.2434166208733320457824334,0.4922507363514527778391994,-0.6406809121102094994881782,0.5366221571421996294759538
92 -0.8753508285955751144769010,0.1101059509614046305614465,-2.9743967870735468217446851,1.3409723362098318055757318,-0.6373573748312693076911728,0.5926202883431317403051253,0.4445508985936412749140345,1.0000000000000000000000000,-0.2784048001062822685902631,0.9816060884239667938544471,1.8667538125761624634435520,-0.0239806188841313189241689,-0.6486538753183185290751567,-0.1525992873581796804849375,0.7452411745087802463771709
93 1.2279534813668573356437719,-0.3248915679510178122768593,-2.8544869690672389772601036,1.1512146508177809600681485,-2.9245409110111841854973136,-0.1859198518749474171585234,-2.2285710587443650076977519,1.0000000000000000000000000,0.2092704708098964971885181,0.4545038733371254968673725,2.0195286918103390050305279,0.5781255012312233043658694,0.0043151423656493451130878,0.8143418678266703958357198,-0.0509655987882614153194893
94 -1.6360426587474161674862216,-1.6991879454451555009342201,-0.5427511007403094112078179,0.3071655341764751301347758,2.7864254523168439092728477,-0.8390488228085037913928090,2.0971380367922307641492807,1.0000000000000000000000000,0.2535911608557331886615316,1.3582576243574553398474336,2.0794318758103127464664794,-0.2247598859126865855628807,-0.4911906520863176250912829,0.4377626369309127740692134,0.7187325957121253328097055
95 -0.9837395154247376982681317,-0.7262009604960681929952671,-1.0930465498613020081108971,-0.0242439419209230476448536,-1.5316368627383545319986524,1.6532707769634940042635662,1.7524044813492354322193023,1.0000000000000000000000000,-0.1445689228704296613869928,1.2279616432452862273549954,1.8423990007882713459963497,0.6162585789366066268968325,-0.1167554500790834448586963,0.3608673983542621255260485,0.6901928676992654665411919
96 0.2702668208027183549546635,-1.5926367025513370467848517,-2.5073340511034913902221888,1.6384013365415861507301543,-2.7992756406805829882955550,0.2581916720048897939676635,2.2071177801024717268774111,1.0000000000000000000000000,0.1424752488646197634558632,1.6419749497049387354508099,1.5700476129848037754044299,-0.1451564518933296521474574,-0.2629583227711915771607210,0.6683258845911026480024475,0.6805297861229181455300363
97 1.3510932314640879958744790,0.0195080973042678351703216,-1.3299330101904152101610634,0.5435249931092954733813372,2.4227995171527378914788642,-0.5869172469004422243443742,-2.2332006750508215375816690,1.0000000000000000000000000,0.2854019681744742742424137,-0.1272117001390384860570748,1.1361263869089961442426784,0.3379924217939972996838094,-0.4393937392397225250029180,0.7304133289913534721193855,-0.3989842916876971679052133
98 -1.0402270348303133129519438,-0.5838636757446746816668792,-1.1757698517855879050131307,1.0133305508155980856344058,-0.4619054278912515520971738,0.5595977184798264225662479,-2.2700327741573720352619148,1.0000000000000000000000000,-0.2233788965702387385725558,1.7625039179374055731130966,1.3229692363153506828865602,0.7196661895220876070666804,0.6460413109692335620337644,0.1303048250429034160546848,0.2184711932040453163939020
99 1.3571916376263799541845856,0.3903183219848753715552903,0.0344959771092501199518665,1.0567436915890981996568598,2.4747735094939233846389470,-1.3938617425890202916605176,-0.4051000903677661746371541,1.0000000000000000000000000,0.1997974773036382545310374,0.6878775373747042509720018,0.5029864445782138426821462,0.1769375850770473213025014,0.1515160816209129845955061,-0.9628046625759600907201730,-0.1368979190773554066584694
100 0.3540830067307041417734581,-1.8670048731993904578274623,-0.9197037747570409038644357,2.5058911230973390793508315,1.6696221430760909143486970,-0.8924923172160222906157401,1.5133324707403463804666899,1.0000000000000000000000000,-0.2422420273160910686449654,0.9953541793213929178563149,1.0675980118988701583759848,0.2595603527677953215047069,0.8714988212844729797978971,0.0971844245437681747423753,0.4045629582973122584377279
101 1.4508863493192900584460858,-0.5750103341145487156893523,2.4083739479254457904744413,0.1658620856701685242207134,1.9447210893713497981138971,1.8018879767940636504874874,-0.8882766073137879914156656,1.0000000000000000000000000,0.3745226636477329007490766,0.3722873159526514097450445,1.7125620649970709763465493,0.1789654152325987623850523,-0.7202229277024270182039345,0.6680144407981037923960344,-0.0548163834950923800626299
102 0.9001617392469429823620430,0.4670315250968708475909352,-1.9873353732504650537293855,1.0071664411580032449933242,0.5741393131181311559885216,1.1442172809144972589479039,-1.6322668348929225690113753,1.0000000000000000000000000,-0.3545079516175682621259568,0.3736969253937606483262357,1.0664044302006250308778590,-0.1729591693172156940949691,-0.9844755366146564767859672,-0.0194713272753059829511812,0.0226212844226360565436096
103 0.7694440602623866531928343,-1.2268479600482842251096827,2.3797272542006364659528117,0.6443305630918267912221609,2.5585849416635868536218368,-0.5080685645971567687695369,1.4700719413715752637017431,1.0000000000000000000000000,0.6757658266951879211248411,0.9058837478362262718434295,2.0690531426080021049074276,-0.6705126081900001366875586,-0.3066305860694646945319164,-0.1339044569569230458405684,0.6621615354849099688294700
104 -0.1641884489241163258554934,0.0220997189716900521716525,2.5626362744236228508043496,1.3636542223885907976210774,-1.3471623084303747663881268,0.8373080405092325761984284,1.3887150951333877557658525,1.0000000000000000000000000,0.1489493222209233302955056,0.1691065254968962261461485,1.5752281684762876601268999,0.6489184202574491688864100,-0.3935217289807498297626864,-0.2289716474415063596214992,0.6096025873856842913767196
105 -0.8100294334786891647937068,-1.2305684294828997948911820,-1.1466931376284552612787593,1.0236143397733634685664583,-1.7927286218515265936446212,0.7168875119677249330152335,-0.1809367863898803108213542,1.0000000000000000000000000,-0.1029333416214522622933458,1.5507533174697540889752645,1.8511687530094531606295050,-0.4883920201433300523063963,-0.6306631981226541450169520,0.1332461660572886452680308,0.5882010722411535885711942
106 -0.1316959166594078300960291,-1.7037265684859483894086907,0.1751103772486390930396283,0.7819884336069170549521345,-2.5049778795875505821300067,2.0064101530021107855361606,-1.1799853706299259226142340,1.0000000000000000000000000,0.0725249444940651855073810,1.0235111864372079537588434,1.8839050633278131563486113,-0.5026832710175738183622229,-0.4835555692527293558669044,0.4260198240465894459205742,0.5761843775839805559257911
107 -0.3821940938180112823374657,-1.8601671832712212140137353,-1.0400835546357476424361721,1.9136890058981665951876039,-1.7722889076663597140992579,1.2693482562541920088960978,-2.4949929141746802763179858,1.0000000000000000000000000,-0.0011268951196342427700792,1.5079276789956639337475508,1.4296758536262967886898423,0.6667972622312308139669312,0.5304216276407093255684799,0.2818518911486864175763856,0.4411253774762302626299970
108 1.3380197608426067645837065,-1.7737370829268994665284254,-2.2627184727002624953229315,1.7815898174976880774522670,-2.7240631564655637397720511,-1.1373887655499501647682337,0.8316639818477740142554921,1.0000000000000000000000000,-0.2495740629817778943877471,0.8259196217996217503909406,1.1165296285004406851015801,0.1895659891980886468942913,0.5317889726287499119194990,-0.5544444249368906119102007,0.6114364553244933109255044
109 1.0028627400359897414716670,1.0228604640028722272404593,2.9103991996095865957272508,0.9928645937251225905839647,-0.0017731694405771492029089,0.7338329544193262776730080,-1.9372462779917971609222604,1.0000000000000000000000000,0.5979488223038387229024693,0.0636007711437165668133531,1.0982949591902706476531648,0.2653012115694501349416612,-0.4930600629500448972564186,-0.2655651543937704306408421,0.7848439533449113048035883
110 -0.1023878789947141321192703,0.6390744883697827560808946,-0.1588746710991686406089229,0.9112835469419523493073143,0.5012115396858249916078876,-0.1119776652676409689490811,-1.5935732941155198449934005,1.0000000000000000000000000,-0.1006284002787115328114709,0.7959196051890471412804118,0.2014086113150188039888633,0.3913892772918864948472617,0.6348298981347531011465435,-0.4393965130261257567845234,0.5007334098114519793654154
111 -0.7109445510945452406659228,-0.2201604132313097483830688,-2.2376891644411531778757762,1.4281278819023293102929983,-0.4280968859266010007047498,0.1080363467231990615147197,-1.6002412013873650309392360,1.0000000000000000000000000,-0.1885000185285134188806211,1.4920103630016392504131773,1.7436345648630195981354518,0.6997932137609124136901073,0.6162983339075446265198366,0.3212439991952777407213659,-0.1651241104450822116955777
112 1.2149543796775157389333799,-0.9451076570284122624343581,-0.4750362400773378013241199,1.1495914719829294359243477,1.8158389495521971568336994,1.5921571936750638087687548,0.0946551505325623487863140,1.0000000000000000000000000,0.6810055910612995422326321,0.2521353584505393596870704,1.3709157254323440788823518,0.7889171572623252526312854,0.0111815887037515215851613,0.0013536709849834571706140,0.6143945417901277572525487
113 -1.6155568531733441872688672,-1.1683937230694074749237643,-0.1287147082234061379324430,0.8696263325249897757629469,-2.0597325962384851472108949,-1.1052060454095591346401761,-1.6638824809318792929957453,1.0000000000000000000000000,-0.4646392097836915535680191,1.4298221114836990874863432,1.4912499055407200110323629,-0.0501811203635930958011357,0.9370548631914854542657167,0.3092933367229699914702223,0.1540957464398145515538374
114 -1.0268881001168996824901569,-0.9914250864500293580761081,1.2059364165757795461786372,1.5614764629078452529142851,-0.2684946852258849325778556,1.7554498583323630001018500,-0.6943584157737712203584124,1.0000000000000000000000000,-0.1105857831099797544682772,0.6811351952906143925048355,1.0838394444458512300144548,0.6004451936758160579543642,0.4395502724621593859666291,-0.3019835850536227717100246,0.5958731612839400781922450
115 -1.1173642659189122472440658,-0.3636291351777634073272338,-1.8720477031618576457816516,1.5705189235771626066195950,-0.4963455402922560821821207,1.9822855954844125214719952,1.0419053695410980253654998,1.0000000000000000000000000,0.2502414931927187669025159,1.1933200077692451834820986,1.4268373272119210248831678,-0.0935872371442616202141807,0.0462926564158201436782747,-0.4183325819114148691468813,0.9022716133049726305870308
116 0.7151387506227910861866803,-1.7982835071325689035859341,2.8401686027960302283190686,0.3585817867184904472743767,2.1465497798265653628391192,-0.2079392336659264817200210,-2.1205957213954982343295796,1.0000000000000000000000000,0.4050532609556559693331224,1.3768750266915035229686737,2.0886952441045703032784786,0.2615983824494182985453961,-0.3466657700201869474199157,0.4651688477787673803298674,0.7713655641322731959519388
117 -0.9465367574440167741656182,-1.6191351225581647188533907,0.9370904212923485410158264,2.3003600183531456302432616,-2.8461347352541679356363602,1.2532800182811083544720532,-0.5984701619117847037898628,1.0000000000000000000000000,-0.3374956000249585974515298,0.5650223293893397169540549,1.4606036648645743802887864,0.1757659909106567552861122,-0.9345479924849868780256656,-0.1210357502103969334905642,0.2847358914390206163780306
118 0.9126924764129502598564159,0.0876840801856872964492595,-2.8833300676130004802644180,0.1878880016272365671703426,0.4256994036625605382084814,1.9315924701766160609395229,-1.9072667870634547604424824,1.0000000000000000000000000,0.0888393636852095880396263,0.2451574755106571135154780,1.4701347411681522370230368,-0.2113818903822898831457167,-0.9031091124064922759373530,-0.0212831445341706282370353,0.3731708190221785792495268
119 0.9995468089745891404618305,-0.1756735025740567834873218,-1.6725465075433398887128078,1.3639323139665331385828040,-2.8654601530192702618649037,0.9248402418271206570921095,-2.1076963949327804925815144,1.0000000000000000000000000,-0.1542656082795616778735592,0.0549892004325938099640325,1.4205331692027785006615659,0.2683749033172130316060588,-0.0194856255778670384160023,0.7839950851435660839072739,-0.5594146076300740011433277
120 -0.7415516963788990612016505,-0.6959243837776241115022913,0.8431637445366337857421968,1.1346822564027654323126626,2.3038428801767727449600898,0.1809063107126753777720296,-0.4591889468320591305428024,1.0000000000000000000000000,-0.6137820872439465613723542,0.3506021979348077910465520,1.2877054902226419130784052,0.3913772891609072490659571,-0.8603918956403733275806189,-0.3036368776536583768965727,0.1198000086114406337323146
121 -0.8457965316021859303319275,-0.0508183600575748961603040,-1.7062433216309307315583510,2.1217928351125645569652534,-2.1092430171678975270310730,-1.1493205134235768838379954,2.5459868965889267400370954,1.0000000000000000000000000,0.2178712169398103748463313,1.3912423878141262356677998,0.9857188431335675016242703,0.5982714723653197452790664,-0.2579753485236168097927134,-0.3681051316757798508305655,-0.6633373048188686560422411
122 1.5015153081532899292938055,-0.4990477839801679138531654,0.6921048000387250986875642,2.1087108326585548567777550,1.5019013358619535125626498,0.0146574802226928646575743,3.0390379720665698926040932,1.0000000000000000000000000,0.7825972193573337287730851,0.9881617939888711621421180,0.7362524646647109483055260,-0.3213991995251029853974956,0.3396791789547800588522364,0.4622190932090431969569977,0.7534401077955364955940354
123 0.7275998241662855470224258,-0.0824426930795620904746102,1.9041433268684189172859078,1.8253852113501098930470334,2.7087219388399841335512974,1.1311529871601648800094608,-1.1044127207870655382748737,1.0000000000000000000000000,0.7593447686402380325532135,0.3527319182793384189089636,1.5472407277368940281547793,0.8383851537369489959061752,-0.3691970394105613673119137,0.3958209740041495061646515,-0.0642459401785433203979636
124 0.6357875057420816489184290,-1.3659244278142805839593166,-2.6771565807591457542002900,0.9381611277052018804667455,2.4262716275338416238582795,1.3861060493834580498173636,0.3132571914709441074364804,1.0000000000000000000000000,-0.1022677261214448157788937,0.8786652147583587924017934,2.0051805255213821510551497,-0.0510478482722639959057176,-0.5263926093767881120299990,-0.7059552447929977603280349,0.4710944036418199809546081
125 0.2157900756078816595362468,-1.6741435300871465585714759,-1.8556680462646759632860949,1.7525240612693704367330838,2.7881793331732875884654277,-1.5054717555035732612367383,0.5067784093915386200990270,1.0000000000000000000000000,0.0174623670607409950394917,1.2513939959618896047288672,1.1490222117074542218517763,0.5089355778652578932153006,0.4883446471379400133372428,-0.3413495146678536817930194,0.6212748596944213108628219
126 -1.1733754856427505153249058,0.9034337825991372028511250,0.2860719416642556467422764,1.6036781137369935379410890,-1.1968679684856291522976335,0.3958141670419541569003741,-3.0181022531013481646766650,1.0000000000000000000000000,0.5283013384033161674580015,0.7285077149460921219770171,0.4814675773457929297549640,-0.4472931562784314141190123,0.2734542462274431873225922,-0.0026285906705260098092936,0.8515529737027287549011589
127 -1.5944637092441977799239794,-0.6399869100549195888305576,2.9566502522912543327038293,1.6828601064686008470516754,-2.3898508178483934827340818,-0.6684918297354086602624079,-2.8845784973425692143678134,1.0000000000000000000000000,0.3859034366987918462932328,0.7693517390608438644150624,1.8227089134608807086124216,0.3865746083953678358113848,-0.2533406965207457561817250,-0.1533488945725858254576224,0.8734188188472390423910952
128 0.7927703324125423556267833,-0.6090717619816172767599483,0.9847126981431628678365087,2.3844237415913602795569659,0.5637019854656895034850095,-1.3214429845917159411783359,0.3122150381445956135451070,1.0000000000000000000000000,0.6292627758845592556014026,0.4343968391380912952293158,0.9241601375853423228079464,0.5415154495806656642642452,-0.0956959786228537834240626,-0.5561044412689245541869809,0.6231766498387456554297614
129 -0.4791264119470772797626523,-0.8579498337520981010584364,-2.7402627789315210371512421,1.9116293712414933470000733,-1.6169991962146010866518964,-0.1873571455962108611714712,0.2704807185295416971371196,1.0000000000000000000000000,0.4517272545684046791691912,1.3458177298945526167983644,1.7013398387815370504938528,-0.6262482455445528284343482,-0.3987677203458845909267438,0.1941429633024930601070679,0.6411737662754952715715717
130 -1.3449161948076533423801493,0.4915492900919864460718145,-1.9030417799526655464603664,0.8249996705087829784730502,-2.8217503781247654792707635,1.2064908326962604512289090,1.9813627697976139430124931,1.0000000000000000000000000,-0.4757365096769816115163110,1.5976233605657599312621642,0.8829010617793279225296033,0.0846947887681424593786517,0.9651554004546404330611153,-0.2105888456201255309885312,0.1301997741390467089317440
131 1.2986258119609606076494401,-0.3086904875196936348658028,-1.3215471850961080235720146,0.7393263004856770459483073,-0.9696794663903673949789663,0.8301953922996059276329106,-2.3988061480707516537336232,1.0000000000000000000000000,0.0577482689129708709474542,-0.0013790606512882053191760,1.4359168132174824350499875,0.1217975562897920527305473,-0.8069042743703127573695610,-0.4676443085811138322682723,0.3396727515674829445124772
132 1.3923755657921756956341142,-0.4058336310064574181666330,-2.3749477725074821243822498,2.3255363699717150893775397,0.8112314697216409520308389,-1.3286061160751456711182072,1.2262565430054701565154573,1.0000000000000000000000000,0.0765856289489471597775605,0.7680828013357267058935918,1.7567137800483936249662520,0.6595576981580034692242975,0.3144693854702710900106410,0.6338654449632391552071908,-0.2535844104030132162286293
133 -1.6603203432361524072291559,-1.3536923394252973196216772,-0.4420599790122134997716330,0.4381976734754617908151886,-0.6780750417649166195133148,1.1162655598216808527922694,-2.7852301612218051118929907,1.0000000000000000000000000,0.1476661479717662206478934,1.6323181563494648660395114,1.8133369212303533934971256,0.8153509992424250452103252,0.5762423715834616988473726,0.0335624677680730898465811,0.0449311882724761635365951
134 -1.1856907183600249311439256,-1.7060441391482221717978973,-1.0171292499838537892742352,2.3357593839735533158830094,-2.8618700519431712336881901,0.4209629657115148138046834,-0.9742901231624605529191285,1.0000000000000000000000000,0.1153083414948239265873653,1.6093514437469309541484108,1.2161897875859146722632431,0.6065043443643450826741059,0.7172875715339184221619462,0.1365990705927014603471292,0.3146262137203217346126394
135 0.5682149535721525701603696,-0.3989901211867061814331237,-2.3082615788587097505057955,0.9525840840035042500488771,1.5517427523707709724476445,-0.2736578430995817434734363,1.6118787202699476068801232,1.0000000000000000000000000,-0.3045441813305006517609286,0.4427312295465232749869244,1.9050409406329795736212418,-0.2782475914763510305149907,-0.6340524424209594833712345,-0.5686349054418504689323299,0.4440809588413239250570541
136 -1.4819163417144565197958173,-1.2823661725294615010284360,1.5256332524200919564805190,0.5953346516142293820550435,-1.4091357329786455832021375,-0.0776009842337783695143116,2.4060595759046545794035410,1.0000000000000000000000000,-0.3351543227184592410594632,0.7925579069089234707234937,2.0714560908179806553164326,-0.1782481609570384095686535,-0.6439409250941275919544182,-0.5829158329837917928983870,0.4623576666254997080685030
137 -1.4416886211589510224939659,0.8217566879106481536609863,1.5732826992349862038622632,0.8788513292674212662447530,-1.3706085745792875307813574,-0.6658665561471320826214537,-2.6418193316444846807655722,1.0000000000000000000000000,-0.6769916463436841391754228,0.9749085686883200985164422,0.7065002434385739826794293,-0.0525239135701060511074445,-0.8089762533009052791754812,0.5852857898041605722028180,0.0153938665308952504773288
138 -0.5596163861321050703168112,0.7771105891634295659287091,1.9997937745748881610552417,2.3051543756980232835473998,-1.6106933889843959573084931,0.9961253429772112255591310,-2.6080210714168012842151256,1.0000000000000000000000000,0.3342050279622175157356878,0.3785039133279175516122450,1.1276856940444155430469664,0.8530317574692964921467819,-0.3097649330950230650572053,0.0500334379695653863606708,-0.4169856069995909741976448
139 -1.5018105603892895061335366,-2.0639971955842324469188043,1.6200996278582282528191172,0.3869056419715776740098079,-1.3686970005378578107979592,0.2553193047888255851063377,1.1495154616453291396283021,1.0000000000000000000000000,0.2487130230963160715251803,0.4375959130309792777246969,2.0848957448857889929172416,0.5711123682172893900599320,0.0255658602040708116120982,0.7506139539908767144282820,-0.3312907325730621854731339
140 -1.3252886446825891120226970,0.2609888622881793018848384,2.8530065900225105579579576,1.2214182352458209379619802,-1.4210825814362999519602226,0.5833070987686728159360428,2.2132183827796101383000860,1.0000000000000000000000000,-0.6203838523435140084316686,0.9997948259247232405400041,1.6035924628888917897739930,0.2565118008259534843062966,-0.9233624209084511091916170,0.0169079903908967987824497,0.2851586870827674813355657
141 1.3312198182135639434875429,-0.4339567511635629148969429,-2.2855991066999727934216935,1.9003309468917224389628018,-2.6824164410100395095071235,0.3627616829975086609749724,-0.4540047206995101447546404,1.0000000000000000000000000,-0.1873049273528236691177540,0.5913241222589161738554253,1.7559162488573263338764718,-0.1369703312343657219951609,-0.8280746972826719121130168,-0.4215926370421350100059499,0.3432039792219400142769814
142 -1.4846000528575853394386286,-2.0908280008583459697035778,0.4891843361203465079256603,1.2266693241245434364827815,-0.9371212993069182317640298,-1.2153850327748680903994227,2.6910746578080928514964398,1.0000000000000000000000000,-0.0405142311117084111260489,0.5854340130335847769416091,1.9205363048070567266734088,-0.0231857354677319493774235,-0.2958727623859048194709942,-0.6730473168591857291431779,0.6774413738431335207934580
143 -0.0786171619029654156207698,-1.3148718911716115176346875,1.2395057064799974710922470,2.5354691342569277701102237,-2.4542181435735983541235328,-0.0309223748008498056094595,2.8417301348609527167354827,1.0000000000000000000000000,0.4053051358698465667096400,0.4915854979744642139216637,0.9264764518003887339148150,0.5184606813487262488848728,0.2644990623366236803803986,-0.4815658450744897955964063,0.6552334231072067805001780
144 -1.6267753572989018806538297,0.7449452962521210253044046,0.4390868647330616880708476,1.6483621068198055503728483,1.7746999935031402273466483,1.5391833855305585565531601,0.4530979336053588824029248,1.0000000000000000000000000,-0.2457266566766634907637012,0.7411906387781036498196841,0.6909812828994937872195692,-0.1601475846582055273525924,0.7636907790112494875955917,-0.6234213963176608030991588,0.0497258927557468477509417
145 0.0359134151860061034966520,0.5781245486164117153293773,1.5400728083363572906705485,2.5431835842417478410482090,1.1981473567249008027602031,2.0135065497001276568767025,2.1515581851231670995616696,1.0000000000000000000000000,0.1054383971128109304116194,0.6218158003391692778549782,1.3468516386176452304113127,-0.0922406046752035635449829,-0.8395232859767676192319641,-0.4305936345066726511632282,0.3182440530527830824247815
146 -1.3235972974444747407574141,-1.8072109263298150594323488,2.9833451003971989123897401,0.2160187940849078724880883,1.7057758726071456933937043,0.2778297969189225113950670,2.5848956758006922385106918,1.0000000000000000000000000,0.5891493604986410836943378,0.7837933686079863182527561,2.1398189793039592565548901,0.8296474578808843425292707,0.1233534160204231844293332,0.4957187464371621277159363,-0.2252328362507522163671325
147 -0.8439844152786015740730363,-0.2141144947889792593542779,2.7342007196281112868518903,1.5111841581841853887624438,0.8625430692068967175600847,-1.4747351980444198815689560,0.2614423879955158902532730,1.0000000000000000000000000,-0.3725664146306021384802420,0.5595323946994364971985192,1.6092557063680019702189838,-0.3664772957441210787798980,0.9266447295506000658704693,0.0767698729142546887338483,0.0335877137024402916409827
148 0.8968381915745409216356165,-0.8516400584106518234506211,-1.5040673579636190115849104,0.2065060052278013813520374,2.1610891701123158270547719,-0.4214699079241495116576743,2.3706798512021451941222949,1.0000000000000000000000000,0.0202784486410480246920685,0.2284191065140903087460345,1.9813142836526107526395890,0.4407027899323180397672672,-0.7285253629980683598432734,0.4143608227121159393036010,0.3214572620131372904239697
149 1.4105246153965542710295722,-1.5989403159171062807075714,2.5628918234094717476523329,0.5716228499587729938724578,2.4335313999031349396773294,1.1794411344935271657163867,1.6649566617691693437564027,1.0000000000000000000000000,0.0391117615883425223666237,1.0193488114468700622694541,2.0789282505110242560419920,0.0828543432940542640130488,-0.8442202309529185377812155,-0.2988428159091174318717776,0.4371705902672409216336291
150 -0.8217997504530679675482929,-1.6330322740459961572412340,0.1579110646574561904742495,2.5869436968643886309848767,-0.8468128349836043788911866,-0.8857091789422437688727996,2.1736104312094903789898126,1.0000000000000000000000000,-0.3214314528637172152514268,0.6913018876313972160829735,1.1480587729874198732460400,0.3506918959598243068498391,-0.6663857830038071305978065,-0.6393084120414554982758659,0.1556526914505958480994252
151 -0.9340613556067093314894123,0.3227073965862894411316120,1.4251840634071122337900306,2.2403149743929109405371491,1.7284831841380716710432353,1.6710184140289419119085323,-1.9682851838270600808300514,1.0000000000000000000000000,-0.1641476773889696538777372,0.5725091489863267657511869,1.3655883088566758143400648,0.0658694376237764916970363,-0.8695330522947908313824428,0.0205134728078618620850104,0.4890301648716330884525405
152 0.7317615825735983570154986,-1.5125838707404133387512957,-1.0272056913910061481942648,0.4012527333140618601703409,0.9509243388836852162171454,1.4412874452533368518913903,0.7143293323243637971131648,1.0000000000000000000000000,-0.0121548784650049347677570,0.3849768674155109593471025,1.8101316084488983104705540,0.3850149554525614248312593,-0.3253584542950987978926491,-0.6776508223754167392627323,0.5354367862399220800995181
153 -1.1869323574927641562481995,-2.1265504849783845031652163,0.6502304496926365473541409,1.5318049598437755154378692,0.2521498714998133827691618,-0.8712082143587761562386618,-0.8707722905724182282938273,1.0000000000000000000000000,-0.1005468734696302601783202,0.6924298784087575819867766,1.9854114438990582147681607,0.6195475415051132639376874,-0.2818055665449947233547334,0.7217339695775359942331306,0.1258743795638233575751030
154 0.4663102927600761837823029,-1.1700637478749562614410706,1.1677207869045629351489879,1.1630031535387983510076992,-1.3254102924821946629663216,-0.0575467827370539364295610,2.2219292446919389760751073,1.0000000000000000000000000,0.6775697970281212567655871,0.1795220201497568779380742,1.6615661828364785002065673,0.5038767762526273896739326,-0.3269151885718702965633042,-0.2367033939653635232769346,0.7636779031632542347196591
155 0.5805112446051383656708822,-1.2822814040907104526922922,-1.8580555044588062951760321,0.2343473991678782231140588,-1.5943081149567421839208237,1.0424298365716935244051911,-0.4331263788976364992322488,1.0000000000000000000000000,0.1291403524594395002544900,0.9440121045122455978315656,2.1224460547596186721364120,-0.0389165656802058224084107,-0.4736816377629340379940004,0.3706445607867836500304293,0.7979546433206499145285306
156 0.4697403303533360663379881,-1.3657152954464382155208568,-2.0634754315624745935053852,2.3479078104001969151681806,0.3727884428136931660446862,0.6350051487461403354473077,2.7681201401190458355472401,1.0000000000000000000000000,-0.0924104065705427801802330,1.1403219688852734847728243,0.9788493332310526096051717,0.2719859043310582369379347,0.7515534167430103495988192,-0.2009655716982185758023860,0.5663936860280335272577190
157 -1.4674597889899314573369793,-0.0316196041380143455512552,-1.5542213907763358093916395,0.2129850108562899024811088,1.0251948689884482490697337,1.5567779310698641737076287,-1.4449657088741501009820922,1.0000000000000000000000000,-0.1613777131355936533818607,1.6698794296449412932759060,0.9005713017573016010430820,0.8242055260334908428632161,0.2697246230395138333335581,-0.4881143043285906535366792,0.0983670848798453706374190
158 1.0343104146365895701364934,-1.2136170961636194576271919,0.0678245545574172048475248,0.2636817439765118398220523,-2.8730957799954786047180733,1.0123073995543885317260902,-1.3110720327999780820960041,1.0000000000000000000000000,0.2344506604715731745702811,0.5583048938525149162970251,2.0947008829355948655859265,0.1186062742031514516405366,-0.7268738827105164501674039,0.3873584967648088794867078,0.5545611926516890166638518
159 -1.1537990235477006972786285,-0.1329435863978898346715596,-2.6063927705561007464041268,0.1507290458589461978888835,-0.0755032944132123517988475,-1.2706096146946039837644093,1.0783075302240012760535137,1.0000000000000000000000000,-0.6779601212912875762839349,1.2204561964229410087057204,1.1306283110011643433523432,0.2474512710036635143584505,0.6049547434338032880773994,-0.6718495468946099613560818,0.3484446074065268295072428
160 -0.8730359858344376444705404,-1.7056325153059475052685912,-0.0032219916621176736271082,1.6435669593185029402349073,0.5088058687792189616061478,-0.6152198098513074198123718,-0.9939288732292728134609661,1.0000000000000000000000000,-0.4804962844233211516353776,1.0814417530903523978480507,1.7320359335753336971208682,0.2341541867963076173353443,-0.2388141604660805328297357,0.9078901191791296509947529,0.2527309672980252441831794
1250
3 0
4 1
6 3
6 0
7 6
7 0
8 6
8 7
8 0
9 1
9 2
10 0
10 7
10 6
10 3
10 2
10 9
11 0
11 10
11 7
11 6
11 3
11 2
12 9
13 8
13 9
14 12
14 2
14 9
14 6
14 7
15 14
15 12
15 9
15 6
16 2
16 14
16 15
16 9
16 12
16 6
16 7
17 14
17 15
17 16
17 6
17 7
17 10
17 12
17 0
17 2
18 11
18 10
18 0
18 7
18 6
18 17
18 2
19 15
19 4
19 12
19 14
19 9
19 16
20 18
20 6
20 7
20 0
20 11
20 10
20 17
20 14
20 15
21 19
21 9
21 15
21 14
21 16
21 12
22 19
22 21
22 15
22 14
22 16
22 9
22 12
23 21
23 22
23 19
23 9
23 1
23 15
23 14
23 16
24 23
24 21
24 22
24 19
24 9
24 15
24 14
25 24
25 23
25 21
25 22
25 19
25 9
25 15
25 14
25 16
26 20
26 14
26 17
26 15
26 22
26 16
26 25
26 6
26 21
26 19
27 11
27 20
27 18
27 21
27 9
28 26
28 20
28 17
28 18
29 27
29 16
30 29
30 0
31 6
31 7
31 26
31 20
31 0
32 0
32 18
32 11
32 10
32 7
32 31
32 6
32 20
32 27
32 3
32 26
33 30
33 31
33 27
33 16
34 0
34 32
34 11
34 7
34 10
34 18
34 6
34 3
34 31
34 30
35 9
35 25
35 16
35 22
35 23
35 21
36 35
36 9
36 16
36 25
36 22
37 22
37 12
37 19
37 15
37 14
37 25
37 21
39 21
39 20
39 25
39 23
39 24
39 9
40 39
40 21
40 23
40 25
40 24
40 9
40 20
42 8
42 13
42 26
42 20
42 17
43 8
43 16
43 26
43 13
43 42
44 13
45 16
45 22
45 14
45 25
45 15
45 24
45 12
45 19
46 43
46 16
46 8
46 13
46 45
46 14
46 26
47 14
47 46
47 16
47 15
47 12
47 22
47 19
47 26
48 19
48 12
48 23
48 21
49 11
49 26
49 16
50 47
51 47
51 46
51 14
51 43
51 15
51 13
51 42
51 16
51 22
51 45
52 44
52 13
53 16
53 14
53 22
53 15
54 53
54 16
54 9
54 25
54 22
54 24
54 23
55 48
56 9
56 54
56 25
56 23
56 21
56 24
57 44
57 46
57 13
57 43
57 56
58 16
58 54
58 56
58 22
58 14
58 43
58 25
59 43
59 26
59 20
59 17
59 18
59 49
60 56
60 14
60 15
60 22
60 25
60 21
60 55
61 41
61 16
62 52
62 44
62 13
62 57
62 55
63 43
63 58
63 46
63 57
63 16
63 59
63 56
64 60
64 51
64 47
64 57
64 46
64 14
64 15
64 63
64 59
64 22
64 44
64 26
64 16
65 52
65 62
65 44
65 55
65 47
65 57
65 64
66 44
66 57
66 9
66 63
66 13
66 56
66 64
66 45
66 22
67 14
67 15
67 26
67 60
67 22
67 64
67 19
67 25
67 21
68 57
68 44
68 13
68 66
68 62
68 52
68 46
69 67
69 14
69 15
69 60
69 26
69 21
70 11
70 59
71 59
71 43
71 63
71 42
71 26
71 70
71 46
71 64
71 8
72 49
72 11
72 61
72 70
73 65
73 52
73 62
73 68
73 44
73 57
73 66
74 46
74 51
74 47
74 43
74 64
74 8
74 16
74 63
74 13
74 14
74 45
74 57
74 58
75 67
75 20
75 26
75 60
75 69
75 64
75 59
75 15
75 14
76 46
76 74
76 16
76 45
76 43
76 58
76 47
76 63
76 14
76 51
76 15
77 43
77 70
77 59
78 46
78 43
78 8
78 77
78 57
78 42
78 59
78 13
78 63
78 71
78 70
78 74
79 55
79 23
79 24
79 21
79 9
79 48
79 25
79 56
79 19
80 44
80 52
80 62
80 55
80 9
80 70
81 48
81 55
81 65
81 68
81 66
81 62
81 79
82 73
82 65
82 81
82 62
82 52
83 70
83 56
83 16
83 57
83 9
83 63
84 80
84 69
84 9
84 52
84 70
84 83
84 55
85 16
85 58
85 76
85 14
85 47
85 15
86 48
86 55
86 79
87 9
87 21
87 23
87 25
88 70
88 18
88 59
88 10
88 11
88 20
89 13
89 8
89 78
89 43
89 42
89 68
89 77
89 44
89 83
89 46
89 57
89 70
90 47
90 46
90 74
90 64
90 50
90 76
90 51
90 8
90 71
90 17
90 59
90 14
90 43
91 88
91 75
91 67
91 69
91 20
91 59
91 70
91 18
91 26
91 71
92 81
92 68
92 62
92 66
92 55
92 82
92 44
92 57
92 52
92 79
92 65
92 48
93 73
93 65
93 82
93 62
93 52
93 44
93 68
93 92
93 13
93 81
93 89
94 79
94 60
94 56
94 86
94 23
94 21
94 48
94 87
94 9
94 25
94 24
95 66
95 63
95 68
95 92
95 81
95 57
95 45
95 58
95 83
95 9
96 66
96 81
96 95
96 92
96 51
96 68
96 45
96 82
96 48
96 93
96 13
96 62
97 75
97 80
97 52
97 67
97 84
97 44
98 44
98 57
98 68
98 52
98 62
98 92
98 70
98 64
98 67
98 75
98 66
100 87
100 48
100 86
100 55
100 12
100 69
100 19
100 23
100 21
100 67
100 15
100 9
100 25
101 18
101 20
101 70
101 11
101 49
101 26
102 62
102 52
102 44
102 98
102 92
102 68
102 80
102 84
102 65
103 15
103 14
103 26
103 22
103 25
103 21
103 19
103 23
103 53
103 24
103 69
103 20
103 16
104 76
104 16
104 85
104 46
104 43
104 58
104 45
104 63
104 14
104 74
104 47
104 77
105 68
105 66
105 57
105 95
105 98
105 92
105 44
105 82
105 64
105 13
105 63
105 96
105 52
105 51
106 89
106 13
106 105
106 68
106 57
106 78
106 66
106 44
106 8
106 46
106 43
106 98
106 63
106 83
107 98
107 106
107 44
107 57
107 68
107 105
107 52
107 13
107 62
107 93
107 78
107 89
107 82
108 96
108 105
108 81
108 73
108 65
108 93
108 82
108 66
108 92
108 51
108 47
108 52
108 13
108 62
109 59
109 77
109 88
109 26
109 10
109 43
109 18
109 49
109 20
109 17
109 101
111 98
111 92
111 52
111 62
111 102
111 44
111 105
111 68
111 82
111 65
111 57
111 107
111 93
112 9
112 84
112 21
112 23
112 25
113 64
113 105
113 98
113 57
113 51
113 78
113 107
113 111
113 42
113 90
113 68
114 57
114 83
114 63
114 70
114 77
114 78
114 46
114 43
114 68
115 92
115 95
115 68
115 66
115 105
115 57
115 55
115 81
115 111
115 9
117 46
117 106
117 78
117 13
117 57
117 105
117 114
117 74
117 8
117 68
117 107
117 89
117 113
117 43
118 102
118 62
118 44
118 52
118 111
118 80
118 98
118 92
118 97
118 112
118 68
119 93
119 73
119 82
119 62
119 107
119 52
119 68
119 13
119 106
119 105
119 65
119 111
119 44
119 98
120 69
120 60
120 56
120 67
120 72
120 70
121 81
121 96
121 108
121 92
121 105
121 48
121 95
121 115
121 51
121 82
122 22
122 15
122 14
122 61
122 16
123 11
123 18
123 10
123 72
123 101
124 80
124 112
124 55
124 9
124 79
124 84
124 23
124 21
124 102
124 87
124 118
124 24
125 100
125 86
125 87
125 55
125 48
125 124
125 94
125 69
125 79
125 60
125 21
126 50
127 78
127 42
127 71
127 8
127 50
127 113
127 46
127 90
127 117
127 43
127 74
127 91
128 67
128 14
128 15
128 12
128 26
128 75
128 17
128 19
128 22
128 47
128 16
129 105
129 81
129 111
129 96
129 108
129 121
129 82
129 66
129 68
129 65
129 52
129 93
130 95
130 115
130 121
130 81
130 96
130 92
130 105
130 68
130 66
130 82
130 63
130 108
131 52
131 44
131 62
131 119
131 102
131 98
131 118
131 111
131 93
131 107
131 65
131 68
132 48
132 55
132 86
132 100
132 125
132 81
132 19
132 12
132 23
132 129
132 21
132 65
133 98
133 44
133 57
133 107
133 113
133 111
133 68
133 114
133 106
133 105
133 78
133 70
133 131
134 105
134 117
134 107
134 113
134 68
134 57
134 106
134 129
134 82
134 119
134 98
134 111
134 13
134 46
134 66
135 48
135 55
135 79
135 86
135 132
135 23
135 124
135 21
135 24
135 125
135 100
135 9
135 25
136 76
136 104
136 51
136 46
136 16
136 74
136 58
136 47
136 85
136 63
136 14
136 95
136 64
136 45
137 71
137 127
137 59
137 42
137 113
137 78
137 90
138 8
138 50
138 77
138 127
138 109
138 59
138 78
138 43
138 71
138 114
138 42
139 136
139 46
139 76
139 51
139 74
139 64
139 63
139 104
139 78
139 114
139 83
139 16
139 117
139 43
139 58
140 104
140 76
140 136
140 85
140 58
140 46
140 16
140 139
140 74
140 43
140 63
140 47
140 45
141 119
141 93
141 73
141 129
141 108
141 65
141 62
141 82
141 52
141 105
141 131
141 96
141 68
141 134
141 81
142 136
142 139
142 47
142 51
142 64
142 121
142 12
142 14
142 15
142 76
142 16
142 60
142 140
143 76
143 47
143 136
143 45
143 142
143 74
143 104
143 140
143 139
143 46
143 16
143 51
144 72
144 56
144 58
145 61
145 16
145 58
145 49
145 144
145 53
145 122
146 54
146 58
146 16
146 53
146 56
146 136
146 14
146 139
146 15
146 22
146 94
146 140
146 76
146 83
147 26
147 17
147 14
147 128
147 15
147 67
147 59
147 60
147 69
147 75
147 120
147 16
147 103
147 91
148 135
148 79
148 23
148 48
148 24
148 21
148 19
148 25
148 86
148 9
148 55
148 22
148 100
150 142
150 47
150 143
150 136
150 12
150 121
150 100
150 14
150 15
150 16
150 128
150 139
150 64
151 72
151 11
151 70
151 123
151 88
151 10
151 77
152 112
152 9
152 23
152 24
152 25
152 21
152 66
152 124
152 56
152 83
153 64
153 67
153 60
153 75
153 69
153 57
153 91
153 120
153 113
153 128
153 114
153 83
153 78
153 147
153 139
154 45
154 143
154 76
154 136
154 16
154 104
154 14
154 150
154 15
154 22
154 47
154 139
154 142
155 66
155 105
155 44
155 141
155 131
155 62
155 68
155 129
155 119
155 52
155 106
155 111
155 92
155 95
155 152
156 48
156 135
156 100
156 55
156 86
156 132
156 115
156 148
156 9
156 152
156 150
156 96
157 98
157 44
157 111
157 102
157 133
157 118
157 57
157 68
157 115
157 92
158 89
158 106
158 13
158 119
158 155
158 131
158 105
158 107
158 117
158 68
158 42
158 78
158 44
158 141
158 8
159 92
159 81
159 135
159 129
159 79
159 121
159 111
159 48
159 60
159 132
159 105
159 55
159 148
159 115
159 95
160 153
160 67
160 64
160 60
160 75
160 69
160 57
160 120
160 98
160 128
160 83
160 91
160 114
