184
0 -1.3875589716354386204955063,-0.2324265428800626753780278,0.5231530271626466666035071,1.9614342100380426359151897,1.2611135925725112105766357,1.0554742869248028291906394,0.0469437156676828365453602,1.0000000000000000000000000,1.0548999732383061989082762,0.4676951513475249844198345,0.9568029192703789709284479,0.0000000000000000000000000,0.0000000000000000000000000,0.0000000000000000000000000,1.0000000000000000000000000
1 0.7106806666646224845962365,-0.0822806805560485354789080,-0.6307384768321471213425866,1.1682290071525316399458916,-0.5385133276166006455198954,1.6130088412263470232232976,-0.7810710132245264336603441,1.0000000000000000000000000,1.0548999732383061989082762,0.4676951513475249844198345,0.9568029192703789709284479,0.0000000000000000000000000,0.0000000000000000000000000,0.0000000000000000000000000,1.0000000000000000000000000
2 -1.3842468076404734755868731,-0.3169315265427756211913390,0.4164364539573235934888373,1.9875971609084344127182931,-1.2766109134888057319301424,-1.2117100948056718223710959,2.9689033391079213686225557,1.0000000000000000000000000,0.9184555689191704619389611,0.3129227771483932829532648,0.9563793966646210176207887,0.0000000000000000000000000,0.0000000000000000000000000,0.0000000000000000000000000,1.0000000000000000000000000
3 -0.1551116196521995782564574,-0.3884798716420245767722008,-0.0050549485713995857133485,2.1726842466728610858694992,-2.3704427755616039874553280,1.7201032842137400358240029,0.1557578265110289295058976,1.0000000000000000000000000,0.9184555689191704619389611,0.3129227771483932829532648,0.9563793966646210176207887,0.0000000000000000000000000,0.0000000000000000000000000,0.0000000000000000000000000,1.0000000000000000000000000
4 0.0161596659793565265716975,-0.1265218506510190077385403,0.6029308162767852419250403,1.2688852616926902250327203,-2.0337005089580602046339664,1.9976451967366251061264393,-0.6109281671479329656193613,1.0000000000000000000000000,1.1859707943796975460060139,0.4027987977037200129082350,0.9559956643315943303207405,0.0000000000000000000000000,0.0000000000000000000000000,0.0000000000000000000000000,1.0000000000000000000000000
5 1.4535350769677450877281899,0.7996788948533413154962091,-1.3309700885038591167131017,1.7304430408968840549022161,-2.4276313502517834486127413,-0.4077655868175278364162750,1.6975912877833141401140438,1.0000000000000000000000000,1.1859707943796975460060139,0.4027987977037200129082350,0.9559956643315943303207405,0.0000000000000000000000000,0.0000000000000000000000000,0.0000000000000000000000000,1.0000000000000000000000000
6 -1.2505673122437213073965268,0.7997990313995063660357232,1.5133485899201877256103899,1.5189130796731040717872929,-0.9015471731432184165910826,-0.6531195983538029548043369,1.7038649094999602784383796,1.0000000000000000000000000,1.1596521022308858839267032,0.1660175361512310487910327,0.9554052149552876294080761,0.0000000000000000000000000,0.0000000000000000000000000,0.0000000000000000000000000,1.0000000000000000000000000
7 0.3848811301300194553931533,-0.1462359851601096882856012,-0.6617173251682705314991040,1.4875075824429730975140274,0.9622937636109668568806796,-0.8905312646601960535619469,-2.9611208219121727402978195,1.0000000000000000000000000,1.1596521022308858839267032,0.1660175361512310487910327,0.9554052149552876294080761,0.0000000000000000000000000,0.0000000000000000000000000,0.0000000000000000000000000,1.0000000000000000000000000
8 0.2978569249155773035475647,0.0514103720490049834190849,-0.7511654422682745302353169,0.8909804011329881534564379,-0.6240932104357109766468170,1.4666103620392316742027106,-0.9226623778855240765039980,1.0000000000000000000000000,0.9188671017386331740794958,0.2545652448453778471382236,0.9555576436876122015107171,0.0000000000000000000000000,0.0000000000000000000000000,0.0000000000000000000000000,1.0000000000000000000000000
9 0.5937400245975649193397317,0.7499109645737059848258355,-1.0657190030380003786802945,1.9726660058185507828909522,-2.2461570533997052834251917,1.2430013975794431679844365,1.5122749980854237605853996,1.0000000000000000000000000,0.9188671017386331740794958,0.2545652448453778471382236,0.9555576436876122015107171,0.0000000000000000000000000,0.0000000000000000000000000,0.0000000000000000000000000,1.0000000000000000000000000
10 -0.7224888956828299235723989,-0.4665806328186012930103743,-0.7949077040965258911242586,0.6483457070265571386968873,-0.8902478082872394837821162,0.8506181376756254408633140,-1.5487386637217510632069661,1.0000000000000000000000000,0.2746370658393190722357247,0.0676490052918200523990322,1.3653137308151059858829512,0.0000000000000000000000000,0.0000000000000000000000000,0.0000000000000000000000000,1.0000000000000000000000000
11 -1.1546114956192163880643875,-0.4925711860679282683150859,-0.9588222995033315321222744,0.8469956260963996674817622,-0.7347410604772256492722704,-1.1621500727078644121803563,-1.6382363941219708625141038,1.0000000000000000000000000,0.2746370658393190722357247,0.0676490052918200523990322,1.3653137308151059858829512,0.0000000000000000000000000,0.0000000000000000000000000,0.0000000000000000000000000,1.0000000000000000000000000
12 -1.3854812813096082368957696,0.3888568971601462087583911,-2.7262374069203336723887787,0.8924943942701272225903608,-1.9278927986042095898966409,1.7089570675552621104031914,2.0144209647665176632358452,1.0000000000000000000000000,0.4505816242660309889345172,0.1578231352650668051218474,1.3315600888717733507604635,0.0000000000000000000000000,0.0000000000000000000000000,0.0000000000000000000000000,1.0000000000000000000000000
13 -0.4689564612831394474490310,0.4903122377783414309604382,-2.5968626507082666066139609,1.1951291476314491735166712,-1.8618673574946360549375868,-1.1641734189652712672113921,0.9543572939013587053125320,1.0000000000000000000000000,0.4505816242660309889345172,0.1578231352650668051218474,1.3315600888717733507604635,0.0000000000000000000000000,0.0000000000000000000000000,0.0000000000000000000000000,1.0000000000000000000000000
14 0.5682924624885558051445855,0.7220163871396293453486237,-1.8621554884599327284178116,2.1181578810732686335427388,-1.5267226131635698305188953,-0.6252111045761085117433709,0.4358853094847087161767263,1.0000000000000000000000000,0.7154498016300843143966404,0.2833343971443056941161842,1.2287210700468722546219169,0.0000000000000000000000000,0.0000000000000000000000000,0.0000000000000000000000000,1.0000000000000000000000000
15 -0.9140547472155837738228001,-1.2234796100036777755093453,-0.4254686427977077411988205,2.4479456068787137645870189,2.2231771995217406434619534,1.4542469444937289324570884,0.3872983441181881980597268,1.0000000000000000000000000,0.7154498016300843143966404,0.2833343971443056941161842,1.2287210700468722546219169,0.0000000000000000000000000,0.0000000000000000000000000,0.0000000000000000000000000,1.0000000000000000000000000
16 -0.0894340011809275081677839,-1.3439254892018714926393841,-1.1187631521649523680395077,1.8306991683121469627337774,2.2387777492398570622356146,0.7006859794262267904230157,1.0106222984027368738679797,1.0000000000000000000000000,0.7115415825795110560392231,0.1164405724575932193909367,1.4741010070424998001925587,0.0000000000000000000000000,0.0000000000000000000000000,0.0000000000000000000000000,1.0000000000000000000000000
17 -0.0001431839999677362337653,-1.3991109448373884038829829,-1.0512538217782285698831402,1.8233353490118260342711665,-0.5828790925635118913561428,-0.4386775712197077403686762,-2.4462585494245332462526221,1.0000000000000000000000000,0.7115415825795110560392231,0.1164405724575932193909367,1.4741010070424998001925587,0.0000000000000000000000000,0.0000000000000000000000000,0.0000000000000000000000000,1.0000000000000000000000000
18 0.1678692136505171017546445,-0.4662658735531938769547367,-1.2736381183366405345225303,1.2016404767465291847372555,-0.5371065860320921592219179,1.5724633590190033594069519,-1.4906662020335796903225400,1.0000000000000000000000000,0.6566978725170240505093489,0.3340290542617575519912521,1.3649116490571346904658867,0.0000000000000000000000000,0.0000000000000000000000000,0.0000000000000000000000000,1.0000000000000000000000000
19 -0.5751729091686103023661758,-0.8610333084032932848828068,0.9098856304607075839996355,1.1197733844585129325821526,-2.1234144322062489251834450,1.1331138502029300951789992,-1.5348746006874445235723670,1.0000000000000000000000000,1.1483456829555080958016333,0.0786858986311992220086253,1.4866525193614199551461752,0.0000000000000000000000000,0.0000000000000000000000000,0.0000000000000000000000000,1.0000000000000000000000000
20 -1.0807516321173900042396099,-0.0744086419644792440575287,2.0720349859399442848939543,1.4368505084066169885659292,-2.5770072026212216265150801,0.8100953506352825961300823,-2.2981884463279826924519966,1.0000000000000000000000000,1.1483456829555080958016333,0.0786858986311992220086253,1.4866525193614199551461752,0.0000000000000000000000000,0.0000000000000000000000000,0.0000000000000000000000000,1.0000000000000000000000000
21 -1.1358391721139977637022866,0.7662512352941678317463925,2.8665491712695523318643609,1.2215268202248339424187407,-1.9859413507042507074373816,0.6551201828546449057455447,2.3211377589592405712437539,1.0000000000000000000000000,0.7723447650309395173806593,-0.0644909200000068766334138,1.1961727872473060241276244,0.0000000000000000000000000,0.0000000000000000000000000,0.0000000000000000000000000,1.0000000000000000000000000
22 -0.5165172727310222144936347,-0.2384168965054238309431156,0.1972148690649930535823131,0.4478755129366802645307644,-1.8544938741444105811950749,1.1457095000174404297865749,-1.3490747302131180784812159,1.0000000000000000000000000,0.7723447650309395173806593,-0.0644909200000068766334138,1.1961727872473060241276244,0.0000000000000000000000000,0.0000000000000000000000000,0.0000000000000000000000000,1.0000000000000000000000000
23 -0.7683097307508002238307654,-0.6408594545305154044356755,0.7601915238532462870679751,1.2144552021664267726919206,-2.5108285941721786294067442,0.8552578186407955307402062,-1.1063860457692533678653035,1.0000000000000000000000000,1.0417899232319509650324107,-0.0437632769922554829000738,1.3044453556670085880853094,0.0000000000000000000000000,0.0000000000000000000000000,0.0000000000000000000000000,1.0000000000000000000000000
24 -0.4758714488550017107648671,-0.3934622749516252793178239,-0.7823336854952137597862816,0.6717502861621715837259217,-0.7973226714206276266594386,-1.0927204702015596016195786,-1.6904209753723300480032776,1.0000000000000000000000000,1.0417899232319509650324107,-0.0437632769922554829000738,1.3044453556670085880853094,0.0000000000000000000000000,0.0000000000000000000000000,0.0000000000000000000000000,1.0000000000000000000000000
25 0.5038680287941036395338301,-0.1553830408376269955894600,-1.2418050055318408109172879,1.1140213774504554855582228,-0.6695550893395635361216023,0.5386955097963546101880183,-1.1313837403090969413455014,1.0000000000000000000000000,1.1441207166733782241152539,0.0758032414297588191809396,1.2048596780304143827322605,0.0000000000000000000000000,0.0000000000000000000000000,0.0000000000000000000000000,1.0000000000000000000000000
26 0.2242943686347928233804083,0.3509126989333187784936285,-2.3501734275866783541175664,0.6092157301556746507031903,-2.2555219711643319513427741,-1.1122306553238214821277552,1.4655807287542199635055340,1.0000000000000000000000000,1.1441207166733782241152539,0.0758032414297588191809396,1.2048596780304143827322605,0.0000000000000000000000000,0.0000000000000000000000000,0.0000000000000000000000000,1.0000000000000000000000000
27 -0.0343969352647586559812432,-0.8197407365897390052467131,-0.3192314161787582205143110,1.2789010490470607006585624,-1.9090615128296453129053134,0.6882013770231050209247314,-0.8671532624052172844031361,1.0000000000000000000000000,1.0735426008810953213412631,0.0097577627421160106901965,1.3221965147518535133031037,0.0000000000000000000000000,0.0000000000000000000000000,0.0000000000000000000000000,1.0000000000000000000000000
28 -1.2013444811364812903065058,0.2889262009339720882472591,2.0646006145967392697571086,1.4197186860289936483070505,-2.5683324960163864680851020,0.4936117993172313145322505,-2.5913859890291393028860512,1.0000000000000000000000000,1.0735426008810953213412631,0.0097577627421160106901965,1.3221965147518535133031037,0.0000000000000000000000000,0.0000000000000000000000000,0.0000000000000000000000000,1.0000000000000000000000000
29 -0.0935936437754651961995478,0.3765667692435594182676084,-2.8396665148745907636396169,0.6542054886517132405998609,-1.1902302665017827631999126,-0.3919095827228900041916404,0.8665768018521555760003139,1.0000000000000000000000000,1.2632647175450180121458743,-0.0464151820616867383240134,1.2750877230777812876283406,0.0000000000000000000000000,0.0000000000000000000000000,0.0000000000000000000000000,1.0000000000000000000000000
30 -0.4429790423257123910261157,0.4379177205174283327160367,3.0293657312140904735997538,0.7846074236439907201301480,-2.4063110944383461209383768,0.4124751202354557388929379,2.5597586371456806375590531,1.0000000000000000000000000,1.2632647175450180121458743,-0.0464151820616867383240134,1.2750877230777812876283406,0.0000000000000000000000000,0.0000000000000000000000000,0.0000000000000000000000000,1.0000000000000000000000000
31 0.2757027518590042802770768,-0.3254733084435553203128677,-0.5960245977869333966481236,0.8437724064612811547547722,-1.3399508670644726393561541,0.8231357751987573578844604,-1.0342596379083981439350737,1.0000000000000000000000000,1.2507086311982518189722668,0.0699172810464712413125454,1.1743563701046426661633859,0.0000000000000000000000000,0.0000000000000000000000000,0.0000000000000000000000000,1.0000000000000000000000000
32 0.4435268720987619595064189,0.4064917217534130822187421,-1.8269121438927313771927174,1.3394630841371648610760303,0.2129217658264231927134347,-0.5101556240162605782018090,-1.2865389645448210842459957,1.0000000000000000000000000,1.2507086311982518189722668,0.0699172810464712413125454,1.1743563701046426661633859,0.0000000000000000000000000,0.0000000000000000000000000,0.0000000000000000000000000,1.0000000000000000000000000
33 -0.6190802484449889897533126,0.0766446635636198470020730,1.5723329861040722388310087,0.7531239359963128876529481,-0.1191391635273090915392302,-0.6974593718524367824684873,1.6607396426034368719371059,1.0000000000000000000000000,1.2733362020986789264753725,-0.0197197641756943278790182,1.1998087477636563136229597,0.0000000000000000000000000,0.0000000000000000000000000,0.0000000000000000000000000,1.0000000000000000000000000
34 -0.8247168644555862293543669,-0.0939378260861153252525568,1.2790975396037200795262834,0.8208580413853993063000303,-1.0582374907108387240839420,-0.1525931587222000285208878,2.9055446927182519978316577,1.0000000000000000000000000,1.2733362020986789264753725,-0.0197197641756943278790182,1.1998087477636563136229597,0.0000000000000000000000000,0.0000000000000000000000000,0.0000000000000000000000000,1.0000000000000000000000000
35 -0.0310301665390611165762369,-0.6671102105186116348889414,-0.5984746453747532557443378,0.9717233768183624054159964,-0.5160412225270345487615486,-0.3335347756899589288792640,-2.1799013301276946030782256,1.0000000000000000000000000,1.2515311001108637700696136,-0.0158676856597269391735416,1.3545177924234967914429717,0.0000000000000000000000000,0.0000000000000000000000000,0.0000000000000000000000000,1.0000000000000000000000000
36 -0.8922139388324338282743042,-0.1161947044040120835539653,1.6923082821554291665933079,0.7825944827114816870761160,-0.9945395933645660990762849,0.1970463593942328728303437,2.5746504238321685775758851,1.0000000000000000000000000,1.2515311001108637700696136,-0.0158676856597269391735416,1.3545177924234967914429717,0.0000000000000000000000000,0.0000000000000000000000000,0.0000000000000000000000000,1.0000000000000000000000000
37 0.0710180168704157982473291,-0.3896804551294107410441825,-1.0312297906303988792586779,0.8301023819125408209629313,-0.4052016458195983883427971,-0.3806541652328587765907741,-1.8268983550239630275768832,1.0000000000000000000000000,1.2559144516363340837727947,-0.0368931456407965846500119,1.3172530378295355113493770,0.0000000000000000000000000,0.0000000000000000000000000,0.0000000000000000000000000,1.0000000000000000000000000
38 -0.2755927236949599623550000,0.4341016464528116292065363,-2.9553197485443765124557558,0.9118857769532769941278616,-2.8295187006376787408612472,0.5166098543054471470270528,2.7017562061471380729926750,1.0000000000000000000000000,1.2559144516363340837727947,-0.0368931456407965846500119,1.3172530378295355113493770,0.0000000000000000000000000,0.0000000000000000000000000,0.0000000000000000000000000,1.0000000000000000000000000
39 -0.1778221317735685369498810,0.1190281593478064725566412,-0.9626544818763900224212193,1.5968529559488469082850770,-2.6730983382603539233457468,1.1534849571313174898534726,0.9109064732039757750214903,1.0000000000000000000000000,0.6775050253735412919553482,0.0692653077977082309857337,0.9599114239564684458727584,0.0000000000000000000000000,0.0000000000000000000000000,0.0000000000000000000000000,1.0000000000000000000000000
40 -0.4870807919721706347182533,-0.2366303827699029471709480,-0.1186743542681692187290565,1.2037465177808621685784374,1.1786404581918223932746059,-1.1905943631150732731072139,2.6452732131816336647034404,1.0000000000000000000000000,0.6775050253735412919553482,0.0692653077977082309857337,0.9599114239564684458727584,0.0000000000000000000000000,0.0000000000000000000000000,0.0000000000000000000000000,1.0000000000000000000000000
41 -0.1764300977536304160242508,-0.0548183091150835355431781,-0.7896687926921079903053169,1.8283310261782474981373525,1.9182482830151237340743364,-0.7695922124057972268929007,3.0181916867733140641405498,1.0000000000000000000000000,0.3918729134098966060406610,0.4122501121192472806065155,0.9554181598687628840238517,0.0000000000000000000000000,0.0000000000000000000000000,0.0000000000000000000000000,1.0000000000000000000000000
42 -0.4314196841236108692640983,-0.2718091205655638331606383,-0.4616663861214026498558383,1.9033162648484545087512743,-1.6085528824951096371620451,1.1238465032651303587840630,0.0440147191431785808624078,1.0000000000000000000000000,0.3918729134098966060406610,0.4122501121192472806065155,0.9554181598687628840238517,0.0000000000000000000000000,0.0000000000000000000000000,0.0000000000000000000000000,1.0000000000000000000000000
43 -0.5595342137954524286413971,0.3049388114306502695072254,-1.1624424345611441555803367,1.3864748258320553908617967,-2.7719257905951257825449829,1.3259657522784387140291074,1.1192770158106715161494549,1.0000000000000000000000000,0.4698845384269415004219184,0.0894936074453842045350882,0.9574340037174681183884672,0.0000000000000000000000000,0.0000000000000000000000000,0.0000000000000000000000000,1.0000000000000000000000000
44 -0.5923230721439327606248071,0.5837670698770828225931950,-1.4709639723801850585971351,1.2818741024443303100355251,-2.5352280052270401711211889,1.3269544613207480132643923,1.3289308201671565790036311,1.0000000000000000000000000,0.4698845384269415004219184,0.0894936074453842045350882,0.9574340037174681183884672,0.0000000000000000000000000,0.0000000000000000000000000,0.0000000000000000000000000,1.0000000000000000000000000
45 0.6907529238864570375611152,0.9655907550479616574534703,-0.6456221909604884512390299,2.1852102209789285858221319,-1.9717859963806205758629631,1.1325215690920695799093210,1.6894320957621684620164615,1.0000000000000000000000000,0.6414395744872463112074001,0.3824355664348395578144846,0.9577173896705346578528406,0.0000000000000000000000000,0.0000000000000000000000000,0.0000000000000000000000000,1.0000000000000000000000000
46 -0.2190421127410295543125329,-0.0308447644696498608773982,-0.5492390122400986340878148,0.9001293312724140127656369,-0.5752217789709204165404799,1.8372983037667807160175926,-0.8343908173612455403400645,1.0000000000000000000000000,0.6414395744872463112074001,0.3824355664348395578144846,0.9577173896705346578528406,0.0000000000000000000000000,0.0000000000000000000000000,0.0000000000000000000000000,1.0000000000000000000000000
47 -0.2377495725134682047485768,0.0966097264744244094147874,-0.8237755388515748400379834,0.8319333752531238301841654,-0.3106542569351769533803065,1.8119712324403094427793803,-0.9517630713121947305666026,1.0000000000000000000000000,0.5801859769645081321698399,0.3921433582399708184240694,0.9555935771021030200600421,0.0000000000000000000000000,0.0000000000000000000000000,0.0000000000000000000000000,1.0000000000000000000000000
48 0.8243547855369490751087369,0.7505256738567078755863804,-0.9925133343998535639940428,2.0450959175572949177990267,-2.4157967671225342165541861,-0.2139479430457333908321971,1.7629448847722044568797628,1.0000000000000000000000000,0.5801859769645081321698399,0.3921433582399708184240694,0.9555935771021030200600421,0.0000000000000000000000000,0.0000000000000000000000000,0.0000000000000000000000000,1.0000000000000000000000000
49 0.0336650091001260004519580,0.1153763773410105414329863,-0.8255867033918210529108705,0.7756413743072104738374151,-1.2168528928808570732655880,0.7890282412008513546197719,-0.6760912580731386345433975,1.0000000000000000000000000,0.9402617489408058304434235,-0.0066513766006805891128906,0.9590722960112952888422910,0.0000000000000000000000000,0.0000000000000000000000000,0.0000000000000000000000000,1.0000000000000000000000000
50 0.1561057434453041181665611,0.2180628774914902812120943,-1.0844630984930865302828806,1.0899070901979008851867547,-1.6585043316966781024035527,0.5281751044225764246675681,0.0605988187954090012921071,1.0000000000000000000000000,0.9402617489408058304434235,-0.0066513766006805891128906,0.9590722960112952888422910,0.0000000000000000000000000,0.0000000000000000000000000,0.0000000000000000000000000,1.0000000000000000000000000
51 -0.2849842497664729079609458,0.6273685102548893777196781,-2.0312282461207775696721001,0.6014851489797455874608545,-2.0928589986483987495091696,0.7314003113337794736992237,1.1394872328675407224807259,1.0000000000000000000000000,1.0669853509482858378021319,-0.0567061158906231252418984,0.9593846945717858787361365,0.0000000000000000000000000,0.0000000000000000000000000,0.0000000000000000000000000,1.0000000000000000000000000
52 -0.6849019858900796675627021,0.8659420391435217467801522,2.9670596104826083561079031,0.7077330002183155333028708,-1.0287415828696950814702404,0.3844366846068001386527158,1.1185225893644252792569205,1.0000000000000000000000000,1.0669853509482858378021319,-0.0567061158906231252418984,0.9593846945717858787361365,0.0000000000000000000000000,0.0000000000000000000000000,0.0000000000000000000000000,1.0000000000000000000000000
53 -0.0350817051798235357562561,0.6036459926593876756939494,-1.9638283234583611136514492,0.5546027799589845486138984,-1.1416698221754144615402993,0.3291303782393830701380466,0.2049762014012913302618557,1.0000000000000000000000000,1.1389495713584820713037971,-0.0558573369569412142565668,0.9551793051465318207249311,0.0000000000000000000000000,0.0000000000000000000000000,0.0000000000000000000000000,1.0000000000000000000000000
54 -0.2274222875269082122517972,0.3944857047441832631484715,-1.4295174904256997550078268,0.4217154174928899323937515,-2.4644702593990683858748980,0.6423954501014179641060764,0.8322286788556267911332043,1.0000000000000000000000000,1.1389495713584820713037971,-0.0558573369569412142565668,0.9551793051465318207249311,0.0000000000000000000000000,0.0000000000000000000000000,0.0000000000000000000000000,1.0000000000000000000000000
55 0.0618641566731525927025359,0.2099492306475024827605580,-1.1037408537280939402336344,1.3215775739054493875812568,0.9678410631000159414227824,-0.6203441948724650600865971,-2.5283389717911806116035223,1.0000000000000000000000000,0.7994016728128314763779372,0.0140527888825408980855158,0.9582882109020315342107210,0.0000000000000000000000000,0.0000000000000000000000000,0.0000000000000000000000000,1.0000000000000000000000000
56 0.0403218886110379495790745,0.9652406604037445658761385,-1.8401661339672041872717045,1.3781674456253654170723166,-2.1360264656877530065060000,0.4654123168277610744780759,1.5573828297125473785200711,1.0000000000000000000000000,0.7994016728128314763779372,0.0140527888825408980855158,0.9582882109020315342107210,0.0000000000000000000000000,0.0000000000000000000000000,0.0000000000000000000000000,1.0000000000000000000000000
57 -0.2823300735850507447999291,-0.1522145361181033440534094,-0.1658480274287603140059844,1.0326523724030203243984261,-1.8285529048559987508326685,1.1696253068138031672162924,-0.6005336402849577037699191,1.0000000000000000000000000,0.8193690039074835729238089,0.0431515753842664773198834,0.9565164838552085990741602,0.0000000000000000000000000,0.0000000000000000000000000,0.0000000000000000000000000,1.0000000000000000000000000
58 -1.0533509567101801973620923,-0.2853942574743096871614512,0.1980295354003610286408588,1.3913872295165858883336796,-0.7536030488434659613261601,-1.0937777487997792924545593,-2.9696536829716930760980631,1.0000000000000000000000000,0.8193690039074835729238089,0.0431515753842664773198834,0.9565164838552085990741602,0.0000000000000000000000000,0.0000000000000000000000000,0.0000000000000000000000000,1.0000000000000000000000000
59 0.0191420721226021987859678,0.1458001650728126541434193,-0.7454878575617419622645343,0.5915173676092697618855709,-2.1117941186889712668062202,0.5573528993676197806905748,-0.0978802414046795743463036,1.0000000000000000000000000,1.2262524041190054902017437,-0.0136359343694690271497905,0.9575303947262141512908329,0.0000000000000000000000000,0.0000000000000000000000000,0.0000000000000000000000000,1.0000000000000000000000000
60 -0.5038552204105869458672373,0.0465069027561375025747736,0.2551658307089381128029970,0.5395687940706247465172396,-0.7359231654535844935338673,-0.6129541139178695807743225,-2.7759764358944467588230509,1.0000000000000000000000000,1.2262524041190054902017437,-0.0136359343694690271497905,0.9575303947262141512908329,0.0000000000000000000000000,0.0000000000000000000000000,0.0000000000000000000000000,1.0000000000000000000000000
61 -0.5138483109337184107090479,0.0426967394101564201580601,0.2538583212333405669802744,0.5522230403761037020871072,-0.9168158050925883095771951,-0.6726386855228984051890961,-2.6336809042949615999873458,1.0000000000000000000000000,1.2468123006573004207808708,0.0101200102456472929013387,0.9570361499497834767424820,0.0000000000000000000000000,0.0000000000000000000000000,0.0000000000000000000000000,1.0000000000000000000000000
62 -0.5484477648779727543271179,0.5533219683631971363979574,1.9563903742252863882100655,0.4930430558578608457587222,-1.3033144594410477346002608,-0.4664387167275132473065469,2.3421146205595029243795580,1.0000000000000000000000000,1.2667465605152521401777221,-0.0013006470311901774383756,0.9567866195280974039860666,0.0000000000000000000000000,0.0000000000000000000000000,0.0000000000000000000000000,1.0000000000000000000000000
63 -0.4829846072990610084119112,0.0772804980764190685427195,0.5319507050968362849019400,0.5652569166881054041340349,-0.4417508335503587679760074,-0.5631292208857504588692677,2.9805184242963864704734078,1.0000000000000000000000000,1.2667465605152521401777221,-0.0013006470311901774383756,0.9567866195280974039860666,0.0000000000000000000000000,0.0000000000000000000000000,0.0000000000000000000000000,1.0000000000000000000000000
64 -1.2013995474817593667182791,-0.3510797593286629769693263,-1.6552527628293058903352630,0.2521971756695756128330288,1.1234635629004161572197518,1.4021943171782114134771291,-1.0212777294769312952382734,1.0000000000000000000000000,0.0978394627041538067491189,0.2882708172865018347863497,1.1771898764214141497319588,0.2277459973674416937594600,0.6995129164545536015751281,-0.5689037493547797197379623,0.3676409057257176149491329
65 0.5795664694631605939889596,-0.2143203907438182564959561,2.2245460356488688802301112,0.7050111102345451019601796,-1.9956197983448487054403131,-0.6404908233695399966123318,-0.3487908915233757234375389,1.0000000000000000000000000,1.5672620354659521080264994,1.0997333248040024322733643,1.7955490999861847267737858,-0.0312732484151869993826978,-0.5839735385887920848801969,0.0843227747523933729434376,0.8067740723623930687580241
66 0.3424872347145599960072104,0.4836475074284933839408041,0.6648767100990244927061212,2.3290582263632946258269385,1.9482447394874160551125897,0.6290019004283546877331901,-0.4823521675026753996462503,1.0000000000000000000000000,0.8803512817032339565770371,1.4444741183801201866998554,0.8794315557745033817838021,0.6413441447223722224890707,0.6575625186030864544051155,-0.2940460462325513169012936,-0.2642423250925540756384180
67 -1.1833624633269550496805778,-0.1162294110577688499574833,-2.9063699610650575166914678,1.8055157602408504757818264,1.6863078438170751027769256,-1.4863760040975368958982017,-2.0971184476474853397576226,1.0000000000000000000000000,0.8538916270348831938363787,0.6342776752299520426348067,1.7115787751967588281587496,0.3033673277817964253344485,-0.1617778440309763365867468,-0.0654084648799896084536698,0.9367581497057677619721971
68 0.1292159538226049786402427,-0.1849915133910211562096038,-1.8672486631905407250542339,2.1159619155349029817614337,-0.4679894042960319744395292,1.6094429997445298674563219,1.7701167262071360042341439,1.0000000000000000000000000,0.6192382997521049814437788,0.8359859954880382026942698,1.3680928595861916452491869,0.1665473025798797634955406,0.0980669469664692816657237,0.7832716774349213206818376,0.5908707046771646265170830
69 0.8079644491564392794202831,-0.5006493235498896687829529,-1.9185316148373876554700246,1.8391205514134467691178543,-0.1946670418668849933396814,1.0768826486760594285385650,-0.4154417799182432702309598,1.0000000000000000000000000,0.6775304182683380416207797,0.4825766981527289667397440,1.3451143648414893849718510,0.0181678215213417759699155,0.7338132061375379766587912,-0.6618796787468791409381197,0.1519911880313158381028416
70 -0.4992163264936753108713674,-1.5323126948891729881552237,0.1081240852026454923873189,-0.0480622643651730727110127,-1.7943011321841280114597339,-0.4555005766471493799940617,1.9613065652560006668636561,1.0000000000000000000000000,0.9423708200820263281016764,0.8216343326581870831759602,2.2069354407694383723992360,-0.4365841280548274916384344,-0.4796604250368476374255522,-0.2333527337471544838010118,0.7244753082116246467592191
71 -0.7988140878853259296832334,0.0002726863302631166163792,-2.6601407109363277569968886,0.4545643300956880294982909,-0.0580248771649900518809773,-1.2132483694244271532625135,1.4606250022461759741077003,1.0000000000000000000000000,0.7203853843899918896198642,-0.0670387737822429052858553,1.1822267407262128102729548,-0.2419721972870528814425484,0.5220957956016361034556894,-0.3165198379217684099273811,0.7541076815283001000267404
72 -1.1175158770490560833366089,0.4389923538640108091613001,0.8003431529739901684195047,1.6154806255835481021421174,0.9421770051518345567842516,1.3308056179745921809853826,2.6903388199039452999272726,1.0000000000000000000000000,1.2378321809195478309106875,0.6266793953523698279539644,0.9597401484695582407624670,-0.2000273101299405165143241,-0.3326499142524004248855363,-0.0180484828516244977247851,0.9214147750436068040613691
73 -1.3035274307815991612358175,-1.4490654713874984160781878,0.4219289157953176605531098,1.0889652828811504647887887,2.3470128966430268135923143,-1.3067765167164933082233347,1.9114500950763240183505332,1.0000000000000000000000000,0.4299270595214428336561241,0.2883528225291487334658314,1.4859155750565684606101513,-0.0763933333856463558930727,0.8388581883686184736959035,-0.3892739108628630595454467,0.3727527016734480946880126
74 -0.1603449986114904302070272,-0.0407489540892416179929114,-1.7932480347510730833704429,1.0778038003425129964796270,0.4413590246598979582870470,2.0018274724720290791424304,-1.2807982631185084176905775,1.0000000000000000000000000,0.5863877004198956299774181,0.4427636743922265805117888,1.1472503536795621847943494,0.4218731977660059584422925,0.8668477320288420218119541,-0.2366267500060200701383906,0.1208458815017938725588920
75 0.6146028610528877500485123,-0.1435824790944262296932266,-2.4990461880656011928181215,1.1150695042559266578763300,-1.0613445188721382095309309,1.5019726494129037597247134,2.5888075191778163741673779,1.0000000000000000000000000,1.1201218817695992591154663,0.8116066118040637933361836,1.7996348818632319499499772,0.5225103620823026151498425,0.7161744323476553208962514,0.4357689140748381428913660,-0.1555004993487596465229217
76 0.5356069676845836013967528,-0.4942261294830712081704860,2.9632272978976956778751628,1.9405278217860157941032639,-1.3412344697025764261866243,1.8803106913289706625391773,-3.0186182544211010991830335,1.0000000000000000000000000,0.9784516651116370589136295,1.2559950112617896955669039,1.4758479384219835850444724,0.6937885588873029529821679,0.5605581610022931648984468,0.0014800481706261359171606,0.4521366825634091646257673
77 -0.7275057417459542818960472,0.4664147340876123593034208,2.6208876391944651018661716,2.1031670131875048745939694,1.9720475075585053303939276,2.0565370932570732342981046,-1.8805817053958688855885839,1.0000000000000000000000000,0.7102402230460276300050282,0.3617205445910797179109863,1.3869257424780179199785834,-0.2658053181694149946778793,0.8126278311483264849002239,-0.4829734165508151599865982,0.1889920972693562850608373
78 -0.4397681086781335402235982,0.3087615233993910024423712,-0.9200334125258029516203351,0.0860415173396661264737517,2.9988792481598816053178780,1.5072754666250633981405826,-1.5771047291867923423325237,1.0000000000000000000000000,1.2454567052280873795666594,0.2074378034681595983634850,1.0314358103310097281024582,0.2070767947605550163281407,-0.2018414981464147772705076,0.0541311081055104587056448,0.9557441038731337989986514
79 1.5831260208461128691226349,-0.4265803010955357965627854,2.6944091836850256882485155,0.2160845199423304108243826,-1.8791371170785917676937515,-0.6618014870297564966605819,1.2900826687510509316325624,1.0000000000000000000000000,1.3773954439692732698574673,1.4875506447569808443631700,1.8610695788100835024181379,0.8656988523545265934444615,-0.0761869457648545467254309,0.4558965618867873992314799,0.1921386879408806536151388
80 -0.8944874987598311344427771,-1.4986316927949112631779371,1.5206626053400142950522422,1.4581349393036844297455445,-0.2524136440630133648710398,-1.2611730122707223156197642,2.7723029068379210215766761,1.0000000000000000000000000,1.2632044392150181266742948,0.8102859286325968524167251,1.8849353710964886765566462,0.7370756478309185011354998,-0.1300102294339835762304602,0.6060920169325322293119029,0.2691971979599296904694938
81 -1.1062370707910365030812727,-0.5231947045317826283650220,0.3109658808110840055860535,0.2564802533548699026155759,1.0080898619774218971656410,1.5940052446508996553120596,3.0024478028861096845503198,1.0000000000000000000000000,0.8727079228257760279419131,0.0882654411225815421770946,1.3098039386745088386021507,0.8107484420292377924610605,-0.2003005583836734437852556,-0.0364865707404613548447969,-0.5488471294408142631127134
82 0.3647885322637840488368965,0.9043901069459461261601518,0.4829456748948475208749187,0.7850595306060552669435992,-0.3863170833714852925311334,-0.7167275978137227498976358,1.9336859708766853671590980,1.0000000000000000000000000,1.2373983722476429303327450,0.9845285922393600674951131,0.2515900834436030630847370,0.8593128321434855276805820,0.1322628179476261212066390,-0.3862536288884281798772236,0.3080485309274196836781812
83 1.5894204842175212455401834,-0.1573388257940944168211672,1.2475949801772108216368906,0.5543057569136402573661826,1.8914811642200133334767997,0.8581807478607945682824720,-0.3021418617531383965513214,1.0000000000000000000000000,1.1533145597532266091178599,1.8744740830522230723431676,1.4481144718114171698886139,0.7457096572858392669047589,0.5129707074154615797922929,0.4067578056922853124710571,-0.1237902992327213347323323
84 -0.8869233418969753035554504,-0.3663794823779626952386934,1.3502643750928760013607643,1.8677138090085767530013072,0.5549035336384102734541557,1.7182295040776267569526681,1.1714897556987082793966692,1.0000000000000000000000000,1.0848517524190066652067799,0.8756527156254869659335327,1.2728703676899681962453315,-0.6429118055575491208486483,-0.7504472212423682897508570,-0.1360501927909255059923055,0.0705799828460813016839381
85 -0.7244829281775198026593898,0.2355752504396138036213415,-1.5926216578751417607406893,1.1271002507978584716852311,-2.3620910995169968060736210,0.2836998862586705971722267,2.0992525789878575537272809,1.0000000000000000000000000,0.1467376627149804546590417,0.1045597709566124106084217,1.0929220738942213575484175,-0.3252498683282286084939017,0.7919509051399826748962596,-0.4926781971193402998032695,0.1558597797619700187077285
86 1.0677845483416201766146969,-0.2325392690829648500994153,3.0264580876494910910423641,1.8816783292217542644664263,0.3661609929945135455398031,-0.1218843805929794577025405,1.8762125483635871958654207,1.0000000000000000000000000,0.8050806946116815243641440,1.0494046826458969245976505,1.9347463400738225125508052,-0.1782848181380331520351490,-0.8092641581050157295607050,-0.2515481614237725649374511,0.5000273402434587399767452
87 0.5540312834489440341201316,-0.5395303415109076183853176,0.5613996316814451326138169,0.4224976653701149054143116,-0.0773650095799776060800923,1.9749653962045425892313233,-2.4509915271121971436230069,1.0000000000000000000000000,1.4605326643115383866700085,0.9961399362847923599773026,1.0673576920312404237023429,0.5371840556716024339678484,-0.0981399241540431843677794,-0.7821645125578343682448690,-0.3000306497651338277776745
88 0.4695568153538469680086109,-1.0663169371640852656213383,0.6870223499217846807596288,2.1507722356919072304037854,1.2863514038991885612972510,-0.5194913754709216124894056,-0.8900770707917757817995152,1.0000000000000000000000000,1.4274047420870206170917527,1.0261113649181672347054928,0.9196331800418598989566021,0.1370911266029253561260504,0.4106208024349808916042548,-0.0999867206243500172835326,0.8958777959355712638966907
89 0.4775634900257581527682760,0.6578158287726418862462197,-2.4926197463209813776074952,0.2671639807322825910240738,2.8549692116211957682025968,0.2577320066256498787282680,1.5460309326802521567856274,1.0000000000000000000000000,1.6495747047301489995874135,0.5218986267562057967950295,0.6169051452287970249699356,0.7795403578382134046620422,0.0465050341508388420663778,-0.3774094175271391904402662,0.4977088025214672084572953
90 -0.5559767491031355479691456,0.6934932752905846875535190,2.0070720538574784441721022,2.3745332927501445752227482,-1.3000721297529862496844544,-1.4960895665468409987397536,0.6740649164920040625759157,1.0000000000000000000000000,1.0981135814603495415298084,0.5404276745891409827748930,1.4331121550455172553029115,0.6679820299074054057442140,-0.6512454716334343807204732,0.2892709716222882088132451,0.2144747912964821145997973
91 0.8824054047049014748438367,-1.7275252652766763805658456,-1.2299595799915004068481039,0.7420298927500981189808726,-0.7787208453443463795906609,-0.6724166747421138623508341,-2.8821347429888022340094267,1.0000000000000000000000000,0.9765026595019488109272743,0.6307746314673543519546683,2.1280850718140551514068193,0.6084196530953943637953785,-0.3890143076362609919627289,0.4203717284832894085511157,0.5493439454054832582485801
92 0.8270237804491018529517987,-0.1117859424263172307689729,-0.5743739352143060195032831,0.2819766705054680966391345,-1.3531576265767952804708329,-0.8850576303629787977556020,2.1004707953079932991613532,1.0000000000000000000000000,1.7886493734732751281768515,1.0783414758152785051237288,0.9954994069761765596027203,0.1155445724591016853910475,0.2357718442752957943575609,0.3290925977275371838715046,0.9070595110797285975934301
93 -0.7054526148098344551229388,0.1667358088417612016485236,-3.0393791122253612790871102,1.8819133945460955192885422,-2.8103768255316543545063723,-1.5613957531294384573072875,-2.3758836465370301027633104,1.0000000000000000000000000,0.6310760814097087223473181,0.8422881176339900299865349,1.5011135192200635302128831,0.1359831793758273232874956,0.3324368832419514752096745,0.7567524249606729647155134,0.5461848529388309003707036
94 0.8174207759990435029351374,-1.4629983989223829254910925,-1.5071826992678865053676418,1.3489863648093241010883503,2.3248247515772586524462895,-1.1379455679701226955558013,-2.5548507737665673289484403,1.0000000000000000000000000,0.7085804159798875234699267,0.3105448550424745879361410,1.4768104595533133593932007,0.1216375670295953836941294,0.2932145951971113495559962,-0.8632763806189298616544647,0.3924043751142919367325135
95 -1.3729603045303844233160362,-1.0791816580305719774912632,2.5509640726460585113954949,1.0547735856309408131181726,-0.0374837586723657523180009,0.3601212381461631473200669,-1.1224324405758792089216058,1.0000000000000000000000000,1.2028767285476231752028298,0.8598194085320716162357257,1.9778067560191139317993247,-0.3555213294079005992287534,-0.2942647565245627983010479,0.0071162030180990654137929,0.8871076575787066875733444
96 0.4434678323050049719711296,-0.5446265259308864514764537,1.6829137318501876663390249,2.6051928539551760799497515,-1.0908375090033921583909660,1.4236898108516964356340395,2.5257270487000829106705169,1.0000000000000000000000000,0.9597237856879521356034957,1.0597355495300238015232708,0.8948352982044293080221564,0.0316424754736572416691232,0.6480606643492430318787001,-0.2059925103285759617754991,0.7325169232917576600527809
97 -0.9792915160278161668117036,-0.8354325081279652120969104,0.2368297438824251699429624,0.2998792868544716272438677,-2.7169282121890820924647869,1.0640099736059167589985464,-0.6292358168411236185590951,1.0000000000000000000000000,0.5000119917537850788846754,0.2685969916754188946406146,1.8871361812254079382000782,0.2655175398057103564042336,-0.7266690281796456263307959,0.4703796149541735749366467,0.4244918839380741326650082
98 -0.1757390712043420677446193,-0.1090963047417328191102115,0.3603171282247070728033123,2.3608053958112398262869647,1.8901762781847155636683055,-1.2846406370319920497991006,-1.0458791398000339967211403,1.0000000000000000000000000,0.6754479866257884212998874,0.7827951270524089455449257,0.7632797152827823783383110,0.0312841591685414366352802,0.7882444732298254930213943,-0.5824187114548087240706309,0.1961584865918755693492415
99 0.5023708348480049323825369,-0.9152908978519451732580592,-1.1018000939093695045301047,2.4165536213156553202452415,3.0193601576668953612170299,-1.1903176827973767082369250,2.4496355970532794898986140,1.0000000000000000000000000,0.6948256971675146331790529,0.7725576191397987013687043,0.9857374019384731456128179,0.3373464166871309455331129,0.9016395798629522895240029,-0.1182052157725095864471143,0.2434517713061571386745641
100 -0.0751604550775091251324511,-1.0898667975221139059271991,1.1718221857106847494378599,1.9231073350334106919490296,0.2499021994708581217992105,-1.5113338342798967595115300,1.2171783333486771994103037,1.0000000000000000000000000,1.4850511031294548747183626,0.8164205650988445306381891,1.5001360076708363244790689,0.7469540521500707130897467,-0.3683273401523530221624014,0.1439684810602068765206241,0.5344768822888433801310271
101 -0.2084749720989387267167103,0.9720506508988564497997231,0.6871228947176688528486466,0.2208650992451538508376530,-1.1747041246712695006237936,-0.0176746623532213487095532,1.3421561708707159255027364,1.0000000000000000000000000,1.1530888313111693488366427,0.5781148557340537452731155,0.2064477050129147062129675,0.5785316752299517473190349,0.2680629853726923528256521,-0.5033566689115315240243831,0.5831580190444887179523903
102 -0.4135920195555329303971348,-2.0329955046968510856686407,2.4298660863969328005396164,0.5262648124472538713192193,-2.0438366804704242163381878,1.3439754910913870311617302,-0.9932164819018063361966142,1.0000000000000000000000000,0.9859436537521700794073354,1.2791055402188362677406985,1.9453250206727628057734591,0.7708255687690079849261338,0.0660221223163604820083350,0.4235977711448371541003155,-0.4712024680420160427374299
103 -0.1892022568372599966579628,-1.6613578871648559953655422,-0.1530141849400705744699280,1.2447345623684740179015762,-2.1514132123470370849815936,-0.5901188236988902380275590,-0.2916190922682262431919753,1.0000000000000000000000000,1.2100143807458658695708209,0.3346078870416319128722193,1.7194207553731770676819224,0.9095909112249612737954862,-0.2955830004883334138909845,0.1194052195175886454947545,-0.2664868345910981206614565
104 0.3175649275614640387743748,0.2434411395576043801725064,0.7941107750871272408232926,1.2199964158488418863868219,-1.1562717964133581993735334,-1.3510057794833645328225202,2.9004593337995281387975410,1.0000000000000000000000000,1.5819795225986914566362884,1.0973718555411555719558692,0.9129258316500237224744296,0.9503377649999857901264022,0.1991884412573575735549980,0.2250908542116881183581256,-0.0807092712721824562249751
105 -1.2008021094531367012336887,-0.5096260727609629448409123,2.7474138725175185626881103,2.4600875479346546725878397,-1.6248515117232928961499283,1.3833496680947825474561341,2.5099364573475613227060421,1.0000000000000000000000000,1.1665094471156181032966970,0.7529118431284839152439758,1.3681244354776995741929113,0.5393495056722164004980868,-0.0062480526548624459870496,-0.2492203619420528537542481,0.8043320550473929131385376
106 1.6298602178788477168325244,-1.0971106557949028559306726,0.4536481422021796383603487,1.8217611104565487600837059,-2.3688138284747553008457999,-1.4324321003393754025978524,0.2909502010354541035042075,1.0000000000000000000000000,0.6998815071623122330279898,1.4425518798620413640776405,1.0833293872596065909874596,0.2268421170528530650400967,0.2903149795166551916381081,-0.9232309861065745026920126,0.1090976185091435957108530
107 -1.1403369837345400661376971,-1.7927551411035260731097196,-2.7150197148484362941189829,0.4593351566816377684610018,0.2705365572783797745159973,1.0007418832407632969250244,-1.5571868309584386835808800,1.0000000000000000000000000,0.6769737383299704314154610,1.5689967015822408047398540,1.7876350923986243923735628,0.3771884523812234490947048,0.4725638028302444060280152,-0.6483641160549222792752744,-0.4626383290943847925724697
108 0.7863075143622526574915810,-0.3397895266165904537558617,0.8480295972472999821434314,2.1705932599029473806240276,0.4423836571543402484962826,1.3231383022435658780580070,1.6942028617240501020546617,1.0000000000000000000000000,0.7251745678140293360769419,1.2373495152447255840399976,1.0561188522544213697074156,0.0219132813701033712927568,-0.8671534227833748165181760,0.4876395311413407318568147,0.0988445343890190231128656
109 1.4391386333622842030877109,-0.6209859233619579033103264,2.8602310129294856722026452,0.8954409715092930266422400,1.7253497386175906669336655,-0.5572225968378408111902900,-1.1219112057978803953517399,1.0000000000000000000000000,0.8687212543158477906501957,1.4203757919131461129325089,2.0409687612458182748298441,0.5569697422161208333335480,0.6116417234208584297050493,0.5568105811982049235808745,-0.0750924091233015067459178
110 1.0838424293443127410796478,0.7241288633174862710006892,-2.8422696186856475364379548,0.1259960390832256527104960,1.1177248266538253318458374,-1.4017762731131517828231381,-2.2194788039328896545043790,1.0000000000000000000000000,1.3684363376621717645065246,1.4082135191383933214837043,0.6893185448937720893880510,0.6204471175775527758133876,0.7741283080734014943047328,-0.0530212247596978936137191,0.1138300405558347883072656
111 0.5605620820504015888730009,0.2634519004935644836962183,2.6125795522825585592840980,2.4780366903338753026275754,-1.1954992980754466369575084,-0.4839983727631020915538329,-2.2771869799532868938740648,1.0000000000000000000000000,0.8742484295933932170186154,1.0627837780183384541743408,1.7066496975821916493032404,-0.0677304481030404498254072,-0.8216648746652305268511896,-0.0517131039309203580089935,0.5635627696347534909548926
112 0.7064479977835045332312802,-1.5364541002900589106161533,1.3768411937118569809967994,2.2024256432486817303129101,-2.4495250220860005363476830,-0.4243022342689664050396914,2.4365264963766213313078879,1.0000000000000000000000000,0.8997040972944222447793550,1.4882178904758447401945887,1.0610185478145051085618888,-0.2338163169584870360040441,0.3976197889746129199295410,0.6392359722256064635814710,0.6153077892314493535508291
113 1.0184529839444889098842850,0.9914388797620494742091068,0.8209225661090266967789830,0.6116255091250061282082129,2.4076023777437409734147877,0.3341805814589779988210694,-0.9118447757190302205287935,1.0000000000000000000000000,1.0967645054764081358200656,1.3642395228273471730062738,0.2422194827138060002624798,0.7725258234431148229859332,0.4431411378413737112147430,-0.3704420032566190235101544,0.2638186549026668159534381
114 -0.0010485922758076693384055,-1.1195577009853707739495121,-0.2644542331305559379472925,2.2465263431074684596921998,2.5138114613950302000944248,-0.5044042915799626936035338,0.2746151533925975662953078,1.0000000000000000000000000,0.9058390391680719577749414,0.4781107282697865668019688,0.8400489178280107216423289,0.5680053902712464131141701,-0.3711119161368906516074162,-0.7229682650143504085704649,-0.1302325538142621308423941
115 1.0912931928411331305994736,0.0678154284194185663636745,-0.1340522123959462241771234,1.7073523590422010620670790,-0.6257915489137131359598243,-0.2395147892776601228348454,-0.9434968536926886528704017,1.0000000000000000000000000,1.1013561758271857016211470,0.9776179744270147020657191,0.3903451421982791491593900,0.5633559210333154432248648,-0.4239236186074018530867136,-0.5725985935285762273849741,-0.4183867932354212171297547
116 -1.3537555032577306413088536,-1.5898047816803699827659102,3.0006969795046432025742433,2.1990444893655571867441267,1.8361630689805199523334522,0.9808437870441490957773567,3.0068766076675972342968635,1.0000000000000000000000000,0.8861032657687664126910931,1.4858583176924284874331761,1.2595404691385494455602156,0.3590844938015341769599331,0.3401555800622552694356671,-0.7068302124014497200832352,-0.5057089030016810315970588
117 0.7761195063259185289439301,-1.3363258855693627147331881,1.8987575357077908222436236,2.3086395718132326493332585,-1.8865741233460484593820183,1.4253207847741111713446571,-0.6571317532305287478777700,1.0000000000000000000000000,1.0261891204681696798672874,1.4636668445314540143442628,1.2903262234520462836684374,0.9424075070389510422330659,0.3037054399637282298130003,-0.0713309756366014569017864,-0.1205856566098630622274612
118 1.6535055635883417757270308,-1.8345532068189012164793894,-2.3709520555319096857260774,2.3098370476625098568490557,1.4383722152818796402584667,1.7614381487063019982031165,2.1364305535608112407430781,1.0000000000000000000000000,1.1316013794936357061970966,0.7160659412636350973357935,1.3008465108226416884207310,-0.7213964632558822476227078,-0.1822986582849025760655337,-0.0014257420163154566061792,0.6680944143548012137401315
119 0.2927724054946683196476442,-1.1436512326210042100882447,1.0704610734895911861030982,2.2097181869743942606021392,-2.8215067644894622489459834,-0.0056747752004246976298418,1.5396548569428993857854948,1.0000000000000000000000000,1.3157051719072472284466357,1.2711214593143240758621459,0.9997899782548235192436437,0.4584198672118708350886607,-0.1681234665323496080269194,-0.5124173014666512093739925,-0.7064078382257223953644143
120 -0.2464321977138763664072485,-0.4533135752195087686544639,-1.4099691764985058384240801,-0.0368112195836432440354535,-2.5549014331865596005854968,1.4677933125511493095416427,-1.9918303073527432456302222,1.0000000000000000000000000,1.2650467090420185467536385,0.4708995885868879627267347,1.7056704692711097681723231,-0.2636347315273135927249371,-0.4486317808551192332089386,0.2030144489129930840398686,0.8294632447462677582450397
121 0.6635313013362753586932286,-1.3380802296423723873886047,0.4849594067059737056979429,2.2277349125955883124561296,0.2125156415307500878952851,-0.4342259332174840391616044,-0.6882066095337302513712530,1.0000000000000000000000000,1.4692767032055316089866892,1.1417662063683422513094001,1.0817523045807497794612573,-0.2322703380187377542043237,0.1848323132840394289466701,0.1884818601824417849677218,0.9361409519380330390703193
122 0.5298704091829469220442661,-1.5455746452941439006423252,1.4208277271668858787734280,2.2767315272627075550815334,-1.9106626262719104136778014,0.7858871007339200964736392,2.4908481890279094983497998,1.0000000000000000000000000,1.2704824144021915621749486,1.3630207301143877351989886,1.1966784099155949316894976,0.0713519542072713341962498,0.1696475370376109848002955,0.1788390275102555715402985,0.9665107994585038220236584
123 -0.7605225745068021625527876,0.3103934281381746096428742,2.6666160142432344670737621,1.6242197245779537162491124,1.2587096648671245446848843,-0.2839020652717629822348044,1.7300475066867875284515321,1.0000000000000000000000000,1.1924120708670935542272673,0.3456698842902242718722050,1.6754817904365473246741658,0.5892143458972871616907696,0.2018984806226492012548590,0.3410509625279009027210009,-0.7040919557522535843219202
124 0.9819452884696482364290659,0.0716680107315386116795253,1.5304489265988978630161910,1.2628882881928644721369892,0.0446230076605562686609119,-1.2569765760567741530451258,-1.8459555018176119212114372,1.0000000000000000000000000,1.5240370204382067687021163,1.5236394915276234574008640,1.0832088325144226814700232,-0.1549923379918411447953019,0.0436571747431754864088305,0.1060466404920145794266162,0.9812356276552676170865652
125 1.2856612877203978939633089,-0.3835127925372274759752145,0.3949125934253125969064513,0.1958847511456742185309565,2.7219424691586491249495339,-1.3658845238762360452255962,1.4632641209979846408373305,1.0000000000000000000000000,1.5498219288018875161583310,1.4210604475144654745832895,1.0309282658128962051335975,0.7129720393103510245325083,-0.1864639213544726503712923,-0.5372990163422673992599243,-0.4101338382852673936085353
126 -0.3895830924000238670856788,-0.2296291656357372090724311,-1.1692457238939426567014834,0.8825327338951324263049969,-0.2025760251589008298367389,2.0770748194613806170139014,-0.7341907621934966599042127,1.0000000000000000000000000,0.5193212823007021805565842,0.4456598806421883107731219,1.1330879249551555343344944,-0.4526150487655252185881238,-0.8402225435678958298524321,0.2876640246993452110224609,0.0800807781615257563423427
127 -0.7032058920634041143671311,0.4705330919444250525884854,0.6113644162508506951780873,1.6947595081407385020355605,-2.6346535905886692141564254,1.1368298229372055807573361,-0.8942783611609033123102108,1.0000000000000000000000000,1.0086479865023483259989234,0.6444515781204737114862269,0.3933565278576476309524423,0.6142323503595292777390569,-0.5382497480955720225992422,-0.4806501057035028612318683,-0.3193417454361319185451862
128 0.8064827425591709619823177,-1.5137653682244778252652395,-2.3533513033081394638657002,0.7838242427901476183649265,0.9494562128244234955332104,1.3198096435050774566377640,0.0701758703790491544793895,1.0000000000000000000000000,0.6918131333820749517826698,0.3736461944623759579009459,1.7375682746374438991665556,0.3083183969002962210304020,-0.1177321389940381157757088,-0.6388613503764868362111429,0.6949338139366507682836982
129 1.1463525279521342703503706,-0.2434249174485096922637695,1.3108158627907213755747762,0.4227286010089928991462216,2.7049383109165070493418170,-0.3133413466273164971198639,1.6657796850422306178529652,1.0000000000000000000000000,1.5886940825589732639855356,1.6753092827994666702551285,1.2587058640192954062086983,-0.3144958589302450646663090,-0.1138485430018901789495089,0.4637770392063707558527597,0.8203898601493835318620995
130 1.5139030175360503882586727,0.0596123053639252553637107,-1.1436130046381927094500952,2.2906720172784624800499387,-3.0255335330481334388252890,1.8633239297973434034361162,-2.4216211400705489609208598,1.0000000000000000000000000,1.4274105237815140068136088,0.9086399648400258488578629,0.9776581363804480728774138,-0.2634384064554870508167994,0.0240013814524412394391106,0.1549032054082453424559418,0.9518545441085100033973276
131 1.4279357919430366585800130,-1.6545973684338837195184624,-2.7538706074067631490720487,0.7334379541778180966460354,-1.5416629266099366457609676,-0.3367025404557892898083082,0.8337894325418346852529794,1.0000000000000000000000000,0.5742870726895047406301842,0.4350428752747964589175922,2.0111812010375298420683521,0.5289162334370612894574037,-0.1189492332673073027304866,0.7266475333106517942027835,-0.4219951073906421656900534
132 -0.5079876179418867376824664,0.6531726514465048261115498,0.9729635460894003884391168,1.5106560889429672123185355,-1.1353456384094180453558920,0.4340325122383701383910193,-1.3547642811647451210887994,1.0000000000000000000000000,1.2823802517826889957319736,1.0641369353777017092710366,0.5432655233757492929669297,-0.1316970392782688403787716,0.2816771083610057901935875,0.4919596415612698114827595,0.8131958225247860605477968
133 0.7252208582886816579105016,0.7218750244094409573847315,-1.9860101491503185933140685,0.0635511111587058197258671,-1.1476403879125791629434161,1.2571711059475694227671738,-1.5480623606075822884520221,1.0000000000000000000000000,1.6841664598223975435331567,0.7838059312583527393769600,0.8947947642085493091812509,0.6644448384804726437380396,-0.2270221049705743732172181,0.1610603790214061858954153,0.6935643589743375470035858
134 -0.8545418352877662826472260,-0.6494252645691973579999967,-1.1062014346692423671925098,2.1225948973058699209559563,-1.7876139719395964799986132,0.9025360242650424247301544,2.2444835124683955029922799,1.0000000000000000000000000,0.1028455619479617388911663,0.8088402236166395420369213,1.2204281897848590077160225,0.0158407069251537135912145,-0.3656831498967558213841755,0.8930222868833541660649189,0.2617897131252139852897187
135 0.5690278817861922355803017,-0.3525867780882800950337241,-1.2277522792528674511203235,0.9376822904272386072221934,2.3257921208649836586346282,1.2716523973791069579419855,0.9735743672654839642177649,1.0000000000000000000000000,1.6443944300870276808979042,0.5141086592490051732085021,1.1464801876312389339318543,0.9255434336156844743470629,0.1405833974415063858387498,-0.1282785121722220811335546,0.3273348232054710260641173
136 0.2097731541878404826206861,-0.7596862324824025236580383,-2.3226863096228824723255002,1.7815656369717629559090710,2.4620147884194807375024538,2.0877396354640995745910459,-1.2875248438103705783674968,1.0000000000000000000000000,0.9028125357683095542071783,0.4102964471082919395428235,1.6125754217150796154811587,-0.0889546819447875058983755,-0.0020345947172641376532454,-0.3456184219917655120468680,0.9341459330677985839486155
137 0.1563050378332466738839912,-0.9019828865672379070161924,-0.9339910514441429612020329,1.6759141929363430278954183,-0.8946756794991324035493108,0.9983077590343882867784941,-2.5547616226457812160788308,1.0000000000000000000000000,0.6277386786619807423903694,0.2707005449363167892684601,1.1670167840923191260316116,0.2190013367523550857907111,-0.7471970916835068976524781,-0.6272127961805462614819362,-0.0183577560843229403708676
138 -0.3696584437318819471585130,1.0319773844028721221377509,2.7499087618646349540085794,2.0989093770482156742218649,-3.0500567833674407935973250,0.5117771651745477434758413,1.9621431949507179837155491,1.0000000000000000000000000,1.3216314154715620432511969,0.3831452171821293495312943,1.3614648431901890113238096,0.6656295850832463223412105,-0.3889536689249575296400963,-0.0130663093932867346858018,0.6367726286288202253160762
139 0.6657744503295202065373815,-1.0906521363396439738835397,0.3624941329742896733989710,2.3340568913240247184148757,-1.1782596513057406184543652,0.8342879642376366255973608,2.3047577667384215871493325,1.0000000000000000000000000,1.1943874025799814386772368,0.8155307986530659913881891,0.8438933693967355376130968,0.1811162192195356068769030,0.4556868183268904526350696,-0.5046562497445643558080519,0.7105394681473373719171605
140 0.0656334012029071711680217,-0.1633691392524021512855370,2.8856484631262420137431945,0.7233039731631537572198454,-0.5552131936877096052285196,-0.6477961722184506498933843,2.6929790013013308325184880,1.0000000000000000000000000,1.4672146616745334046783000,0.3114846920009100017523451,1.7051987257523699703654074,0.5134757367381602710665334,-0.1020277769731879335957103,0.4954734362447709150600872,-0.6931355363379121392597426
141 -0.3591580516316401627818777,0.5677808700319291190794502,-1.0803752716407619693939068,2.2827924432367052709480504,-0.8058115043569409330359576,1.4464885177293687057442639,-0.1882914874811150163225193,1.0000000000000000000000000,0.4936270531865405986060580,0.7557778024242752801242773,1.3104700936417730261496217,-0.2248884968788325833255470,-0.6979705015537440715434059,-0.1934243287191688975834580,0.6518030000663102008218175
142 -0.7837008710877041428588541,-1.1673483482833710844772668,2.9304644257254999217821023,1.5503957241682313483721600,0.9377327706426066278311282,0.5651103428263208883208790,-0.5492697258080680988712174,1.0000000000000000000000000,0.7685316696724742158153276,1.4429730045020963125068647,1.7106905879326259611872274,0.1439386621978282487788192,0.1149206733498573385077179,0.7794281419780254571705314,0.5988025431432724143832047
143 1.1438383537583414195637488,-1.5717623785765664212732418,2.6347862676359623534949606,0.0801022320325030928733767,0.4636970939173816752543189,-0.3224069579127151197184276,-1.8551112675080594360821351,1.0000000000000000000000000,0.7959028853921223944922758,1.0090822899124320954911127,2.2306591924397762838339077,0.5322774777709096127864541,-0.4055345474492311752534590,0.4701184575642496366043588,0.5755074577978849248438564
144 -0.2815057515822918521308793,-1.1102160685179829346935776,0.6895072610199481921711140,1.7163443826354778387610622,-2.7974968802428326064557496,-0.1577509240306231852457586,-1.0993172668695063709520809,1.0000000000000000000000000,1.5189702460218659219037818,0.5731202265099006876170051,1.1176523022439366350511136,0.9386076145954728167097869,-0.0193263580816537133832966,-0.3097076608595251689948213,0.1507354187989086158339092
145 0.0951453884451702869284873,-0.9916496631711020359745135,0.0958348561577069268935247,0.4494997144059741933652674,0.5267259107035235921046024,0.2234929830455785193521479,1.4087296998071154874310196,1.0000000000000000000000000,1.5495561530189831955794943,0.3909257777827410684778897,1.7401113183029579545291199,0.7595916232005357482393038,-0.3013337761978804874019033,-0.0027242428375482408142716,0.5763756503079235926634283
146 -1.4359362446393357792828738,-1.0713955131771020212738676,2.3745149986700893052216088,2.4014987945666064206307055,-2.1045179764281578549400820,-1.2213466923771314487368045,0.6074800403241442658952565,1.0000000000000000000000000,0.9622779091858371103285208,1.1795083048470451636546841,1.2718460101815793894530771,0.2937211259996294621110735,0.1273392917641997246214203,-0.7339715727458595573295952,-0.5989959337440133868568637
147 0.9220238106435929559268061,0.3478132175266805958813165,2.0859971927755402987259004,0.1348890732214269028155229,1.2489471228541564329361790,0.3791854968088161914607781,1.5080613099434696522394006,1.0000000000000000000000000,1.8460757416071755798725462,1.1966283418574195085426481,1.0138813170931670892827015,-0.6426647199311257274700893,-0.0875412257212400124473106,0.0366336630792618023200191,0.7602462473284006261309287
148 -1.0589081172331775704265056,-1.3945670130809615372413646,-0.9596452375883881558138455,0.1101878652722518142637043,-2.4502919502078053248794731,-0.8159172560299209342460358,2.6043546137005817442400257,1.0000000000000000000000000,0.4555881210183588825302081,0.4763882473895424407572818,2.0513281450141294115496748,0.3298236972275376821528425,-0.1006550977805256708030868,0.8515198884631991482763169,-0.3949639820067286644089677
149 -0.7479990625029995232608826,-0.1829172701201944306603764,-2.3878043679735991844381715,1.3260980341136909821386780,1.1962188515771270402865412,0.9218632696908000134783379,0.0177429405007245577508002,1.0000000000000000000000000,0.1468780836636445763510039,0.5018674480296555495684174,1.5471300000220127301986395,0.0295313790425062450140103,0.1120884346006661702599416,-0.9922462689303159777409746,-0.0448241301271766479086267
150 1.0378065278358610257214423,-0.3670510693099586774224008,-1.9111514567227787519954063,-0.0116145947378196792709737,1.8837987950829786498729845,0.4750615224925232027430866,-0.3650357168531210838580137,1.0000000000000000000000000,1.8252744117302965864979569,1.1428331632036923259931882,1.4093581598244750985315932,-0.2011935384816080363279411,0.0325203037962913943381693,0.1313129502037614360077100,0.9701640842514038798327647
151 0.0511900832512648396033228,-1.2053622247084798679850337,2.7407092458391693057251359,1.2658554100486707483241844,-1.8439379395632715663566614,1.8927595284098477357304091,-2.4606820855707312034610368,1.0000000000000000000000000,1.1175578764280615917670048,1.1596798793881870626165664,1.7224251183461207759251010,0.9898110688605308293830376,0.0243715304722040906892921,-0.0559968311240672811379682,0.1286170932373255637592990
152 -1.1333953921095099026672415,-0.8982907654928462548582502,1.6812416441330304550660912,1.0025047369136030894765099,-1.6668263823892113251190494,0.2442250140497190802335581,1.8888383304820575148141870,1.0000000000000000000000000,1.1896630389117468507009789,0.1982916249167820388343841,1.7461864058914582376047520,0.4032554117187112652231917,-0.3400228229044676142578396,-0.2719097608649879704856289,0.8048803849407434318763421
153 -0.5550681584102612475817295,-0.9452089094585778283885702,2.3788155158802588573507819,1.9553183412110983763199101,-0.2858107285205324643584390,-0.3319743130738099790022488,-1.0997088133044117252978822,1.0000000000000000000000000,1.1814590176786070596648415,1.3071065383148070537799867,1.6542281474867168711284648,-0.2962234659249186607965498,-0.3829300585271716572677292,0.3546317684692740224150498,0.7999064511821866174656748
154 0.6484875215329162223554249,0.9247779144587826571921596,2.2039213136405253479210842,1.3762567092228012999299835,1.0330704088583919642019282,0.2198871833869666669869503,-1.8731940138601670398088572,1.0000000000000000000000000,1.5817024824115688552694792,1.3968998512763066699449155,1.1102501300235556591644581,0.7694864278939962387582341,0.1486975418994426756391647,0.3423830438135863074577969,0.5182193329557180927480431
155 0.9187290843793634032010686,-0.5162552237628283968717824,-2.6459597816756295074469563,0.5038516602077760531130934,2.9050252398029092759657033,-1.5347321866102892062855290,-0.6573886456621758078711082,1.0000000000000000000000000,1.0880599540967532679047736,0.7931259591190232827173645,1.8809732688043718784598468,0.0194278844591975474731527,-0.8464372370290160763062204,-0.4144841047419905999404932,0.3337173873787522282441387
156 -0.8150684635055067683850893,-0.8617259855534535883947456,-1.9480948027640594411025177,0.9256641876304818605802893,-2.0041689614966369248350020,1.2441506996366955561938994,0.2111661300790341755373447,1.0000000000000000000000000,0.5183551525669225501502524,0.6910432683892139271719657,2.0200758116243457962468710,0.1089989791875332625359363,-0.5341983130013644442968257,0.2402464279927164492178804,0.8031380888316929089754126
157 1.2185126888607151762755620,0.8824822517314379055619611,-1.2293124928224934411247204,0.1562550768713723003955351,-1.2312200351451618729470283,-0.9598755486928944868907365,1.3665817005306397646791083,1.0000000000000000000000000,1.1738089317321807047989068,1.1433258863660480386670315,0.2896121048940903386359480,0.3337273445607126243217522,-0.4636248721291981733649834,-0.6592560297888815368239079,-0.4889348301227130488832984
158 -1.0010676921477961176520921,0.6386211510904233890073556,-2.5135568574944242570268216,1.3131808612715363260292634,-1.0760722937123254894231650,-0.1810971872201092569554248,-1.5123902887168294562059145,1.0000000000000000000000000,0.1152114567667452404986506,0.1959853974378381324950027,1.3011119463193627776576022,0.0110857890229225097833421,-0.5566779104125499921806863,-0.7683419314870834071484751,0.3156505495948791484295270
159 0.7651895015484124762394913,-1.2604559078530668259077174,-2.7930222838691509679165392,1.4675055062163178121181772,-0.0709876546794490081992990,0.2139725444608946425262275,-2.6375034037542079978777565,1.0000000000000000000000000,0.2440569181277119081840965,0.6920019803711974226700931,1.7389599189692976910492916,0.1684114085441837105339147,-0.9675859643762112494158600,0.1763384310796251297492887,0.0657088872842788718209306
160 -1.2548804390134820074820254,-0.6948806435586325491726711,-2.2585561007628576213335236,0.3212938242476869876718126,2.7914043001124655418720977,1.6441800895769098644905171,-2.4720605696370174797493746,1.0000000000000000000000000,0.4211723653779751441739165,0.2258435185341479967124911,1.5590909236626961931193591,-0.4896555075088441233432945,0.6340293407051413865360701,-0.2117550687034428225086202,0.5598230786295086414128264
161 -1.0643417704371151977227328,-0.8621579916585040415100138,2.4912205557482716145045742,0.0334682434664425459969195,1.8729333808021308982461051,1.0291431344899435451623049,-0.0275062346274528302103590,1.0000000000000000000000000,0.4019536751607504787564551,0.4870308841612114303387671,1.9790624150657085689175574,0.2588098973489999510277926,-0.4100064179662764041189860,0.8528548251947164482444919,0.1937747161571681808744927
162 -0.5926909219321889743525844,-0.2890669033117900799112476,0.2688061576649309891706707,0.2526710558341215273614466,1.0328949783239025350667362,-1.5462960492733055506420214,-0.8571060502324749919011992,1.0000000000000000000000000,0.6596855521693600898913701,0.0674672372902835604246974,1.3219719716237332551855843,0.0824771188799142684899834,0.3784586094781458021074627,0.9052075595287084608386863,-0.1748246289182603108169900
163 0.4735824414990252861912268,-1.4496867912927113852816774,-1.2237780718321913386859023,0.7640827125395101004912135,-1.2608637300710490158905941,1.1093862128722236093381071,-0.0268883703248055105916592,1.0000000000000000000000000,0.6326316362886220678873883,0.3848032283813844767195178,1.8600622287904282625703445,0.2108523579626083166438377,-0.3653319511328190771770608,0.8800619766969681734281039,-0.2180886108777076448639320
164 1.1800481947343315347609405,1.0379177416427607383297982,-1.7795641463051978803378006,0.1463465575502936322216385,2.3265661285424448223579930,1.7345423116854634670858104,0.0189930817708341415084305,1.0000000000000000000000000,0.9260420668172310021404314,1.0689502124887362288774284,0.4253202565313727867568616,0.0899111799074336914827654,0.9744300992510318559780558,0.0612340901986733188167022,0.1965967079651355087221987
165 -0.3290468688032008870436584,-0.3913238247522727863980663,-0.2285808153575503709475925,1.4589731312752571845692273,1.4616639078085613689950151,1.7084107957305190161889641,0.9925362662288996773440886,1.0000000000000000000000000,1.2257718889924966720883504,0.5141944415152766012511165,0.8822685145846080878584416,0.9355927906318902698146189,0.2335264287851457343236916,-0.1345949269398450942603063,-0.2280648825405235391450276
166 -1.0254923696217617123949140,-1.3344192620177841579476308,2.0988417620054624634917673,1.0460435846168749662865594,-0.0033785306207736454098267,-0.7692878448358021481467972,1.6596428612501563648606862,1.0000000000000000000000000,1.1656011836466000364254114,0.8059480041990796372886052,2.0675137291584451126880140,0.6748812190422713852555603,-0.3886952139517546034319651,0.4936067491181194699656487,0.3870420482860326694130038
167 -0.4606228872318509637295847,0.3461171764820427654285595,2.5462052386465021669437192,0.8044800399311257121937047,1.6877955048916835067984721,-1.1682253902028696401771413,-1.7306408304291036603927978,1.0000000000000000000000000,1.4805060223726018708845231,0.3440547891095600552269218,1.1398871830905314972426368,0.9257370138770342204992403,0.1420571235918402785980419,-0.0965518748034239204791618,0.3369069730566144338368417
168 0.8750229498155284169058632,0.0062271136377134439499059,-0.6290063330181889789116667,2.0970670366506403148321169,-0.6382051152974392849159813,-0.6125897442600277686963750,-0.6167178177524905713369208,1.0000000000000000000000000,1.0153435241638071317993308,0.6326913406508239967607210,0.5457790071378436635995968,-0.4886628818344027069819901,0.6262131899420321223814767,0.3270107511769383967781266,0.5119837873643339198892477
169 -0.4522546232237936170150761,-1.8083629287282763087318926,2.6052458265898126299475734,2.0016292514631661703106147,-1.9105465101634835356492204,1.9549100666757719402255589,-2.2985110175318603786820404,1.0000000000000000000000000,1.1195412073579218414920433,1.2194102575473619864965258,1.4852942333270073849149639,0.7346644240230917333178695,-0.3018306343093514199082961,0.1453694829037785463121679,0.5899423370706439184729675
170 1.4927635051498322482643744,-1.2001691219150874001542206,-1.3739641101233759368227538,0.1420594682060458691097438,2.2873297325653627609653995,-1.1527919663427228513796763,3.0335042694380991434854877,1.0000000000000000000000000,1.1789675238171990478974749,0.8084371044247320448050687,2.0112038275872325954196640,0.3662539176937937845934812,0.0227962147241234647232488,0.6318379862263798774080215,-0.6827275943307280492433620
171 -1.1536877237195621859200401,-1.5713995374135669713666630,2.0806953491808544143282234,1.2343971024082958098944118,-2.8890806303667280197089440,1.3325546564068946331360621,2.8200815459504173787763648,1.0000000000000000000000000,1.1369213837070233363846228,0.8455259329161828318888183,1.9889164358018351919099587,0.0510077798344865523949565,-0.7125831560371220785299329,-0.1296833151304945253023959,0.6876071087162196615594212
172 1.0706807955788408825981151,0.7342770185318205911073619,-0.3980752261683142556591974,0.4994322059962116866493886,-2.2355782462426363466079238,-1.3710742716614094938165636,2.6836280820326079421533905,1.0000000000000000000000000,0.9496583544866407100570882,1.0467551990675671991226636,0.3551345068297313001259852,0.0757292525690942963656482,0.9238254878214597898278271,0.1895119095828384225832508,0.3238742757378816339297600
173 -0.7237547716077744608398348,-1.0551335849092031704543615,-0.2451023750152012681269298,0.2352689787322976289196674,-2.7844569199026829586784970,-0.8079177578998337772020477,0.6847166392997454664737234,1.0000000000000000000000000,0.7901230810387381842119225,0.0555532107075381309524431,1.7496557949667912446045648,0.6873111644096374650558801,-0.6124745126172601583647293,0.2699391397247314916540972,-0.2821507014378011324318152
174 -0.6204602837287707117752689,-0.7201695360081126207063562,-2.6953887416718131930792879,0.4970434600073115327667495,-2.5283016964883087140947282,1.7360187179127204437634191,-1.3826573914297193290678933,1.0000000000000000000000000,1.0405198122400602933623759,0.3651729467645520865737296,1.7360197227881826176343338,-0.4255243541454076794394723,0.1661770007779598268271570,-0.1151360435078143951148633,0.8820746550772190497369252
175 1.0295158816264748935509488,-0.1822971549459251328073606,-0.7808204671227976234604284,0.1952974040216288176274873,-1.5605270849715580094851930,0.3138859145893317936781841,-1.3565849690956925943652323,1.0000000000000000000000000,1.8848692237740360955200458,0.9829302096580710967899108,1.2935542885103963328674581,0.9563090396064519715935148,-0.0940544133704602769441294,0.1042070827349423911556414,0.2564478114438951128484234
176 -0.2998177817648632892399974,0.7061805898580613138904027,0.5492049400031469019722863,1.6140523569695892636133294,0.9584337446472765975613584,0.0830620926672986925609621,1.2532418377177050317072826,1.0000000000000000000000000,1.0862046040393185108996477,1.2309562076125677432258954,0.4828764456771451052397026,0.6458557386002540257052829,0.2135113364773392474749159,-0.5815940039076804568551893,-0.4461273335897326663967988
177 0.9470921963448502012283825,-0.3018679087845921316102249,-1.9276387694826575547324410,1.6840855210563565602654990,2.0118598004602175066679592,-0.2525560684477685668980484,0.2300902324770994766822696,1.0000000000000000000000000,1.0832352283750259491768020,0.2954987386851844477497764,1.5603655425752054330956753,0.1494275877293944065904441,-0.5252771705556437131789949,-0.5836782686310411083496774,0.6008933011083080755199148
178 1.3703761703540582317373264,0.7413579376881744842364697,1.1911851114904274950845320,-0.0069030187022420738673922,-0.0711672189907019969723478,2.0709679850359425934414048,-0.7730360248284582347366722,1.0000000000000000000000000,0.9051784521834286278973991,1.4298633092817023548803945,0.6658583288816036782620245,0.1359354059758186572537397,0.7200373553334474818754529,0.6732740877270698698353613,0.0988310895591973936902264
179 1.3366773307763502032230463,-0.5900295630791358991729112,2.2129576705046041240620980,1.0115697928264595351066646,-1.0238522661574429584163681,1.4889687779015661206472032,-1.3060379359810789789975161,1.0000000000000000000000000,0.7917983135182782294947401,1.6292971449383333304439248,1.4701652347411873211768807,0.4687170184476077139379413,0.3099200175211429542088126,-0.7983014061336815014868762,-0.2167177176557779361143474
180 -0.5906099626954790515753757,0.5941248777402217129406381,2.7287198307487789961101043,1.2963322974417039734618129,-1.9149177127172787304942858,1.9244791256930486866849606,0.4036762250637058180302574,1.0000000000000000000000000,1.2574068447065553932873172,0.4250439955032417338465223,0.9923345535439932474375269,0.5015234674190283126193890,0.4529484668473898745233441,-0.0675382692228555792102185,0.7339947429502308162696522
181 -0.4624734099122835839779100,-0.0963742478161000448722007,0.0191569082186728856243008,0.5096280142663175416473109,-0.8391938285819229292883392,-1.1405074123676510744473944,-1.0179419055278140504583462,1.0000000000000000000000000,1.2762114974433096392658626,0.0704589905082872447472653,1.1158006212963806902394026,0.7871171305713058341524402,-0.0458088743496536943133890,0.2846153515854477622504248,-0.5452889383698105163489345
182 0.2784192000069360961589382,-0.7642908227226186124170226,2.3831831103614637967780254,2.0015478094441574441475495,1.0686626313383049691196902,-0.5980828852398176742610758,2.6222829459697400977802317,1.0000000000000000000000000,0.9781325565682876810313928,1.4895399064221894747106489,1.5781899311670084529168889,-0.6258139543605745203080915,-0.5428359628863037578128115,0.3002995568982660401502471,0.4727621209848225647398579
183 1.3262259125656576941310050,0.6466373296499430267658681,-1.4045031298378252149205991,0.0690848710439562890828213,-2.0054849041739872816947354,-1.0099857186439002987299318,2.5377117677948959340028523,1.0000000000000000000000000,1.3837460892894644093331635,1.1035421178204760650487515,0.4058581279053392609768025,-0.4960369758652746763338826,0.6116266796467377808710353,0.3176899806576669038626903,0.5281391702153608314063149
1319
2 0
3 1
4 3
7 1
8 1
10 8
10 1
10 4
10 3
11 10
11 7
12 9
12 5
12 8
12 1
12 10
13 5
13 12
13 9
13 11
13 10
13 8
14 13
14 5
14 9
14 1
14 10
15 10
16 15
16 10
16 14
16 7
16 11
17 11
17 7
17 10
17 8
17 1
17 14
17 3
18 8
18 1
18 10
18 17
18 3
18 11
19 4
19 10
19 3
19 18
19 17
19 11
20 19
20 17
21 6
21 2
21 19
21 0
21 20
22 19
22 10
22 4
22 18
22 3
22 20
22 11
23 19
23 22
23 4
23 20
23 10
23 18
23 11
24 11
24 17
24 10
24 7
24 22
24 18
24 23
24 19
25 8
25 18
25 1
25 10
25 24
25 17
25 22
25 11
25 14
26 13
26 5
26 14
26 9
26 12
26 25
26 24
26 11
26 8
27 22
27 23
27 19
27 10
27 4
27 25
27 3
27 8
27 1
27 18
28 20
28 19
28 23
29 13
29 26
29 14
29 12
29 5
29 25
29 9
29 8
29 24
29 11
30 21
30 6
30 2
30 23
30 19
31 27
31 8
31 25
31 10
31 1
31 22
31 18
31 19
31 23
32 25
32 24
32 7
32 11
32 18
32 17
32 31
32 14
32 10
33 2
33 21
33 30
33 23
33 24
34 33
34 6
34 2
34 21
34 30
35 24
35 17
35 11
35 10
35 25
35 31
35 7
35 32
35 18
35 27
36 34
36 33
36 6
36 21
36 30
36 2
36 0
36 23
37 35
37 24
37 25
37 11
37 32
37 17
37 10
37 31
37 7
37 18
38 12
38 26
38 29
38 13
38 9
38 5
38 14
38 3
38 27
39 27
39 14
39 31
39 12
39 38
40 16
40 29
41 29
42 27
42 31
42 25
42 10
43 39
43 12
43 38
43 27
43 14
43 31
44 43
44 39
44 12
44 38
44 29
44 14
44 26
45 14
45 12
46 8
46 1
46 18
46 31
46 10
46 25
46 27
47 46
47 8
47 1
47 18
47 10
47 31
47 25
47 27
48 5
48 14
48 13
48 38
49 31
49 8
49 25
49 46
49 10
49 1
49 27
49 47
49 18
49 22
49 37
50 42
50 31
50 39
50 27
50 25
50 43
51 44
51 43
51 50
51 29
51 39
51 12
51 26
51 38
51 9
51 13
51 14
52 21
52 30
52 6
52 36
52 33
52 34
52 23
52 2
52 0
52 19
53 50
53 29
53 51
53 49
53 25
53 14
53 13
53 31
53 8
53 44
53 32
54 43
54 39
54 50
54 49
54 29
54 42
55 7
55 32
55 37
55 35
55 24
55 17
55 11
56 9
56 48
56 39
56 45
56 5
56 38
57 27
57 22
57 31
57 23
57 19
58 35
58 24
58 11
58 17
58 19
59 49
59 54
59 31
59 27
59 53
59 22
59 51
60 35
60 24
60 37
60 11
60 17
61 60
61 35
61 24
61 37
61 11
61 17
62 36
62 34
62 33
62 30
62 21
62 2
63 34
63 36
63 33
64 10
64 18
64 25
64 37
64 32
64 31
65 23
65 19
65 33
65 20
65 27
65 22
65 28
67 32
67 11
67 37
67 17
67 24
67 35
67 64
67 25
67 10
68 12
68 29
68 14
69 25
69 18
69 32
69 31
69 68
70 34
70 36
70 33
70 26
71 29
71 13
71 26
71 14
71 32
71 68
73 16
73 33
73 15
73 34
73 36
74 18
74 64
74 69
74 25
74 10
74 31
74 32
74 37
75 68
75 38
75 12
75 29
76 20
76 28
76 19
76 23
76 22
76 65
76 27
77 66
77 76
77 15
77 19
77 20
78 15
78 16
79 65
79 30
79 33
79 36
79 34
79 21
79 70
80 34
80 33
80 36
80 70
80 73
80 21
81 36
81 34
81 33
81 16
81 73
81 80
81 15
83 66
83 78
83 16
83 77
83 15
83 33
83 82
84 81
84 15
84 36
84 33
84 66
84 34
84 16
85 38
85 12
85 26
85 13
85 29
86 33
86 79
86 36
86 82
86 80
86 84
86 34
86 30
86 21
87 18
87 10
87 22
87 31
87 35
87 19
87 74
88 66
88 83
88 35
88 37
88 17
88 15
88 16
88 24
90 33
90 65
90 82
90 36
90 21
90 34
90 86
90 80
90 30
90 79
91 17
91 35
91 37
91 24
91 25
91 11
91 10
91 31
91 32
92 82
92 70
92 34
93 24
93 13
93 37
93 14
93 32
93 25
93 29
94 88
94 17
94 32
94 91
94 37
94 35
94 24
94 78
94 11
94 25
94 64
95 19
95 20
95 23
95 65
95 84
95 88
95 28
95 22
95 77
95 33
96 36
96 34
96 21
96 30
96 33
97 23
97 22
97 19
97 27
97 31
97 10
98 88
98 66
98 83
99 16
99 73
99 88
99 71
100 80
100 33
100 90
100 88
100 82
100 73
100 86
100 34
100 36
101 82
102 19
102 23
102 95
102 97
102 20
102 22
102 65
102 27
102 76
102 28
102 87
103 27
103 23
103 97
103 31
103 19
103 24
103 70
103 22
103 11
104 82
104 34
104 92
104 33
104 36
104 80
104 101
104 100
104 70
105 21
105 96
105 30
105 36
105 34
105 84
105 33
105 80
106 103
106 65
106 92
106 27
106 79
106 100
106 90
106 104
106 31
108 84
108 72
108 86
108 66
108 82
108 33
108 36
108 81
108 83
108 100
109 83
109 88
109 66
109 98
109 95
109 86
109 77
109 100
109 65
109 33
109 87
109 108
110 32
110 67
110 37
110 94
110 24
110 35
110 25
110 91
110 11
110 17
110 69
111 76
111 28
111 20
111 65
111 95
111 19
111 90
111 23
111 88
111 109
112 96
112 104
112 106
112 34
112 80
112 70
112 36
112 79
112 105
112 30
112 100
112 92
113 83
113 66
113 109
113 98
113 88
113 77
113 87
114 16
114 99
114 73
114 100
114 94
115 88
116 84
116 80
116 81
116 108
116 73
116 36
116 33
116 34
116 100
117 19
117 102
117 23
117 27
117 76
117 65
117 20
117 22
117 111
117 31
118 16
118 75
118 69
118 15
118 108
118 99
118 114
118 74
118 81
119 112
119 106
119 96
119 103
119 70
119 117
119 65
119 34
119 36
119 104
120 22
120 10
120 31
120 27
120 97
120 18
120 25
120 19
121 88
121 115
121 98
121 100
121 35
121 17
121 37
121 114
121 66
121 103
121 27
121 31
121 24
122 112
122 96
122 119
122 105
122 36
122 34
122 80
122 70
122 104
122 30
122 117
123 33
123 86
123 84
123 100
123 36
123 116
123 80
123 34
123 108
124 111
124 115
124 88
124 121
124 109
124 35
124 65
124 98
124 37
124 24
125 73
125 114
125 99
125 83
125 113
125 100
125 16
125 82
125 88
125 98
125 33
126 74
126 18
126 10
126 64
126 25
126 31
126 69
128 69
128 74
128 16
128 126
128 64
128 18
128 118
128 25
128 68
128 32
129 125
129 83
129 113
129 123
129 73
129 86
129 108
129 66
129 33
129 109
129 100
129 99
130 120
130 27
130 31
130 18
130 25
130 19
131 29
131 26
131 69
131 13
131 14
131 92
131 75
131 128
131 25
131 71
132 127
132 115
133 25
133 18
133 31
133 120
133 10
133 74
133 126
134 85
134 68
134 12
134 75
135 16
135 128
135 15
135 118
135 64
135 78
135 83
135 69
135 108
135 74
136 74
136 128
136 78
136 64
136 135
136 15
136 16
136 69
136 126
136 18
136 32
136 94
137 18
137 17
137 35
137 10
137 25
137 37
137 31
137 27
137 91
137 87
138 21
138 30
138 105
138 119
138 36
138 96
138 90
138 34
138 122
138 112
138 101
138 65
139 122
139 96
139 112
139 119
139 68
139 34
139 36
139 104
140 36
140 33
140 34
140 86
140 30
140 80
140 104
140 123
140 79
140 21
140 82
141 126
141 69
141 18
141 25
142 95
142 84
142 109
142 123
142 88
142 121
142 66
142 83
142 100
142 33
142 102
143 109
143 124
143 95
143 83
143 65
143 87
143 111
143 35
144 23
144 103
144 19
144 27
144 97
144 22
144 20
144 65
144 31
144 117
145 33
145 108
145 81
145 100
145 16
145 92
145 70
145 135
145 84
145 139
145 36
146 90
146 119
146 65
146 144
146 100
146 112
146 80
146 33
146 103
146 105
146 36
146 138
147 129
147 86
147 83
147 123
147 33
147 145
147 82
147 140
147 108
147 125
147 113
147 101
147 84
148 70
148 85
148 92
148 134
148 26
148 34
148 38
148 104
148 13
148 103
149 64
149 74
149 128
149 69
149 135
149 126
149 16
149 136
149 32
149 141
149 15
149 25
150 128
150 135
150 149
150 64
150 32
150 78
150 74
150 136
150 69
150 16
150 25
150 110
150 113
151 76
151 102
151 20
151 19
151 117
151 28
151 23
151 87
151 95
151 111
151 22
151 132
151 144
152 36
152 34
152 33
152 21
152 70
152 105
152 30
152 119
152 122
152 80
152 140
153 95
153 142
153 111
153 121
153 132
153 124
153 88
153 65
153 146
153 117
153 90
153 19
153 100
153 102
154 124
154 109
154 113
154 66
154 77
154 83
154 111
154 153
154 132
154 88
154 142
154 143
154 98
154 95
155 150
155 94
155 110
155 67
155 32
155 114
155 149
155 135
155 128
155 16
155 125
156 27
156 31
156 12
156 85
157 92
157 82
157 101
158 32
158 11
158 37
158 25
158 24
158 10
158 93
158 29
158 35
158 18
158 14
159 17
159 91
159 137
159 37
159 32
159 25
159 18
159 35
159 69
159 74
159 158
159 94
160 78
160 64
160 136
160 74
160 149
160 150
160 67
160 94
160 126
160 128
160 18
160 159
161 142
161 95
161 84
161 147
161 123
161 83
161 77
161 109
161 153
161 145
161 129
161 33
161 113
161 143
162 24
162 11
162 88
162 37
162 124
162 35
162 121
162 32
162 100
163 31
163 27
163 156
163 25
163 69
163 18
163 126
164 150
164 135
164 136
164 128
164 113
164 83
165 84
165 108
166 80
166 33
166 100
166 152
166 36
166 140
166 123
166 34
166 145
166 86
166 146
167 154
167 109
167 124
167 98
167 153
167 142
167 95
167 143
167 113
167 88
167 161
167 66
167 77
167 83
168 115
168 121
169 151
169 76
169 102
169 117
169 20
169 19
169 28
169 23
169 95
169 153
169 144
169 111
169 22
170 125
170 99
170 129
170 145
170 135
170 16
170 73
170 150
170 114
170 118
170 71
170 92
171 152
171 105
171 122
171 30
171 36
171 21
171 119
171 112
171 34
171 96
171 138
171 70
171 139
171 134
172 92
172 157
172 104
172 82
172 101
172 70
173 103
173 70
173 148
173 97
173 144
173 27
173 92
173 85
173 119
173 23
174 120
174 156
174 133
174 10
174 18
174 163
174 31
174 27
174 158
174 126
174 25
175 31
175 25
175 27
175 37
175 133
175 115
175 10
175 35
175 22
176 72
176 108
176 84
176 66
176 123
176 147
176 101
176 100
177 150
177 135
177 16
177 114
177 155
177 149
177 128
177 32
177 69
177 164
177 99
177 136
178 87
178 83
178 154
178 113
178 132
178 175
179 117
179 151
179 76
179 178
179 87
179 102
179 19
179 65
179 169
179 143
179 132
179 111
179 153
179 22
179 154
180 21
180 138
180 30
180 105
180 117
180 152
180 132
180 23
180 179
180 65
180 19
180 102
181 24
181 11
181 37
181 35
181 162
181 10
181 103
181 175
182 86
182 123
182 140
182 166
182 80
182 100
182 33
182 116
182 147
182 108
182 129
182 176
182 36
182 34
183 172
183 157
183 92
183 82
183 104
