188
0 0.3106040551468999821871364,0.4621806971205952296877228,-1.4574313942295487045441860,1.9376387949538020905038138,-2.4616662764059924484172370,-0.3261605609795825699848137,1.3525402847940488637590306,1.0000000000000000000000000,1.5038086761505384814086028,-0.3163059565314585430684247,0.9574699183984053396656577,0.0000000000000000000000000,0.0000000000000000000000000,0.0000000000000000000000000,1.0000000000000000000000000
1 -1.2890832005674504046055517,-0.6178148078484491101391995,-0.5484216752911617032140157,1.8169568435191452149268798,1.9236127057106140458841992,1.8846679350289834431464442,0.5452231241675338235808113,1.0000000000000000000000000,1.5038086761505384814086028,-0.3163059565314585430684247,0.9574699183984053396656577,0.0000000000000000000000000,0.0000000000000000000000000,0.0000000000000000000000000,1.0000000000000000000000000
2 -0.7902520833285022749947757,-0.2388659713347154323059840,-0.7246424475742040405279454,1.0469609347307105018387574,-2.2221483694715713497203069,0.5343664388798021747106759,-0.0594611871728511626189473,1.0000000000000000000000000,1.7415914367845242161081387,-0.0259053737511418247230210,0.9550598811754303918419851,0.0000000000000000000000000,0.0000000000000000000000000,0.0000000000000000000000000,1.0000000000000000000000000
3 -1.2508040562175035681491408,0.4622524569463329902063720,2.4585118960007443789095305,0.4688415424661950270390776,-1.0259374278407957792325078,-0.9268561417361982357476791,1.6740075767565398834335610,1.0000000000000000000000000,1.7415914367845242161081387,-0.0259053737511418247230210,0.9550598811754303918419851,0.0000000000000000000000000,0.0000000000000000000000000,0.0000000000000000000000000,1.0000000000000000000000000
4 -0.7384390363299904169736010,0.6408264674826030793397535,-2.3686855909098540884372142,0.8939676078872355047266751,-1.6907202378415722154869627,-0.1658731383112599377938068,1.0925597917601219677408153,1.0000000000000000000000000,1.6612731362279844482543467,0.0373204086149671043770581,0.9553150542268133982304334,0.0000000000000000000000000,0.0000000000000000000000000,0.0000000000000000000000000,1.0000000000000000000000000
5 -0.8180024413691199258735764,0.6678593989460780422362518,-2.3330108088310717029401076,0.9771764248940517649799631,0.6615278146979536311178549,-0.3432701564595430632209627,-1.2487704073769789747672121,1.0000000000000000000000000,1.6612731362279844482543467,0.0373204086149671043770581,0.9553150542268133982304334,0.0000000000000000000000000,0.0000000000000000000000000,0.0000000000000000000000000,1.0000000000000000000000000
6 0.4928055424691260011371696,0.7261161325380677267204987,-1.7597799769566206951054710,1.7271622187754023247663326,-2.4050929044586726313070812,-1.4902904990549621366824340,1.3231786745442368768976849,1.0000000000000000000000000,1.3417784416078490927759503,-0.4858123278179263260234677,0.9582300454579433246493636,0.0000000000000000000000000,0.0000000000000000000000000,0.0000000000000000000000000,1.0000000000000000000000000
7 -1.3601943009190502476002393,-0.7386939769431978275449069,-0.4672159476338185180033236,2.0919044818619472181353558,1.3093868225174736252824914,1.9776653756749187351715591,0.1644739712067616321800045,1.0000000000000000000000000,1.3417784416078490927759503,-0.4858123278179263260234677,0.9582300454579433246493636,0.0000000000000000000000000,0.0000000000000000000000000,0.0000000000000000000000000,1.0000000000000000000000000
8 -0.5552250049363957051795637,0.4646526755532802144266213,-1.6451269017395986349328041,1.5139943157140378637848244,-2.6847624539190695358570338,1.3112318673223404275063331,1.6177093485483038382000132,1.0000000000000000000000000,1.5544623219428874705272392,-0.0812285741238056857582706,0.9585096764371309197017013,0.0000000000000000000000000,0.0000000000000000000000000,0.0000000000000000000000000,1.0000000000000000000000000
9 -1.1249045420749668178217462,0.8472992927513219862944993,2.6177857293546664685379710,1.1766264341634833368033242,-1.1364254808396476725818047,-1.2548864089208127126084946,1.3136280112722122925816848,1.0000000000000000000000000,1.5544623219428874705272392,-0.0812285741238056857582706,0.9585096764371309197017013,0.0000000000000000000000000,0.0000000000000000000000000,0.0000000000000000000000000,1.0000000000000000000000000
10 -1.0289705412009926277505656,-0.7054605359256446162063980,1.2804329865058492465834661,0.5060294904114526204352842,-1.4706476331778630672886266,0.5371927523693034167706628,-2.6932529914643215107616925,1.0000000000000000000000000,1.1483456829555080958016333,0.0786858986311992220086253,1.4866525193614199551461752,0.0000000000000000000000000,0.0000000000000000000000000,0.0000000000000000000000000,1.0000000000000000000000000
11 -0.8105946313377139222922096,-0.2037111184440084099556145,3.0127902260372452225567486,0.5420252465199069114021313,-2.7316992266281499013302891,0.7543929895639385208028216,2.9705957841541388297912363,1.0000000000000000000000000,1.1483456829555080958016333,0.0786858986311992220086253,1.4866525193614199551461752,0.0000000000000000000000000,0.0000000000000000000000000,0.0000000000000000000000000,1.0000000000000000000000000
12 -0.3479499970511388817762111,0.4538359334089523411392975,-2.7687542122760357976574142,1.0862046162035998708716988,-2.2818089629893671954619094,1.1144675629280822448663457,2.2121999294683423187279914,1.0000000000000000000000000,0.7723447650309395173806593,-0.0644909200000068766334138,1.1961727872473060241276244,0.0000000000000000000000000,0.0000000000000000000000000,0.0000000000000000000000000,1.0000000000000000000000000
13 0.2435711525417077749633421,-0.3802661614994868322092714,-1.3690705368874720448957305,1.2705167927081149059631571,-0.3732028523711615197733238,-0.9671368785049472283077421,-1.6512023784661935543738309,1.0000000000000000000000000,0.7723447650309395173806593,-0.0644909200000068766334138,1.1961727872473060241276244,0.0000000000000000000000000,0.0000000000000000000000000,0.0000000000000000000000000,1.0000000000000000000000000
14 -0.2370280738861669511674535,-1.2011116089871958223511683,-0.5884584577058741272637121,1.5647837110625895107318684,-0.8552197155610742340670072,-0.5702066561534100408437098,-2.1460191095024612195629743,1.0000000000000000000000000,1.0417899232319509650324107,-0.0437632769922554829000738,1.3044453556670085880853094,0.0000000000000000000000000,0.0000000000000000000000000,0.0000000000000000000000000,1.0000000000000000000000000
15 -1.0075515142398885348740123,0.1210790137694302548432290,2.9395716656953179146682942,0.6411587647506813425479777,-1.5035199697473986546469860,1.2797555368299389222386253,2.1029790828267755919966930,1.0000000000000000000000000,1.0417899232319509650324107,-0.0437632769922554829000738,1.3044453556670085880853094,0.0000000000000000000000000,0.0000000000000000000000000,0.0000000000000000000000000,1.0000000000000000000000000
16 -1.2458128927111393746685053,-0.6633540878627260939381927,0.9845527397819306969495301,1.2983355331318535696993877,-2.8755721546335069049860067,0.4593464715682651355876942,-0.9569721222267454363574757,1.0000000000000000000000000,1.1441207166733782241152539,0.0758032414297588191809396,1.2048596780304143827322605,0.0000000000000000000000000,0.0000000000000000000000000,0.0000000000000000000000000,1.0000000000000000000000000
17 -1.3298235783975334012296798,0.2276605815371973984273524,2.1466588876200161095653129,1.2240286186326503337085114,-2.4147088222030399506934373,0.4669964248160813902188693,-2.7798770871854294739478064,1.0000000000000000000000000,1.1441207166733782241152539,0.0758032414297588191809396,1.2048596780304143827322605,0.0000000000000000000000000,0.0000000000000000000000000,0.0000000000000000000000000,1.0000000000000000000000000
18 -0.1456923965707230816946094,-0.5420203650380396309671482,-0.5472033800543636417046400,0.3524448398844450824896057,-0.9746305150374841019811356,1.1175518010824694314919725,-1.8302313104021723511038999,1.0000000000000000000000000,1.0735426008810953213412631,0.0097577627421160106901965,1.3221965147518535133031037,0.0000000000000000000000000,0.0000000000000000000000000,0.0000000000000000000000000,1.0000000000000000000000000
19 0.0404762640330682543776675,-0.9785792622877698132555224,-0.8011905083374477598567864,1.3090897486817127948199868,-1.9297298795482233924047932,0.2257744053964383379451419,-0.7762731336624385525269076,1.0000000000000000000000000,1.0735426008810953213412631,0.0097577627421160106901965,1.3221965147518535133031037,0.0000000000000000000000000,0.0000000000000000000000000,0.0000000000000000000000000,1.0000000000000000000000000
20 -0.6335562907246039543451843,-0.7240941091372388171976127,0.8551383171697424234736218,0.9037217483778268167782244,-2.1193978206434249678125070,0.4138469660719144016525206,-1.6238594258637573108927654,1.0000000000000000000000000,0.7563402901479696627262683,0.0029318728265035343127920,1.3149664876120938927783754,0.0000000000000000000000000,0.0000000000000000000000000,0.0000000000000000000000000,1.0000000000000000000000000
21 -0.1484856597706205316722361,-0.5498625360811766338287043,-1.0169865828528910078887293,0.6377032537670656031636440,2.2389358372611694036891095,0.7718696029725808926968966,1.7926527571781893932723051,1.0000000000000000000000000,0.7563402901479696627262683,0.0029318728265035343127920,1.3149664876120938927783754,0.0000000000000000000000000,0.0000000000000000000000000,0.0000000000000000000000000,1.0000000000000000000000000
22 -0.7209958930804364340971802,0.1633860540022999130460590,2.4711520978250125502029277,1.2283380546708189129390121,-2.7394686078597199063722201,0.8253030666733640607901634,-2.7230072051507576702533697,1.0000000000000000000000000,0.7629430469232346689878455,-0.0611575094569276611622399,1.3393463935420597543668464,0.0000000000000000000000000,0.0000000000000000000000000,0.0000000000000000000000000,1.0000000000000000000000000
23 -1.0055962410043652877078557,-0.2348361746305493713560253,1.8919247351756647290699220,1.0709319839744673164005917,-1.7971438670573540719033190,0.4033725752510934903227735,-2.8719347898516454087314287,1.0000000000000000000000000,0.7629430469232346689878455,-0.0611575094569276611622399,1.3393463935420597543668464,0.0000000000000000000000000,0.0000000000000000000000000,0.0000000000000000000000000,1.0000000000000000000000000
24 -0.5426688153600645048157958,-0.9170739758154139442680730,0.7264359462583456217288358,0.9928718375412258767553908,-1.8972788933624338270078624,0.5291149369576548799898319,-1.6706200932197390329747577,1.0000000000000000000000000,0.7479102724454879114190931,-0.0514523535973636231277695,1.3757327227740234754094217,0.0000000000000000000000000,0.0000000000000000000000000,0.0000000000000000000000000,1.0000000000000000000000000
25 -0.1806930448051694837463543,-0.7820030867825829012929262,0.3529132514516722385344849,0.6250394936660788047788628,-1.6491284647571773369634229,0.8233216392450599663277444,-1.8179968587440509253383425,1.0000000000000000000000000,0.7479102724454879114190931,-0.0514523535973636231277695,1.3757327227740234754094217,0.0000000000000000000000000,0.0000000000000000000000000,0.0000000000000000000000000,1.0000000000000000000000000
26 0.0658149842365514242681357,-0.7418126369421913501867039,-0.2861151987981231381574787,0.6608183552921984560413193,-1.2588844664200142808851979,0.7894736499476588953427836,-1.7083494133115821878021734,1.0000000000000000000000000,0.7773232053021542631299212,-0.0440731356172231747425627,1.3320242033256330937973644,0.0000000000000000000000000,0.0000000000000000000000000,0.0000000000000000000000000,1.0000000000000000000000000
27 0.3745294491635189904066294,-0.6248733960531179798536527,-1.3160099635180970700787384,1.1017810859150960478558545,-0.9789945951669274393225351,-0.2580222539873897602547004,-1.2411725697735263018728347,1.0000000000000000000000000,0.7773232053021542631299212,-0.0440731356172231747425627,1.3320242033256330937973644,0.0000000000000000000000000,0.0000000000000000000000000,0.0000000000000000000000000,1.0000000000000000000000000
28 -0.1799016436327050827426177,-0.0655146089984438712017223,-2.6975608888371178650800175,0.6707747088797588741471145,-3.0413985575223052570947857,0.7768351523097769550929570,2.6299854950479271131769110,1.0000000000000000000000000,0.7227142407944026070154564,-0.0274282597738449776536562,1.4080949524688044505182916,0.0000000000000000000000000,0.0000000000000000000000000,0.0000000000000000000000000,1.0000000000000000000000000
29 0.0370802397850396106560034,-0.1498801921045619656158721,-2.5599313055453536414063365,0.4731337027799966121754949,-1.2401321003061482883822464,-0.6089548375964886073319349,0.4767065564925293541520546,1.0000000000000000000000000,0.7227142407944026070154564,-0.0274282597738449776536562,1.4080949524688044505182916,0.0000000000000000000000000,0.0000000000000000000000000,0.0000000000000000000000000,1.0000000000000000000000000
30 -0.7535826317684082287229330,-0.9284019642030398866694441,-0.9450912332942563720550311,1.7090571163721799408108382,-0.7415005818846929219745334,-1.1184921272185128771070595,-2.0998921800304550799864955,1.0000000000000000000000000,1.5994281991615091342850974,-0.1442310232642251555112978,1.1960382207976831825391173,0.0000000000000000000000000,0.0000000000000000000000000,0.0000000000000000000000000,1.0000000000000000000000000
31 -1.3341618925393134986734367,-0.5839042803608711640350748,1.6999451483181955424583975,1.2571611330691572216977647,-2.5715984502276607592818891,1.4630439758594353527598741,-1.8456730562612664314769972,1.0000000000000000000000000,1.3130345912943754971280441,-0.0698617038875173901324445,1.4100443708291483524419618,0.0000000000000000000000000,0.0000000000000000000000000,0.0000000000000000000000000,1.0000000000000000000000000
32 -0.8474353558364184912932160,-1.0140778051233947376630340,0.5704742417808740251317090,1.0015323722305808917809600,1.3108554054096352992075936,-1.2651857218077340316852997,1.4844977476182770192991711,1.0000000000000000000000000,1.3130345912943754971280441,-0.0698617038875173901324445,1.4100443708291483524419618,0.0000000000000000000000000,0.0000000000000000000000000,0.0000000000000000000000000,1.0000000000000000000000000
33 -0.9804149414407273832594569,-0.8554070109264740873200594,-0.5483751509521748168651811,1.4135966404229332038511302,2.8863082632968803942219438,0.5397305919508128546624448,0.5753060237409625132798396,1.0000000000000000000000000,1.7420523657892141855541013,-0.0682993626074396842362546,1.1831431774809690882221958,0.0000000000000000000000000,0.0000000000000000000000000,0.0000000000000000000000000,1.0000000000000000000000000
34 -0.6156861504667506812538136,-0.3224315577844310554134211,-1.4222768332280624203889374,1.3532138486864790927199920,2.8851950453158488052451958,0.6205419307204622647589076,1.4601136974601121032435458,1.0000000000000000000000000,1.7420523657892141855541013,-0.0682993626074396842362546,1.1831431774809690882221958,0.0000000000000000000000000,0.0000000000000000000000000,0.0000000000000000000000000,1.0000000000000000000000000
35 -0.8979985158003411793714577,-0.5975966204667827463836716,-0.2502383535944586734345307,0.7692909326796965041594945,-1.4679502761518656850370235,0.9477571602667480554771373,-1.3840884657763730114510281,1.0000000000000000000000000,1.7301522896067016432652963,-0.0724217221478101191856069,1.1952012258093809293768572,0.0000000000000000000000000,0.0000000000000000000000000,0.0000000000000000000000000,1.0000000000000000000000000
36 -0.5637202795840864366638812,-0.4536107853305760828632742,-1.1013465734741356705228554,1.0037056032416631357051529,-0.8526610164151651183317426,0.4428940531531786461982847,-1.3252234175752142242288301,1.0000000000000000000000000,1.7301522896067016432652963,-0.0724217221478101191856069,1.1952012258093809293768572,0.0000000000000000000000000,0.0000000000000000000000000,0.0000000000000000000000000,1.0000000000000000000000000
37 -1.4497482878758463087365271,0.2304931134860684627252425,3.0331575254766276472651043,1.1199130598236575195869591,-0.9202548719111554031968581,1.9318420830796667608808548,2.5441618943594219715009785,1.0000000000000000000000000,1.2839768859716025328765454,-0.4054297277496334839241854,1.3775511092634644683130318,0.0000000000000000000000000,0.0000000000000000000000000,0.0000000000000000000000000,1.0000000000000000000000000
38 0.6864650411016232078864618,-0.1006041438976646162917206,-2.3609141827193558249575744,2.2333594686848265986611750,-1.5760907631704790254900672,-0.6179857962382890868013874,-0.5325598466100387451405140,1.0000000000000000000000000,1.2839768859716025328765454,-0.4054297277496334839241854,1.3775511092634644683130318,0.0000000000000000000000000,0.0000000000000000000000000,0.0000000000000000000000000,1.0000000000000000000000000
39 -0.5107296834987893330293218,0.5026240977941236476311815,-2.3363633085701751568308282,0.6423407732758061872146982,-2.2445693713684442549549658,1.2742605487696176957967964,1.5496887943271964171998434,1.0000000000000000000000000,0.9402617489408058304434235,-0.0066513766006805891128906,0.9590722960112952888422910,0.0000000000000000000000000,0.0000000000000000000000000,0.0000000000000000000000000,1.0000000000000000000000000
40 0.2494323182488768220199660,-0.1758235557614421518124459,-1.0508355856153583918199956,1.3343863156700290772960216,0.7074157516527042055543006,-0.5121961957831849820976799,-2.6541196327530274245987130,1.0000000000000000000000000,0.9402617489408058304434235,-0.0066513766006805891128906,0.9590722960112952888422910,0.0000000000000000000000000,0.0000000000000000000000000,0.0000000000000000000000000,1.0000000000000000000000000
41 -1.1908934769817807186598202,0.0125421126948790009197898,1.2613702416612009304941466,1.5743343947505299418310187,-0.0934662415279415154101272,-1.3231027269843513849423289,1.8940070721436201850451653,1.0000000000000000000000000,1.0669853509482858378021319,-0.0567061158906231252418984,0.9593846945717858787361365,0.0000000000000000000000000,0.0000000000000000000000000,0.0000000000000000000000000,1.0000000000000000000000000
42 -0.4673116029800010728934012,-0.6436305197596081661970402,-0.3585871088235416670464417,1.6872653779235751159149004,-0.3948711959907976187800216,-1.1536120905790534507673328,-2.6649232073145392440949308,1.0000000000000000000000000,1.0669853509482858378021319,-0.0567061158906231252418984,0.9593846945717858787361365,0.0000000000000000000000000,0.0000000000000000000000000,0.0000000000000000000000000,1.0000000000000000000000000
43 0.1931847953460347766529992,0.4681330318367070142393516,-1.5492399702345738266018316,1.7372053991606499767641481,-2.7164167817432178786418717,0.9476348638756362241508668,1.6441338650719439229419550,1.0000000000000000000000000,1.1389495713584820713037971,-0.0558573369569412142565668,0.9551793051465318207249311,0.0000000000000000000000000,0.0000000000000000000000000,0.0000000000000000000000000,1.0000000000000000000000000
44 -0.2854703138240436977035586,-0.0301300377239288354191959,0.0514699770443226706229112,0.2626614548272618310242876,-1.6324358097806799250406584,1.5152829224314925404826226,-1.3369792199327159565314105,1.0000000000000000000000000,1.1389495713584820713037971,-0.0558573369569412142565668,0.9551793051465318207249311,0.0000000000000000000000000,0.0000000000000000000000000,0.0000000000000000000000000,1.0000000000000000000000000
45 -0.8138812670440327412535453,0.4269832777826994552050621,2.3003334440653713244273604,0.4751831806508441391478925,-0.7050435803790028321813566,0.6875793175713993399256196,1.4267469798231056099524494,1.0000000000000000000000000,0.7994016728128314763779372,0.0140527888825408980855158,0.9582882109020315342107210,0.0000000000000000000000000,0.0000000000000000000000000,0.0000000000000000000000000,1.0000000000000000000000000
46 0.0605550416204012134646639,-0.3002108684379623526616854,-0.5533164218215433916014945,1.0174256921872639747306266,-2.2784195951748644759504714,0.5771884704368135388108385,-0.1861063202458828336194330,1.0000000000000000000000000,0.7994016728128314763779372,0.0140527888825408980855158,0.9582882109020315342107210,0.0000000000000000000000000,0.0000000000000000000000000,0.0000000000000000000000000,1.0000000000000000000000000
47 -0.3673300581811076992444498,0.6973088181921857087175454,2.8801678863532851337936336,0.8199659585516111404146500,-1.1916645958664664473047878,-0.5321348232832433522432325,1.3691176816459462717290307,1.0000000000000000000000000,0.8193690039074835729238089,0.0431515753842664773198834,0.9565164838552085990741602,0.0000000000000000000000000,0.0000000000000000000000000,0.0000000000000000000000000,1.0000000000000000000000000
48 -0.3820636044390027796779918,0.7836441885999585466038297,3.0087185561232403507858635,0.9525219249255232334405719,-0.9370762601611209996477214,-0.3114729089715857490716644,1.0148568636420720601165613,1.0000000000000000000000000,0.8193690039074835729238089,0.0431515753842664773198834,0.9565164838552085990741602,0.0000000000000000000000000,0.0000000000000000000000000,0.0000000000000000000000000,1.0000000000000000000000000
49 -0.0046750516523111542571689,0.4878771658100696795301587,-2.1198601393551728122588429,0.7815683386217819883512448,-2.4005058219853370182761410,0.3765462375602435241006560,1.5501514892009502499803375,1.0000000000000000000000000,0.7764617551753585367180222,0.0530115419174598256901731,0.9576780359552604648953888,0.0000000000000000000000000,0.0000000000000000000000000,0.0000000000000000000000000,1.0000000000000000000000000
50 -0.3558251314164148637608776,0.4534458633430153984278377,-2.5642163775672925929427493,0.4164590486153709192329586,-1.9457400376695823673856012,0.6174674404866378196743426,1.4045119464843385248542518,1.0000000000000000000000000,0.7764617551753585367180222,0.0530115419174598256901731,0.9576780359552604648953888,0.0000000000000000000000000,0.0000000000000000000000000,0.0000000000000000000000000,1.0000000000000000000000000
51 -0.8885200560737966934965471,0.2951540809485612704143875,1.6126463269220838725459544,1.0734974926467717448730355,-0.4986546399087650183190590,-0.4531538379160471308182423,1.8168698540562713272805695,1.0000000000000000000000000,0.7353375230428471631682896,-0.0285838440240285610038917,0.9550476245768589889095779,0.0000000000000000000000000,0.0000000000000000000000000,0.0000000000000000000000000,1.0000000000000000000000000
52 0.0479121978457081668101303,-0.1996739064074922465064077,-0.2197327200970119465139874,0.6369785782271110141650183,-1.7495369826666526957836822,0.8365184673278212024172262,-0.9835140478027918353731707,1.0000000000000000000000000,0.7353375230428471631682896,-0.0285838440240285610038917,0.9550476245768589889095779,0.0000000000000000000000000,0.0000000000000000000000000,0.0000000000000000000000000,1.0000000000000000000000000
53 -0.2536608278417080142297380,0.6252152173332412576911565,-2.4307573712475130101040577,0.8578993476401727269475828,-2.1672587436172885411167499,1.1105627376169722175802690,1.6635581823519773880803996,1.0000000000000000000000000,0.7699188499664509910402899,-0.0557400990024861445193416,0.9595055737576938525990045,0.0000000000000000000000000,0.0000000000000000000000000,0.0000000000000000000000000,1.0000000000000000000000000
54 0.2337540085818494151048696,0.6229163185970367777599677,-2.0844583726193817163618860,1.1560486402380201198525356,-2.6653691986395950941357569,0.4142996258634605855064592,1.9016982425031889736288804,1.0000000000000000000000000,0.7541620359076941504383740,-0.0202124985634407478007901,0.9599477372946905173733967,0.0000000000000000000000000,0.0000000000000000000000000,0.0000000000000000000000000,1.0000000000000000000000000
55 -0.4923306309297990068785111,-0.3564400333723817260178635,0.0543620650373899186313942,0.9121937308846294056863258,-0.9439559039695961661919910,-0.7774147157452138134914321,-2.4206929996397459348145276,1.0000000000000000000000000,0.7541620359076941504383740,-0.0202124985634407478007901,0.9599477372946905173733967,0.0000000000000000000000000,0.0000000000000000000000000,0.0000000000000000000000000,1.0000000000000000000000000
56 0.1005415556045323732803354,-0.3282226395643758065645557,-0.3115784140777016486545392,0.9393595318561573925819630,-1.9822817381218207355431105,0.7436902486922640775901527,-0.6514844448390509912272250,1.0000000000000000000000000,0.7234206517801715641269311,-0.0445795715295614625173215,0.9586121893807371119322625,0.0000000000000000000000000,0.0000000000000000000000000,0.0000000000000000000000000,1.0000000000000000000000000
57 -0.5381151469513505425368294,-0.3914410594804824672365839,0.2465450262470263997904851,1.0212051159536366107261074,-0.9062477209921609988541036,-0.7060999279870185940666261,-2.6310408169492229824015794,1.0000000000000000000000000,0.7234206517801715641269311,-0.0445795715295614625173215,0.9586121893807371119322625,0.0000000000000000000000000,0.0000000000000000000000000,0.0000000000000000000000000,1.0000000000000000000000000
58 -0.2440793758276408320639916,-0.7929225189226625225558109,-0.1540057212642405859437389,2.0739124787791012316517936,-1.7123872798204970990809670,1.4126239821373598459786081,-0.2734513314176246767672751,1.0000000000000000000000000,1.3269122809064166634840376,-0.3017653252704838862108261,0.9570019797664144345361592,0.0000000000000000000000000,0.0000000000000000000000000,0.0000000000000000000000000,1.0000000000000000000000000
59 -1.4149185100546455284842295,-0.4180739469337984015595566,0.0230402103511209606356847,1.0733162874531652075660304,1.2353747238548977716021682,1.9541247326201407474854932,0.8579964308409456785753378,1.0000000000000000000000000,1.3269122809064166634840376,-0.3017653252704838862108261,0.9570019797664144345361592,0.0000000000000000000000000,0.0000000000000000000000000,0.0000000000000000000000000,1.0000000000000000000000000
60 -1.2152631367869120015967610,-0.7780884869030828543401412,0.4198271368596707131537471,2.2257828054688837404739843,-2.6090783831210737631067786,1.5767172922271850410425031,-0.3352282368700448822451676,1.0000000000000000000000000,1.4888126644020958089242868,-0.2479944545766313013235305,0.9584133547839770450593733,0.0000000000000000000000000,0.0000000000000000000000000,0.0000000000000000000000000,1.0000000000000000000000000
61 -1.1469874452235071515815434,0.9028292335211863806065935,-2.3979944428630299846361140,1.3723470282917409335254888,-1.9153615797105230100783047,1.9058781568454010724167347,1.8900192331796088485162954,1.0000000000000000000000000,1.4888126644020958089242868,-0.2479944545766313013235305,0.9584133547839770450593733,0.0000000000000000000000000,0.0000000000000000000000000,0.0000000000000000000000000,1.0000000000000000000000000
62 -0.7516480440658175332657720,-0.7787591326914079514764921,-0.1389288405727778508147452,2.0211359295211765996214126,-2.2332223337131122953280737,1.2792216226361792230648007,-0.1955132778795970471819032,1.0000000000000000000000000,1.5537862527667480883053486,-0.2380047743385680092398360,0.9589306410187532492273021,0.0000000000000000000000000,0.0000000000000000000000000,0.0000000000000000000000000,1.0000000000000000000000000
63 -1.2727503407349560760053464,-0.4914458727096082113483533,0.7081643204843139915993788,1.6617105142874828427324019,-2.2547011485609145253761199,1.8209618890289971382401291,-0.7466468008309044002146493,1.0000000000000000000000000,1.5537862527667480883053486,-0.2380047743385680092398360,0.9589306410187532492273021,0.0000000000000000000000000,0.0000000000000000000000000,0.0000000000000000000000000,1.0000000000000000000000000
64 -0.2399111894748912066077651,-0.7037048581499273369743719,-0.5873884076292932299168115,2.2881508761052038458672087,-2.9325406850796902347155992,1.3977526810009743840623742,0.4144237680349279751013114,1.0000000000000000000000000,1.2582274060734675025230445,-0.1997875109081098665697596,0.9557922685266435625095482,0.0000000000000000000000000,0.0000000000000000000000000,0.0000000000000000000000000,1.0000000000000000000000000
65 0.0951331671147646468211789,0.0611987850624194848481174,-1.2548042171848905468323210,0.8133323996738445194054634,-0.1915765743727239067695223,1.4978019427497879512145573,-1.3000276823863803343783729,1.0000000000000000000000000,1.2582274060734675025230445,-0.1997875109081098665697596,0.9557922685266435625095482,0.0000000000000000000000000,0.0000000000000000000000000,0.0000000000000000000000000,1.0000000000000000000000000
66 0.5998767872278958357412648,-0.3067278005246718008969253,-0.9479955724544992801128274,2.4703076618171206924046146,-1.9950477750079131933347298,0.7633477445986809328815070,0.5787356802720704518350203,1.0000000000000000000000000,1.2885598861791938141152514,-0.3815936876608029271196187,0.9594987942764995336730749,0.0000000000000000000000000,0.0000000000000000000000000,0.0000000000000000000000000,1.0000000000000000000000000
67 0.7763412875809808655347410,0.4736952522813231425402591,-1.0861639624133661019556030,2.5390178412750272762821169,0.4965370976967876659458057,-0.7566240081827267927039316,-1.3577761932597951499701594,1.0000000000000000000000000,1.2885598861791938141152514,-0.3815936876608029271196187,0.9594987942764995336730749,0.0000000000000000000000000,0.0000000000000000000000000,0.0000000000000000000000000,1.0000000000000000000000000
68 1.6921313789937681981712103,0.5545490274892883597601667,1.2000708957813781552204091,1.1910665143453824654784512,-2.6441624452002172596110086,0.6891715034955634422431103,-0.8383801981841121353511426,1.0000000000000000000000000,1.2870108176717667269883805,-1.6931550509608601640110237,0.5035375588575370375821194,-0.3513355092356801323560944,0.6975070658562183556483660,-0.0638218695940375446706838,0.6212663671138287657669252
69 0.3578443019252044443589966,-0.0316949786500515529041877,2.1314118304009417315114661,0.0208155891535876103048963,-2.4407634779623541554371968,-0.1707543450117638972329814,1.1364780539336978293363245,1.0000000000000000000000000,0.1787120619696519474572938,-0.5420472582444588738326274,1.2926732666170970276198204,0.1616235867358445932318034,0.3724548607607782169104382,0.9053830588120221900538809,0.1242357171724140646462686
70 0.6018777465794835634937954,0.3638309840154048124816200,-2.2732348359891685340983258,1.9536449986247552690343809,2.5212486357485168753100879,1.0749620043156982163168323,0.7579726591077506903104677,1.0000000000000000000000000,0.8237700653050363808205248,-0.2363593688020058369847476,1.3041325377604717772328513,0.3204723333984017541453682,0.5158286464942284377244164,0.6225385894040464940246693,0.4936211462022476181843444
71 1.1307376512960698455856345,-0.6005382853408987031684774,0.3959499985184113945990703,2.4754086487020403595238349,1.5252777893302393863450561,0.8149784584383810148722205,-1.0887711077862285424799893,1.0000000000000000000000000,1.2372602999564148440470035,-1.3584343762914055098178778,0.8612035897269052497904340,0.8625944242900014380381890,-0.2610460565124079757026720,-0.3138726078280806852660589,0.2987768482615426046677953
72 -1.4118106514790647043611216,-0.6218438494498113033870368,-0.2822347275235213004407342,2.4530634735203644680723301,2.9759884094758835004768116,1.9311855594942546332504207,-1.0881858037417688755965628,1.0000000000000000000000000,1.6836718898117981613182792,-0.4678332776854559615919982,1.0068737998884285111955705,0.7245849741902947727112405,0.3446879207033962111417225,0.3043910946745276291380833,0.5133329644465596253155582
73 0.4210497387963583193482009,0.3863957611654864621186789,2.2290692430273582047561831,1.8935848236659469367992870,0.3947150004346458018744670,1.4973847587741437870079153,2.3418117137638905234098274,1.0000000000000000000000000,1.0429623494942754646785943,-1.0711003185827281392050736,1.4885575929265273398272029,0.9647228478262425133138436,0.0561085201492309559867522,0.2571915023009777589990676,-0.0034624124635756030332612
74 0.2607846171343888297400326,-1.0384455566925205882711225,-1.3855139674186338627492887,0.7313017874049495548050004,1.7820645119580742488096803,-1.2777249490198743231417211,-2.7845795514814462023878150,1.0000000000000000000000000,1.2831953327519998175887395,-0.4112217780678707468311472,1.8627942968096562470492472,-0.3002455668449699466293623,-0.2649297183589338633424859,-0.0391159727369248810813218,0.9154958256917595793566989
75 0.2308422628439006363265662,-0.6103903429738199992726777,1.3607177513963790715934010,1.2332752293717463842881443,2.8177197719964759414779110,-0.9494893856169440704562135,-0.8870723136449569778960722,1.0000000000000000000000000,0.5040442516085943402970315,-1.2459359896236648079792531,1.1729275227591646757474564,-0.5636403302870393039469832,0.7488640398473739301365981,0.2200835823327899065660063,0.2703209054567813351965810
76 -0.2780682479352596381261264,-1.1881047543832587987111538,1.5785215956662428382628605,1.9852522321153671658322537,-2.9299781607477823897056624,0.0453874264925178128038397,2.6082081397721585958038304,1.0000000000000000000000000,0.5543041697944881551762819,-1.1914930467612747655437033,1.2679254730440225884535721,0.1767732546962499928788759,0.0155320975045859788199465,-0.9355465977369548102871022,0.3053856011500060141372614
77 -1.3373306350460090197174168,-1.2326082962768190043334471,0.4788091161299741216339498,2.4348483590021952061022148,-1.5859797114380542737421820,0.6000413210594133239794701,0.6485875244008321161004460,1.0000000000000000000000000,1.4728245688824843639963547,-0.4639267074759741982248329,0.8840247855335257032294294,0.7244459213539660158431843,-0.1190711428919434822226719,-0.4971939687989652689736886,-0.4623809527335763225330822
78 0.4391427731872843409632878,-1.6902448543343899789448415,-0.1821928262844760837424474,0.4862098638099663916456450,2.0848462102766358583494366,1.5939728167160467364737997,2.0925992239777002623668523,1.0000000000000000000000000,1.0281733946761770770450539,-1.1530516294886103967343161,1.9523072135638441793048514,0.6228901990993023218834423,-0.6916859813784956845239549,-0.2003932075910568322285599,0.3056446670048833524901966
79 0.3228171070049827839909540,0.0426271577755117370145399,2.6633534055896941339369732,1.6856199688034223527210997,-0.0302330116681908123155154,0.0625915910293375343798061,1.9930078895874361322171353,1.0000000000000000000000000,0.7645362206969903429154556,-1.0942353195592846581973845,1.8393143961479085923826915,0.5806400005088746540948819,-0.6311960904327035271066393,0.3789810612351000029818238,0.3475914823781848239647729
80 0.5463707889769398029500280,0.0026740735451107333631171,1.2261740177956692576799469,0.7164021170634785606878836,2.6379437521160316038049132,-0.4724106149341134042174417,-1.4070296321204072143018493,1.0000000000000000000000000,0.2797738798230098855590597,-1.2565328912696815955030161,0.9021913963581928985746572,-0.4355834207311123917882867,0.8349562374442219825354528,0.3020809494344741108484698,0.1478514659237265549407425
81 0.7573957734371457028998975,0.3742401181604901871935454,2.4511198192424439312731010,1.8045472110950140365304151,1.0662400729177710090311848,0.6658828603877720020420838,0.3652254147577220777520779,1.0000000000000000000000000,0.8205254723506241187891419,-1.2011173099355101356877640,1.7154646874931076538928210,0.5569302143398896509651763,-0.4583611817414202094234099,0.4832863223110065442611472,0.4961510975511633225742969
82 -1.4970690663139216702859358,-0.7379059062185255868371314,1.3988300658000802911828941,0.8733178215861867599301149,-0.5030440677106589042466567,0.5098076178091801580194442,1.7634588613633344067466169,1.0000000000000000000000000,1.2081518919209590645635899,0.0169753786067297629536199,1.4847317670395108191172540,0.4541570237590893954759963,0.7434638544073105537179913,0.3732736282430068053272976,0.3188534536621571158221400
83 -0.7004400194628976894506422,-0.6190636576433028448462892,-2.5452659918752655876517110,0.6544699459934930629856353,1.7803249582989728594384360,-0.4670599903244716522010549,1.8864168233114373407488529,1.0000000000000000000000000,1.3626307966926203274482532,-0.4256811577423155745769634,2.0832215933364328641630436,0.6647086800948456275506260,-0.1542196448666676988903390,0.7005310119682475189506476,0.2088847476845160089364839
84 1.2931917847411682487290818,0.2178191419769168746256582,1.8671600080983683511703930,2.4692267692215863483795601,1.8764701872111624325611956,-0.0112892381435047983728737,-3.0384502578393792759925418,1.0000000000000000000000000,1.5414439203983463233527118,-1.3236427830730959076532827,1.3666863825777386676207925,0.1385123246671557395437446,-0.1839106470190286501953381,-0.0615066193225979815362159,0.9711878722175359968105113
85 -1.3506490321685007405250190,-0.5011052755415927872917337,1.7511026361379089522074537,1.5915424751721052309960669,2.1793201540980122743462744,-0.1170798514851194571662063,2.0835542041894772324894802,1.0000000000000000000000000,0.7617160841328476372780187,-0.2684298771504004532673093,1.4348477689246987853977089,0.0918650661331415485655327,0.4545532800884842794530982,-0.8619833167351484970453157,-0.2047551276385187746242877
86 -1.4260561340614694714190591,-1.7373585752138673843347760,0.3374063319240021563416576,2.2581270184405739520627776,2.9920389273553338327360507,-1.3927367874595104613177909,0.5683907879969991583379851,1.0000000000000000000000000,1.4017045564825629799798890,-0.6813653442057915343710306,1.0626330797771403879892205,0.6269492680330127631904702,0.1080887926577031588060152,-0.6665504136805683321753691,0.3885354462092220906299644
87 0.8324100699334398001383306,-1.3912679600176716121495701,1.2381113485882941915861011,0.3035777581155196247486572,-0.8911443771953435621924200,-0.0975383328737955412890415,-0.2492045911672544633574944,1.0000000000000000000000000,0.9226470383394087537709538,-1.2081316221112794462300144,2.1828474364615457758986850,0.6259160339148938101416775,-0.0256580036498308128312118,0.7652158715764582064267074,-0.1483688073809444896156151
88 0.6675917600851168920428336,-1.1720317145413865489445016,-1.0040856505271120724387401,2.0399819571701724996160010,1.7720052268798491823531549,0.0626366832997620193168586,-2.8598132344786142411408036,1.0000000000000000000000000,0.8547051725562085922049960,-0.3116134626074134050810471,1.0663431122259128258633609,0.5713302144998609888304486,0.3655344243693798844674347,-0.6928290553308428245671280,-0.2448511136194020387790715
89 0.9727755750476942964155569,-0.8331988893645807525700775,-1.2693561018619712310595560,2.3467030914503630434353454,2.8866916350227276311102287,0.7925179853994608336620331,-1.1207378997857395663828584,1.0000000000000000000000000,0.7999590991567041564636042,-0.3889682672488085080075848,1.0817311381143328574694351,0.1476238731932044134786963,0.5361927339138462533796314,0.6792575216858982578571613,0.4788648593690916777099176
90 0.8023241442688653357606654,-0.0337793282749032641731901,2.3271238627793948694488790,1.3462259558254039415459147,-0.0558610145397766544306251,-1.4168912762238869973430155,1.9504839160495830441277576,1.0000000000000000000000000,0.4172022756387788744447676,-1.2360492349204754702896025,1.4930960214971797928029673,-0.0264314185389876166176748,-0.8449971018798352329071122,0.5333133460641503731380908,0.0292562025725841556855755
91 1.1373836293477492809245177,-1.1748183018331501692443908,1.0533786099482815856731577,2.2044547910366460996556270,2.3382155644396389604366959,1.7441680173332692049825710,0.9007626415676264208798329,1.0000000000000000000000000,1.2023054490981668340765509,-1.5041821536694810479417583,1.5023845216169755545365661,0.8296666241390705520686311,-0.2726250395092070233360459,0.4862684746005535574298051,-0.0294893481442630306377239
92 0.8138416170167728225237624,-0.4254544101247814680277770,2.2332214063172459717065976,0.3583478072380403278707206,-0.7530637721363753200876090,1.0997378237116270938145135,-1.5451018471224706729572063,1.0000000000000000000000000,0.5222301693581101744712214,-1.4454283617503320691355384,1.6008987288477691812715875,0.2289189639390706854094049,-0.2159145471244454383974443,0.7299527276662587382816128,-0.6067485429348349335043622
93 0.4604494104375396190675929,-0.9883851382915791461414301,1.1837686528019508713782670,1.5773519553129335957208923,-0.2240065238704000982750131,-1.1207216534864528068027312,-2.6159157958854528658321215,1.0000000000000000000000000,0.5261930735384446888858179,-1.2955833080861738348943391,1.6168263631953834202903408,0.3778689915239363816823470,-0.7325837207044959553670083,0.5131658207667321169864749,0.2391542937188744499810156
94 -0.4994208022291417581328687,-1.5635302586883912390192108,-1.5319815833624101930610095,0.7259772350992899081489895,-1.5331911770460155963746729,0.6640749373174261727115208,-1.4166763058806193242844529,1.0000000000000000000000000,1.7525930468436343723226400,-0.9110600035095054449740815,2.0118315095724517149733401,0.8807725085576176837776075,-0.1184870145586878198429304,0.3665956439639925790174857,-0.2753291625171750967027151
95 0.9590220231570785180963412,-0.5774383949648764779993826,-2.3352986058108480271755525,2.5755125498406177264598682,-0.9093871072607053740455285,-0.5201844786346334625903864,-1.9828574904854676663745749,1.0000000000000000000000000,1.3529295386386761546049229,-0.4638245790366975485063961,1.3166773188263503069350691,0.8341260508128405248839954,0.5218146869693398581802057,0.0345401049860715736450345,0.1753512426719069372538229
96 -1.2340243751764683466376482,-0.7119633862520395872763856,-1.5885421696880841491150704,1.7263599905149822344441191,-2.2280696923048561863822670,0.9269207697976522553062750,1.2048324173185189778223503,1.0000000000000000000000000,1.9385475945503181094409229,-0.9957980839142702711441757,1.6389299315761622910514461,0.7707641608785689157912202,-0.0002899489240050234784007,0.4833227819288670734643176,-0.4151136936694979628903468
97 1.5472107236947376662783427,-1.5843892900167912962672290,-0.0741978538775294182983089,0.8743388912865606155122578,2.1411758358470054375288782,0.6607118625089354324586566,2.1116659117604914541743710,1.0000000000000000000000000,0.9332212895672229446830670,-1.4199901709243980540975372,2.0392364827366047386192349,0.7009296495919525860074373,-0.5486387451152801020270999,0.4314115353452860901484200,0.1468848079476356427441885
98 1.6139851799149562694424276,0.8302239459945002231222588,-1.1439111972695075181150060,0.1016591379715404835915038,-0.7770596368685640520368452,1.3929583372162417376216581,2.9137027352138904490175264,1.0000000000000000000000000,0.5025760663658260796182731,-1.1236081447478887263002889,0.6490898350452288800838119,0.1097043744066953929738872,0.1772819119366351447997232,0.9592856996408700709366713,0.1905382862845715064015195
99 0.2809884607137969059209581,-1.7610679211262927346126617,1.8042986439563684086806461,2.5720058430833767637579967,-1.4625305964134311942359545,1.0836148616786065446149223,-1.1840024387105381187268449,1.0000000000000000000000000,0.7898949903654051141188575,-1.1290364920330393516678669,1.1172454207932056569063661,0.0079681268625855505849387,0.9424617078262568226065810,0.2960433726401925369486889,0.1551081969162225737690619
100 0.4565072437115387238293351,0.7113990276969968107323439,-2.7511362429292214315523779,2.1302312746179437041860183,-1.1441840861650112159964010,-0.5937586162021669666799539,1.5907010713786355893262225,1.0000000000000000000000000,0.9064848698021479300734882,-0.4029957246086225408632231,1.5343595347478440338306882,-0.3629534253407791233314583,-0.6207984901970475810628614,0.2759616622081920711551106,0.6377437067507654155917862
101 1.6266042355366230331981114,-1.3500670868675535007952249,0.0238501753377851066773019,0.2785993183183480548237299,-3.0389514504950270179506333,-1.2916706726798743432027550,-2.5154938544083824680797079,1.0000000000000000000000000,0.7964580994371772693085632,-1.4904886747873493657579047,1.7754286440613575859259754,0.2464486828789114736260046,-0.2477115117006451205927675,-0.8467818714285493264526394,0.4010740196902603527107090
102 -0.3649113600212658958810152,-0.7477654138481082402023503,2.1241361623020855731169831,-0.0293947964754862761660448,1.8474517181862379899826010,1.0229710943512766441187978,-1.8958644091407139686822347,1.0000000000000000000000000,1.1559291785353498216437629,-0.3365140687358708082577152,1.9571619117458811665244411,0.8753342434819937345480412,0.2190755572705865017457683,0.3972474746629000019737532,-0.1672963566175103278244052
103 1.6364492567711295123444870,0.6245018992729027829113875,1.7851195591647321947448290,0.5155810366168528391384029,2.2254165825277647527968838,-1.4608748737484806845543517,-2.4037406980752669127809895,1.0000000000000000000000000,1.2808500398052908852974952,-1.6215367874464525765887402,0.6846173572190115130808863,0.9599255302412509349707648,-0.0007015019083321111237339,-0.2096686228830814124890480,0.1859553253586590515489263
104 1.4873734976943313590425078,0.0206689403456024045624417,-0.6676732082339524865233216,1.0540292806420610283169026,1.8668608086071261098481955,-1.4709936676312300729563276,1.2336392688810073892113905,1.0000000000000000000000000,0.4789410956697280896676716,-0.8848486538288580227629154,0.9819434074493761377411261,0.5123803650630935901943985,0.6046663855515718166699912,0.5888190536759867477201169,0.1585398738244771787986309
105 -1.2219716366116724071133604,0.9511662979108126414473645,1.3310047076921138753391460,1.8877372648351531392307834,1.3946886418655930484078453,1.7435763653784355220466296,2.6544551362485879764108176,1.0000000000000000000000000,1.0224736503888309790966105,-0.4106891738174059947041883,1.1411385987934403729582300,0.6551614785162805931761909,0.1026743721352815497116495,0.5839066200039982890146462,0.4682651309738159461915075
106 -0.7581354801236163121203049,-0.3657125046573170834562916,-1.6448313322823546744899659,2.0512468570215847130100428,1.5453819468218750188270860,1.6539490331093542607732161,2.4286138750191845758763520,1.0000000000000000000000000,1.6285569258923684454742897,-0.5639870845694691103844320,0.9581146348376976540350825,0.6999825029509887386325317,0.2234184585736692096880063,-0.6768522800897731617197906,-0.0444690380524098843872949
107 1.2588197942813232899084142,1.0447510484325475133005057,-2.0408290332591620952484845,0.5096575370447976593979433,0.2986196531884464100414789,1.5438080080327938325979176,1.7307000337474516271640823,1.0000000000000000000000000,0.5800447662715769725494397,-0.6821219833040377267252552,0.7827841317958107447694260,-0.0081544578740000983607672,-0.3842973323924839812448795,0.7085804847927690275355417,0.5917436176290213900585968
108 0.7816489266063455509936375,-0.3581906048940448616946242,1.9019366177705441245393558,1.6340760103352720555847100,1.8058320474879963057901477,-0.2049006600579517112237227,-2.5176483526475021967883094,1.0000000000000000000000000,0.9447514795016150879192196,-1.6749828030136360013102603,1.4641083446361133901802987,0.1509746493151188084791414,-0.1843563915964364641197903,-0.6293392498526573231032444,0.7396953824046850201057168
109 0.6038249238316528710868170,-0.8631347324764981898681526,1.6381100173524085761300739,1.8680136261610376102737519,-0.1260865486427613646469581,-1.1213065048244885701933526,-0.6714146185947651446213058,1.0000000000000000000000000,0.8009028188606952536332528,-1.5095831770010517125513161,1.5927511764650328363046583,0.2825830117220878290318353,0.2136209497725069794693553,0.8309222616627216506657305,-0.4290442759202420797137734
110 0.3706000349846578778567618,-0.0561582213897060533724925,-2.3087590292709814221439046,-0.0311673173593205073139689,0.8321606874611049420309428,0.4872366966098735652224150,-1.3674133104357930612593464,1.0000000000000000000000000,0.3157122750913023412344671,-0.3078094637294152557949189,1.2465858629543700164532538,-0.4224310844466984127265619,-0.8941161228343248446037705,0.1373959507138431124229072,0.0568211804233789141704847
111 -1.1288523815918729553686717,0.4910982180042653411078390,1.9234448756082835885194982,2.1128099654069214530238696,0.4152548796489154980804415,-0.6065186518968753714986519,-1.5807074481107796781742536,1.0000000000000000000000000,0.6964671247998648340171712,-0.4180375995362176078096184,1.2480478553536706876059270,0.1264132211583852694047891,0.3878153154144287073634700,0.8962856716114282473739650,0.1740370421669483469440110
112 -1.0242605785166469800628875,-1.0692469052859798761545562,-1.8641343913907217899605939,0.9656303927561407096646917,2.6829563789199841750132691,1.9315823776175840009727835,-2.1904393213053419131597366,1.0000000000000000000000000,1.5107630683262098791885819,-0.4736936737482084769368385,1.7824282448309711757161722,-0.3091830701523721192103267,-0.5723636856937408534662381,0.6146368121444285570476040,0.4461223813405037486035098
113 -1.2122132618551710869780891,-1.6349488462954520073822096,-0.3619493683678696172023592,1.5650249585039095467919879,1.8951985776434643327092999,1.6360468914912384974513770,1.8142834928293165575041712,1.0000000000000000000000000,1.3274923392857918003073792,-0.3786650635676561127418438,1.6820451112610732558039217,-0.3251850834252834054893810,-0.9278234491606951461761810,0.0102439488008022328013880,0.1824587739855050849691054
114 0.7872765577448181950614980,-1.0249649952156303367445389,-1.7798670379294625476518377,0.5908386739831595901861760,2.7370336801819661332046962,0.3113580169595167035367922,1.1327872151964282210201418,1.0000000000000000000000000,0.6808788995936345678217094,-0.5678500952132411461192874,2.0387777323752009905888372,-0.3445233315148931163562906,-0.8020007889912128540288450,-0.3581039807228464377786281,0.3314480981948375593049150
115 0.8607802707672185249521135,-1.0650671701059055695992583,-1.9008358587609941459106722,1.0105249028916118980703232,1.5318914760373960604056265,1.4333050075413491519782383,-3.0053590671645289411628710,1.0000000000000000000000000,0.6979541533703330635773909,-0.4574999747911270286948593,1.5909378437375356618588285,0.2801645966161787626447222,0.8396176948131323092283651,-0.4573783064661920416682506,0.0857483007663488727700951
116 1.3619514362912341631783875,-1.1888701482107255635867205,1.4102757573442339378289034,2.1874014400306163175002894,-0.2751664641742439521010510,0.5522676416667011700667445,0.0779308925657211659654422,1.0000000000000000000000000,1.3950701517638777193752730,-1.4162966554603781954568831,0.9806701611265502549485973,0.3540682696784846483772924,0.4425376167108714398068514,-0.3727985112959035229884819,0.7347211852286159583513836
117 0.4673449632465902503497546,-0.8200959128751863502770902,-1.5835219072726378630733279,1.2277826806166127759922801,-0.8541509411405545648676707,-1.4676858919912985079747614,2.2717375653464060292208160,1.0000000000000000000000000,0.6800600519171707825094586,-0.3437987940459750202393252,1.5237019744352273686871513,0.0023605580835342476753169,0.2174279228787124318422741,0.9703031686978340619731398,0.1059672701614201018038841
118 -0.6342333557603991867068771,-0.7723023058061031509424765,1.4250538085740824811864513,1.2841226438312429714017071,-1.3912834838536956016952217,0.0785937631860891272594927,-1.7571601650268586780612168,1.0000000000000000000000000,0.4309609564850101492972101,-0.4827152025160764137190483,1.4581442490474234574548973,-0.0880407812280357138234876,-0.9193512254734039768067078,0.3799256132135689356665864,0.0519274731023311453270708
119 1.4191738366278698890710075,0.6781477992372346719207599,-2.5663874702557589735363308,0.3470590473958565791434694,-1.4460090615940324187960186,-1.1630432348754455862405166,2.9539694045386131193708934,1.0000000000000000000000000,0.4327357404553636710531350,-1.0856220087811787600173830,0.6490823462632396845251037,0.5118338817265033480197189,0.6125997202291488807901487,-0.6022129780633449502857957,0.0092193178986310631017886
120 1.6696526251849350686029538,0.5287699359682247468583682,-2.7762747743301536829108045,1.6818931686952209858532115,-2.9478159886611701168135369,0.0343812127003468859243185,-0.2992451725277329721564001,1.0000000000000000000000000,0.5836618504040063104554292,-1.3024959900806922785676534,1.6395801722554548263133256,0.4460539981543422127785448,0.2534856314701214308193755,0.8373942613497377118747522,-0.1885458126860484473485968
121 -0.4588175951127970719767291,0.0751821365273475095136746,-1.5755349333825980906453879,1.1636430150054593024577798,-1.1370280143292752494943443,1.8203462006666586425751575,-3.0256375583580870092248460,1.0000000000000000000000000,1.4686908114743848496885903,-0.3918135539146470613935946,1.4499217064373304264535136,0.4114882784493863465691277,-0.6749012598465978785000630,0.1241055257011949852774535,0.5998177226251065752293812
122 -1.2477239419990111546354683,0.3953093393427828949882041,1.6410075040137890312053059,1.7942763802056553856800747,2.8964696808352456969259947,0.2855181356859151087235205,-1.9471133695152185172361214,1.0000000000000000000000000,0.7327744681616833455350957,-0.2515828306598394958903953,1.1271349673152202264247990,-0.2841934094144403788462228,-0.9514081673290730734038334,-0.1169374715799987168862728,0.0194960990581512505492867
123 -1.0652870099292846006733271,0.1984787766279088039311773,-2.8365456450983748126759565,2.1253170669429550798668060,-0.8806798851311579134915064,-1.0231910539481616773116457,-0.8917152201434204172869613,1.0000000000000000000000000,1.7191139757705049539993070,-0.6677438543968131634542829,1.6552275737519104303885342,0.9556279472869635416287792,-0.0259330536793470484147051,0.2329862989143132723235396,0.1783756971797347268271494
124 1.5981536846866597478822314,0.2503627561001864343381840,-2.7370161161342019262576741,1.7331716246656938551495841,-2.7803976622286241671133666,-0.2532601618177983127111474,-1.1710485099284204668634857,1.0000000000000000000000000,0.7219201704890048088003596,-1.0196796693805423306145030,1.7780470079296730734341736,0.5989974879073352020952825,0.1045560529867261556624669,0.7684822223857195044871560,0.1992558181886225909806853
125 0.8427128865737669727309367,-1.7778432566406405790360168,0.1384337957677854724636290,1.0095686533504948378947574,1.3858528037168333924000763,0.7420579941095639675552320,2.4712605684521893323335462,1.0000000000000000000000000,0.7550558504018177741201612,-1.2749339118930829162223972,1.9338487032580473634624241,0.4931660305468439919884815,-0.8397568214063644287392663,0.1878566624248623750936815,0.1276848323199749057899055
126 1.0822070466056366022655766,0.4810626649754414785320478,-3.0097915504060810398812009,0.3062969323640208907377769,-0.0996531344953242026463158,1.1372285063238121161077743,-1.9441971509722979494227957,1.0000000000000000000000000,0.2879803313188866731309190,-1.1845940521687943203232862,1.2764717939874712371306487,0.3162155696218014178100475,0.5509194876926243322756704,0.6913965382161140205141692,-0.3441861156110466168911444
127 -0.0111204176753274541766814,-0.2835329494134208871969349,1.0015859114324294765197010,0.8535945295372950880619101,-2.0104602563499756051612621,0.2067745702690193532191643,-2.7010631216895131245792072,1.0000000000000000000000000,0.2349909935074006028798976,-0.5389020905441983533279426,1.0550790102867269038000586,0.0824802693533599334818618,0.9341931374859810954802697,0.2903191520500481015432115,0.1902443419754505371521702
128 -0.7899057323049700762851444,-0.0232854985698525140946913,-2.4429126241464818036774886,2.3159427963169023634293353,-1.8469166576200710672139849,1.2222692978381708428514685,-1.9274772489976499389996434,1.0000000000000000000000000,1.3153369604281890392627474,-0.7837921578364147601192258,1.7476204061207354367724065,0.1351792916903178931598006,-0.8291031530071198973885771,0.1562965266557056476237619,0.5195033879605829296721708
129 0.6488162101523764491162183,-0.2787814667754719977210698,1.0172081202480915962382824,0.8112221403164890931591913,-1.5443769689972406400357841,1.6574843384445849814312623,-2.3853607955651177086053849,1.0000000000000000000000000,0.4661020428174384999664426,-0.9273017641473142447239297,0.8944410712734841562010502,0.2755140131221711641273941,0.7155943659124374134350433,0.1469806181651651666442149,0.6248290362825393851053946
130 0.4538769978178378572408747,0.7462502756832405381715034,-0.3741066188571831041542737,0.3634330042663184157092360,-0.5446058683831274116471377,-0.1354456688838492350868137,0.6956149158238500440631924,1.0000000000000000000000000,0.6713046888222200525575545,-0.6415197924764531878238927,0.2702887046657922454073741,0.4900423835406303996187205,0.0158830223143100746074907,-0.8649480492246151008828292,-0.1070929480212628875923642
131 0.1732588024986410069061549,-1.7844462798542557457892599,1.6932329393894862690217451,0.9858300273752909070879014,-1.9232944338472068857015529,1.8804200848391228184652846,0.0506962180126908634747451,1.0000000000000000000000000,0.9115231724050286699068124,-1.0391204488206700062846721,1.8264300340292436430900125,-0.0502626322785615919919167,-0.4011358279753178268656200,0.7824933524433375087170361,0.4735669299730807524362319
132 -0.1476978775374249153173878,-1.7783606157020481752795149,1.8342901655703149899068194,1.2938321866075657151640144,-0.3816634193671228914013227,-1.5073538402813646541744674,2.7620804729010357547736021,1.0000000000000000000000000,1.1485668478809285542041607,-1.3657219520246355326520415,1.8717342573997641785865653,0.2894314666441082928294293,-0.4918415672956109596647423,0.0346757333947420032238540,0.8204368749069572697152353
133 0.1239170699416713983254112,-0.7208515996373496825810889,-0.1851921320449139152231055,2.4804996687856033510399811,1.9581573481378882206627168,1.4767412859651036782793199,-1.7715704509972458602362622,1.0000000000000000000000000,0.7278714862533732787852614,-0.8270639146875821134941020,0.9016989379898237011445872,0.2405070585476159761295634,-0.6345711431125402590680551,-0.7328383506084680254488717,0.0492097208722829804194987
134 0.5612698468320163058820071,-1.3488987819309805615830555,0.9259540839099802411737983,0.5892253547102329624962636,1.7394029272424074150649176,1.6639034824503626808223089,0.2981278220699765668655346,1.0000000000000000000000000,1.0710244386866125676505135,-1.2792095408401871203807332,1.8694177601695418644567326,0.4076759526993334326050444,-0.2490134843646883977541506,-0.2498870716653764090242618,0.8422273194227815062973264
135 -0.4689247602561215089167490,0.3537893433770116224934554,-1.2937824883658364250038630,1.7901747564767367393301356,-2.2308867258456941407018803,1.8842228839459802536282496,2.7419428662894960169182923,1.0000000000000000000000000,1.4721927132774603741438568,-0.2455106177616770968263893,1.1375248786809530887609299,-0.3677296721589714545430638,-0.7247797767089009246532783,0.3008533500708192587325129,0.4989531236287950699548333
136 0.2597295722926857841628134,-1.7097802671104576077709680,1.0615057202097943900298560,0.5010471925488891864475249,-1.1736902154957367105936328,-0.8043230661997503583293678,-2.4630218089167130735006594,1.0000000000000000000000000,1.1512529373556916745258150,-1.2914243336227366754087598,2.0943826557288258705114004,0.3345242720970064143060085,-0.5350031694047748809239806,-0.2070231471500247610872947,0.7476659643184840886576126
137 -0.3716988174939477307390234,0.7889446195754894475271612,-2.4513356799421961440543782,1.8468333105132137550441485,-2.7254685721911808826689594,-0.6275172977974480259533152,2.6946216918246923555102512,1.0000000000000000000000000,1.5028474787879047003258393,-0.3797584686467180281610467,1.4712088255177226958636538,0.7010809039274454868007069,0.2563864457002580365951871,0.3337821459399462065142927,-0.5756204217638075659735364
138 -0.5234759219274858210724233,-0.9014964980150088624810678,2.4830422884721050635903339,1.3613354959373058505889276,1.0586805005966128945260607,1.5190460066027893226703327,-1.6965271154574712575424655,1.0000000000000000000000000,1.2260413915539321028091990,-1.1457037736602349031755921,1.7478383599571383211213060,-0.3822275609006434704539856,0.1140720896394252781291812,-0.3112334119685142841404968,0.8625666706209182965636728
139 -1.4875658147449029033992929,-0.9601062717079678066056658,-0.0078574770967327900450528,2.2987672754492458615516171,-3.0507483234804815275253986,0.8791465323618559146723328,0.6185184607121709809973709,1.0000000000000000000000000,1.7329295478302197963671460,-0.4041080283780570381324537,0.9285317294469529469935765,0.8832867128076553608906352,0.2853217214494049303041834,-0.3138540843086242149162501,-0.1997236529586016995363451
140 0.4276547684512297387016133,-0.8337676815133387986378466,-1.2266886997450427987388366,0.7413508787841306402199848,-2.4760478722457999189998645,0.0815435072569132834985339,1.4714475431937943383786660,1.0000000000000000000000000,0.6747471941703937492462728,-0.1908240869284256180371528,1.7374620610062874170864688,-0.2688543126526772852891156,-0.7184608015230596889111325,0.4231013871848881557902189,0.4821975676838458069184412
141 0.3549693101991682198104172,-0.6632458234281490838668560,0.5764992083750368756511762,1.8795165668472255671161975,2.7034290892474492906671912,-0.8485577097306773453055939,-1.6249836558317689583219590,1.0000000000000000000000000,0.8020038570599119509552111,-0.9806030135536806247031905,0.7423035503133913470819039,0.7083769894962608226762768,-0.3436974366133287994706791,-0.4654363113839328214282887,-0.4042783172361776311554138
142 -0.0854678755994338068546767,-0.7759090159185735302571629,1.5551445466255886529438612,1.1278425543056067592573299,1.7744268707984254263010371,-1.2105360001576361828057316,-1.9709240062916297819839428,1.0000000000000000000000000,0.4123470936270936526568676,-0.7794458472836243156933733,1.3213197376872576338513454,0.3129106492204070666396376,-0.2681986427572891074078143,-0.8814798161879182636369023,-0.2305374880616739563521378
143 -1.0791468314517593807266849,-1.2219629560387519351394303,0.5787027573148191272878194,2.0476272510744757404665961,2.7590822682604576598919266,-1.2624917994846693858335129,2.4783575794153644977768636,1.0000000000000000000000000,1.2527884741526451595206026,-0.5471145294019389426765088,0.9534633615984722254665940,0.8018108649649322572372512,-0.2392890054346025197062886,-0.5459712845566571104427567,-0.0418733218874037388390619
144 -1.1791087255460854787969538,-0.0955701285817518453313824,1.4321348581519712794829502,2.5736510158477585719083436,0.7627397583908122058460322,1.5537565919484737086975201,-0.5643555153446997429966814,1.0000000000000000000000000,1.1326564984262845747764459,-0.9354844252271971027923314,1.3883217674742192038195299,0.2762110738112479313421943,-0.5636669038456677549575602,-0.2137815343562811665201195,0.7485201640902757747042529
145 -0.2469962611667428920014800,0.2316534779009660205417731,0.6272889364277256518676040,1.2036353288375003511845307,-1.5616681782932340105674029,-0.1799184090910566080623312,0.9712423815746991095920748,1.0000000000000000000000000,0.5688984118266832146204592,-0.7064184456657719435312970,0.4910295585847621047115297,0.3919409604901671340115854,-0.3482046867364346764972538,-0.8496549346237778355117598,-0.0567457903313934586275735
146 0.0771380496444837859826293,-0.7573233713732674399210509,0.3253023490139721474179169,1.4475689290825131116946523,2.4375485335088100669054256,1.3100059494180915642402852,0.3124858161916423959780786,1.0000000000000000000000000,0.3755456781434731716728948,-0.6663298813274910470383361,1.3405428436456932050901969,0.0726585682878792271655044,-0.9541598266612887346838079,-0.0135061428817212607345066,0.2900261580196023536437622
147 -1.0883700592523428696267729,0.2230821474241477808675427,-0.0006659954956629299260840,1.7309700090871051880725418,-1.9790796088250726114665667,0.9654574657747749810710047,-0.4356849417074979413655456,1.0000000000000000000000000,1.5802831484783157467433057,-0.7255353119453392674031988,0.4662737382959127319104198,0.8553508009529113831348468,0.0706545194653272479179407,-0.3464694712901115192238422,0.3786021930956840475523961
148 -1.0423076961221902081433655,-1.4623559411947408825938055,0.8179471393109474242066881,0.1132092370815617893287097,-2.2480494006094753345337267,1.3408681553121137852713218,-2.5254622818652832094699079,1.0000000000000000000000000,1.5412725157324747016218680,-0.7211238359741278802772513,1.9921017865212991004852938,0.9692066353515387255868063,-0.0020264814578890844032344,0.1452862218965292329109218,-0.1988069705529212916061965
149 -0.3960781122644920770881072,-0.4682695766320774666269244,0.4269073139382220105630950,0.2830650476184976560567463,-2.2328972740694403853467520,-0.0334060522092198830534926,0.4538136325240200719122186,1.0000000000000000000000000,0.7197369010751603068953841,0.0463201597180328897285229,1.4272547367888630542864803,-0.2516991207316517931147359,-0.5955598788367062468296353,0.6295938797566295042074103,0.4307729954907149050313819
150 -1.1210187859262248366576387,-0.5147626245914782572299373,2.5714177279867174163996424,1.7957386093948679572918081,-1.9289400475844462601315854,0.0139796404759537917783518,2.3745117198161374005849211,1.0000000000000000000000000,0.8223479172292628147644677,-0.8502443359361728791867563,1.8255753338513083239291745,-0.1417443311011791218234634,-0.5420684169393181761620326,-0.7479152310419082683168313,0.3559368020448088754115190
151 0.9904575660146033300179624,0.1887287686298271260909587,1.4083543954465822523047791,1.4228076369430902037294118,2.5406533730261280368267762,-1.4628289290186695659201632,-2.1677547127840832708045582,1.0000000000000000000000000,1.1569024842886730386481986,-1.4404680009126218376280804,0.8875623057103927404654087,0.9504068857551812854467244,0.0731801349619925073364257,-0.2082013662668466547067680,0.2191378818539679307342283
152 -1.1062351024533618737422103,-0.4921479046508425714279156,2.5706490045976595482102312,1.4885897768598930213101994,-1.1731983103054568484679976,0.4832379697705415644293225,2.6800868313149956989605016,1.0000000000000000000000000,0.7795856959176497014141205,-0.6485094431835444206413399,1.8172888071464317061298743,-0.0415799379990398898510051,-0.9243737755680083711951056,-0.3185330431370436699012316,0.2057638902697562777177609
153 0.8752188326952206054443195,-0.0980913523170592327460326,-0.1976675828631275777524934,1.6110196173437958400143089,0.3180733918170788321333475,-0.5006516770999975829425921,1.5578038519820216478706243,1.0000000000000000000000000,0.6134088926943724873197539,-0.7992619105912011079340118,0.5087064206670485200234566,-0.2239122399685979092343047,0.6012482324983924319994344,0.6327153562025428223947188,0.4336277142903953718544585
154 1.2070193845101813145959113,-1.5386319593459516497091499,-1.4330754019817955047244595,1.0938773747756505017036943,2.0019661143082041476759514,-0.9097892824406298428741025,-0.4752277186318432100620157,1.0000000000000000000000000,1.0194909448897482295848249,-0.3177691848928513862482248,1.7151496401561554527859244,0.5935055962945818830434064,0.4593547728410437569479541,0.4100107696235775200932494,0.5182984609422013333457357
155 -0.6431959563181508521267915,-1.6043559295411013998489125,-0.4744933357259966122398964,2.4670173092284319871225762,2.3754630155211611253207593,-0.7334269876353403105895268,-1.6423692383111312409482707,1.0000000000000000000000000,1.4790047667276451370810264,-0.5910052882693923592682950,0.9705688796407614393757513,-0.1523786962651312304473095,0.5117904599837959089825290,0.0685382337091863247380275,0.8427049164457618424250995
156 1.3251424456886438107972026,-0.4730011722855276268262514,1.0505028746180693488554425,2.4378671565912042318302611,-1.4829481004513558328739009,0.7547593738444353661520836,-2.1210737552149567797243890,1.0000000000000000000000000,1.2444662984175325348701335,-1.2535180225283322208440495,0.7404441596969293382102251,0.5702023450063169462964652,-0.4001252266898452925047991,-0.5099639651011527163859682,-0.5046817274863422131403468
157 1.1527867036781143106338732,-0.9644855861856997947256787,-0.2777774226678291213943339,0.4898510164282521839318463,1.7015586824391775166986918,1.7979504418534797416384663,-1.2418813758924982515452484,1.0000000000000000000000000,0.7266744439129451116343716,-1.4187821840980909815499444,1.5605001797807653840521880,-0.0156312373194694709255259,0.0973575530694723023650283,-0.5464262487469911944160117,0.8316811148318052904215847
158 -1.3838713438514076425889243,-0.7041675143116932211739822,-1.4523381726521149559516743,1.0911199288783219873977259,-0.2645217326057709428255293,1.4412134524947153302321112,-1.3617265925420107830490224,1.0000000000000000000000000,1.8775793065859569530573481,-1.0580535184495547529337500,1.3651467238968089112916005,-0.6661172868019937798322871,0.6806712940104603370983227,-0.0350634628992677055414617,0.3028904999379515849966538
159 0.3937250152885485299236734,0.5806202365176846846850367,2.3490892285251616655727958,2.5125595898491139834618480,1.7175954656957630461988629,2.0005482619467023219783641,-0.4643184566885785180545554,1.0000000000000000000000000,0.8391807346273625345389746,-0.7262440040696898080341271,1.3903215986371568746449157,-0.0250225984636545106809535,-0.2270916471937894642874056,0.7786008424025774310450743,0.5844499976481198899591618
160 0.8642454056279031959775239,-0.7071257787375364589621540,1.1953504871424538436031071,1.2228510634102163212588721,-1.2616133823677029290877272,0.8916991381516390369199598,-2.0300490706213976110916519,1.0000000000000000000000000,0.5343693909278188769462759,-1.4962866041274731632171324,1.1286538104212782140933768,-0.1956791562816649898692845,0.8840573670812845730182516,-0.0595247660596221611628565,0.4202463101373910547842172
161 -0.0489520532038241196204353,0.2720486403820334686542992,-2.0511029063253136683897537,2.4618178078736261404912966,-2.2383053110238657623654035,0.4920069598244638520156968,-2.1214888536364253646127054,1.0000000000000000000000000,1.5095384860023930428951644,-0.5775868301276544380939981,1.5636171774295712921798440,0.1863874341285489677488840,-0.4258762799416780930883419,0.1640676284144260144159944,0.8700395093404055257835239
162 -0.8275726344521593391689862,-0.0633467319432399200707096,-1.2479179762095695682688756,2.3106011960136707550361734,0.2987945937094251824817093,-0.3597383985789497362617340,3.0119237582184954504782581,1.0000000000000000000000000,1.8606825182869459744949836,-0.9059174518711585744057402,1.0028847379291971897430358,0.7319783872615098774261355,-0.0870451578623056554384618,-0.2216735072160959107989697,0.6383490138520002687982924
163 0.3392151760298465212883912,-0.0228827867619143532351700,-1.7154605954124422240170134,1.1583803259843867827783015,-2.0680609826636784376319156,-0.6626454376013946045986813,2.0828927429289985084892578,1.0000000000000000000000000,1.0014443444828213802821892,-0.0396234713769964830287762,1.1185602071942601920540028,0.6756971811279952611073440,0.2815396044196486480259978,-0.4976030245852768874037508,-0.4653576970615983521284420
164 1.5626984428843613272874791,-0.0389441897952669258131664,1.2411829852759286296759456,1.5082646258595697741355934,-1.5327864258865762092653995,1.0741947206724491437057623,-2.4161306754365243776305761,1.0000000000000000000000000,1.2316383497266738533681973,-1.6038278511250585456338058,0.7122010292239620010690260,-0.5529150544712841952588178,0.5145974040663801041262104,0.4323927128946483122717837,0.4924517910847105439664517
165 -1.2819453768141322314022545,0.4029714727625117731690807,-2.5214813876845645346236324,1.8357157015342802086621532,-2.9402271323349453702178380,-0.5239591486156003341534415,2.2331303695077684423608844,1.0000000000000000000000000,1.7507873073029851518356281,-0.8575041599316413076792287,1.6415841315645023357205901,0.7445517845376581345107070,-0.2378215254073901829823257,0.5786064331199078925038748,-0.2330149398065046451034021
166 0.7355044955227780789641656,0.0327809096229176866188482,-2.2935073895246582686979764,2.5421366493423174226506944,-2.4429222239348677980785851,0.0844015223557210703120290,2.1263645364946519578097650,1.0000000000000000000000000,1.3757674344736379179465757,-0.5929824925318636363869018,1.5242404562026130587781836,-0.5224235818170905876201005,-0.3220244736737608581833570,0.0296636989272237028281154,0.7889814100618958159216731
167 0.8506154675619885807691389,-1.6955912554220253785075556,-0.9949127469580880678279300,0.0096755973788330215668019,2.5998407659348288234468782,0.7215002705081090539351862,0.7637915467502511823738587,1.0000000000000000000000000,1.2664393980385875160266096,-1.1006270939328297586712324,2.1594604967812616180822261,-0.0369366985852718487937096,-0.4720731998968721310205865,-0.4500526127690076538812036,0.7571215887989402038016351
168 0.7222667796423758446167085,-1.1571222410277099967856884,1.7718738802557227884904023,1.9959062342056566041748056,-2.2287170143964316615381449,1.7394642243882554311085187,-2.5981685435507300141466658,1.0000000000000000000000000,0.8123170769135955593398535,-1.3975126622711524504438785,1.4880558167537527580748247,-0.0032440393459797212116769,-0.7918389843074082889984311,-0.5885028341234922466540525,0.1632258395587205535015585
169 1.1829652806769330730674028,-0.8605748502638073116344231,-1.5978665901799087301071722,-0.0236096103068485947684696,-1.5563761520373524671612131,1.7915031755480264052948769,1.4035870251108830686348483,1.0000000000000000000000000,0.9824743267114904865522362,-0.9804376708731046274891696,1.8965752277895500110815874,0.6601442841766476110620943,-0.0590240041006207527551908,0.2979304956974387352808264,0.6869941150919796069018730
170 0.8318516801109074876308114,-0.6168101310729094954865559,2.6967950973554444260571472,1.7229229330648305751338967,-0.0969156768694130477115323,-0.6212206092644245725153951,1.9423090975793586565600890,1.0000000000000000000000000,1.2022473257716439487552407,-1.2379286380775014198007966,1.9772092353362764605151369,0.6296941048516632166709428,-0.5229504537198991220847688,0.4062588613141179805232639,0.4061524459075481208181202
171 1.2236600947357927360314989,-0.9709363894136324724115639,0.0613955670508774531413110,1.0928989934003441319987360,1.0029623549086803535601575,1.2789146437992955362972225,2.8404556923394350675948772,1.0000000000000000000000000,0.6788210529969899154068003,-1.5371348687077985850635287,1.2130987781333126829252933,-0.5151882403265833909600246,0.6110221087974496700923055,-0.1782609735848307563887971,0.5739807465320638790728935
172 0.0450866278749375570811253,-1.6558142403880198312293714,0.8913190954000276278179626,2.4640079338820686238875624,2.6355664230820572413449554,1.2469113456032570041998042,-1.8658566997017975719330707,1.0000000000000000000000000,0.6393253235243696597223106,-1.1413477901301465333716578,1.3606385608178461765760403,0.0148280878615379418938858,-0.4360644369134009101784955,-0.8283985111620426611267476,0.3512574638951718730695006
173 -0.4037176317372024314522605,0.4047757373162435001745507,0.4968867222720985132866645,1.7413894216862455532890408,1.9170580575429170266943402,1.8231076504200487420348509,1.0378919053389186188951498,1.0000000000000000000000000,0.6786234408131461837143661,-0.7425420944759199004536754,0.8374927465405614945836987,0.0713080899231434139906582,-0.6193320185649990872178705,0.7436977691581249105823304,0.2413596251308321727346851
174 -0.5041648193267140865003739,0.2645825538698503009982232,2.3044674833827025750565554,0.4432056662576299155276160,2.6729165747277052744834691,-0.1967244636433385096552229,0.5204355816326269312810382,1.0000000000000000000000000,0.6347569938162149760785269,0.0100519024676594681544373,1.1673677302532661226308619,0.1006524214586019261297167,0.3619044036233397543256274,-0.8502186270264386891426511,-0.3688093688457040331130088
175 1.4354171819499712547951731,-1.8278355958447023432711376,-0.2426119713290311175057923,2.5091618600744576284000686,-0.7535544465950478887350528,-0.1754325669549974264782577,-1.6449933318812370863781780,1.0000000000000000000000000,0.7053469717544300632283694,-1.2257552729298497595777917,1.1274417635021587447141656,-0.1394199665838182222721287,0.8637908877037168142720702,-0.3286031996000111088385154,0.3555911982688307326760935
176 -0.9098456103622045709755639,-0.9997625087465913384932037,1.9880196456100511781528439,1.2480328293396312222540701,2.6044213894370118467236352,-0.8044763522730224991619252,-0.6458543031126513511708254,1.0000000000000000000000000,0.5691319465318320780511385,-0.7307320662317748904968084,1.5803162721047592231826684,-0.0877325616653859552407368,0.9418038805414439273988592,0.2945508595528900652738002,0.1361840299605130977234069
177 -0.3078865082027246735663084,-1.9967012924541258644950403,2.3205221673709512941741195,0.9076056334141665571380031,-0.5322733565016060097718764,-0.5784036989353797952873038,-1.9658569218771797526557066,1.0000000000000000000000000,1.2689683654076062691018478,-1.6590743272511372374822258,1.8117259210369298649823122,0.7821899165427088629343189,-0.5292617529194354464294747,0.2819112127724289762475962,0.1690706737593412334330623
178 -0.2634738418417448269082115,-0.9569823076957753027471654,2.6704559021450906541872428,0.4645892198284105600869509,0.8691266941549846691827952,-1.1590616333032564000404818,-1.5740238689533547766785659,1.0000000000000000000000000,0.7271085318534135089052484,-0.5620976498726969472485848,1.9170786314590761989506973,0.2366425761301517438628395,0.6259183625257015437526320,0.7257594158999920441743825,0.1596799026703834556428774
179 1.3692753656234537551483754,-0.6517523764030783706147076,-2.6051183479172674850588010,1.5021834639907734043617893,2.7000818269015667283383664,-1.5646475589251769289234062,-1.8436049383471744267382064,1.0000000000000000000000000,1.2842149160363431903419951,-0.7631976783223275440093403,1.6100442533670962230729629,0.2735516158766448380212921,0.1873130318999290389037071,0.0555739406500160709745373,0.9418029111649990348098527
180 -1.1733457038379353498669389,-1.8208146365935979904548958,-0.5806140044310348358180818,2.4980309041608266262812776,-1.4827064012874415777076820,-0.4766805711912875942459777,1.1484360900835302032874097,1.0000000000000000000000000,1.5923820114114419776996101,-0.4634120662894377074003671,1.1385919283302747828656720,-0.0878516158441901562348164,0.2444889198085070103338978,0.5533265863822103280966758,0.7914131330205202985439428
181 1.2217065132545226191496113,0.1550147390598501928593578,-1.0657703777322384830483770,0.1083769161991667423494690,1.1713873172348305828904813,0.1313995935358645006374445,-0.7106492311505832049078890,1.0000000000000000000000000,0.1946721637888289002660258,-1.2860218474587141734843954,0.8852126608115182815339494,0.1077104513533115870416168,0.3234815202272236511760184,-0.9155079428973198485408602,0.2135443479599654637013373
182 0.2885414636631637996799782,-0.8047475767013370084868029,-3.0264907843346975369058782,0.4462974129264696276919722,-0.5305804424423632426055519,1.8061738398389843851532532,-2.9974367509467700898539988,1.0000000000000000000000000,1.1088575720015279024721622,-0.9973470359679214025661054,1.8680919997331713044985690,0.8892571023312807465543983,-0.4400905207062363322378928,0.0885466798285245992872206,-0.0877463331329226547961042
183 0.1671975380124686161309455,-1.5694168893901707662053013,-1.3839623013513169258459357,1.4499823376424525456229730,-2.4372278510044460553274348,-1.2230610860612269874536651,1.4497842567268683922065975,1.0000000000000000000000000,1.2506827211058264559540021,-0.2890961300181653648166957,1.3716366607303531743866643,0.4448047247977852114431130,0.0874390829467177332912087,-0.8228140388304591157364598,-0.3427507957339882560532374
184 1.3098916401857940705610872,-1.4755814462576903878243684,-2.8062640118694397450838096,0.3088340699779028586391405,-0.2058883142149485756533522,1.7130858076460997452272750,-2.4340578766861269421895031,1.0000000000000000000000000,1.4954502276287224837858503,-0.6809000990752961390839459,1.7957393971837383173095759,0.9081582571331261455327422,0.2378907648033637689533037,-0.2487506358343362644625074,-0.2382803054267626230444677
185 -1.1021840384756433905977246,-0.4742841155516372975142758,2.5719942022622701571776815,0.6915990957196795907435671,1.1327971408189263513577316,0.0852182346225394127259278,0.5693142156080877036572474,1.0000000000000000000000000,1.1983400345490171634565968,-0.2365775231559703317696375,1.9977343036775112583569580,-0.3353001156956255668362132,-0.7600436581881343522937300,-0.0449674661322534141572049,0.5548722465867698128150209
186 1.1416717750024130140218404,-0.6114399596026351968447443,-1.8348048930305163040088701,0.1635867171890971749625976,-0.0964117065209020296379094,0.7878089055508485927248330,1.3499933244497483997292875,1.0000000000000000000000000,0.3981522899399037029866122,-0.8336245539399582682449363,1.8071691920046781820730075,0.2925314692944288030851396,-0.0586972926286160878728282,0.8822504493881464515681046,0.3641592111002505127714812
187 0.3717553033968443720880259,-0.9979864542321237319555394,-2.0087138342078780794963677,1.4812630153853738601554824,-2.1199750964934822583529694,0.7471383705697842714243961,-1.8177954025635474355482302,1.0000000000000000000000000,1.4752017019196186353724443,-0.4703927504891118882568435,1.8836431323992801623035120,0.8069386661607027555476179,-0.1033235277155935827320121,0.4481860152043104505992233,0.3705420281543433391746589
1956
2 0
4 0
5 0
6 0
7 1
8 0
8 4
8 6
8 5
9 3
10 9
10 3
11 3
11 9
12 8
12 4
12 0
12 6
12 2
12 5
13 5
13 4
13 10
14 13
14 10
14 2
14 5
14 4
15 11
15 3
15 9
15 10
16 10
16 14
16 9
16 3
16 15
17 10
17 16
17 9
17 3
17 15
18 14
18 10
18 2
18 13
18 16
18 5
18 4
19 2
19 14
19 18
19 13
19 16
19 4
19 10
19 8
20 16
20 10
20 19
20 18
20 17
20 14
21 1
21 5
21 4
21 13
21 18
21 2
21 19
21 12
22 17
22 10
22 20
22 16
22 9
23 17
23 10
23 22
23 20
23 16
23 14
23 19
24 20
24 10
24 16
24 23
24 18
24 19
24 14
24 17
24 22
25 24
25 20
25 18
25 10
25 19
25 16
25 14
25 23
25 2
25 17
26 18
26 25
26 24
26 19
26 20
26 14
26 10
26 2
26 13
26 16
27 13
27 19
27 14
27 26
27 18
27 25
27 2
27 24
27 5
27 20
28 12
28 8
28 4
28 0
28 6
28 2
28 19
28 27
28 26
28 16
29 4
29 27
29 0
29 2
29 19
29 13
29 12
29 5
29 8
30 14
30 13
30 27
30 19
30 26
30 24
30 18
30 25
30 5
30 20
31 16
31 20
31 22
31 17
31 23
31 24
31 10
31 25
31 26
31 18
32 21
32 3
32 9
32 13
32 27
32 29
32 30
32 5
33 1
33 21
33 32
33 5
33 13
33 27
33 18
33 14
33 30
33 26
34 21
34 33
34 32
34 5
34 29
34 13
34 4
34 27
34 18
35 26
35 25
35 18
35 24
35 20
35 19
35 2
35 10
35 16
35 27
35 14
36 27
36 35
36 18
36 26
36 19
36 14
36 13
36 25
36 2
36 30
36 24
37 15
37 11
37 3
37 9
37 16
37 32
37 31
37 7
38 27
38 29
38 13
38 19
38 0
38 6
38 36
38 4
38 30
38 14
39 12
39 8
39 28
39 4
39 0
39 29
39 2
39 6
39 19
39 38
39 36
40 13
40 14
40 30
40 27
40 5
40 19
41 3
41 32
41 9
41 15
41 37
41 11
42 30
42 14
42 13
42 27
43 8
43 0
43 39
43 12
43 28
43 4
43 6
43 29
43 19
43 38
44 35
44 18
44 25
44 26
44 24
44 20
44 36
44 2
44 19
44 16
45 15
45 37
45 41
45 11
45 32
45 16
45 20
45 24
46 2
46 19
46 35
46 44
46 26
46 36
46 27
46 25
46 24
46 18
47 9
47 45
47 15
47 41
47 11
47 37
47 32
47 16
47 20
47 24
48 45
48 15
48 41
48 37
48 11
48 16
48 32
48 20
48 24
49 39
49 12
49 4
49 43
49 8
49 0
49 28
49 29
49 6
49 2
49 46
49 38
50 39
50 49
50 4
50 12
50 28
50 8
50 29
50 43
50 0
50 2
50 46
50 6
51 41
51 3
51 45
51 9
51 47
51 48
51 15
51 32
51 37
51 11
52 44
52 26
52 46
52 35
52 25
52 18
52 19
52 2
52 36
52 24
52 20
52 27
53 39
53 12
53 50
53 49
53 8
53 43
53 28
53 4
53 0
53 29
53 2
53 46
54 49
54 43
54 53
54 12
54 8
54 0
54 50
54 28
54 4
54 6
54 29
55 14
55 30
55 26
55 25
55 24
55 10
55 20
56 52
56 46
56 19
56 2
56 26
56 35
56 44
56 25
56 36
56 24
56 18
56 20
57 55
57 14
57 30
57 10
57 24
57 25
57 26
57 20
57 23
58 19
58 35
58 26
58 25
59 1
59 33
60 16
60 31
60 24
60 35
60 20
60 19
60 25
61 39
61 53
61 12
61 8
61 50
61 43
61 49
61 54
61 4
61 28
61 0
61 2
62 58
62 19
62 35
62 24
62 44
63 60
63 16
63 31
63 24
63 20
63 25
64 62
64 58
64 46
64 2
64 56
64 8
64 19
64 52
65 18
65 36
65 26
65 27
65 35
65 56
65 19
65 5
65 13
65 58
66 43
66 8
66 38
66 54
66 49
67 5
67 38
68 20
68 25
68 24
68 26
68 16
69 47
69 48
69 45
69 3
69 11
69 15
69 51
69 9
69 68
69 16
69 56
69 20
70 34
70 21
70 33
70 5
70 67
70 65
70 40
70 29
70 13
70 36
71 7
71 59
72 1
72 7
72 33
72 59
72 34
72 70
72 21
73 45
73 37
73 51
73 15
73 48
73 47
73 41
73 59
73 3
73 9
73 11
73 69
73 32
74 40
74 13
74 42
74 30
74 14
74 5
74 67
74 55
74 27
74 57
74 36
74 71
74 65
75 71
75 33
75 32
75 74
75 21
75 42
75 1
75 59
76 11
76 69
76 15
76 51
76 47
76 64
76 3
76 45
76 41
76 9
76 62
76 60
76 48
77 62
77 60
77 63
77 64
77 16
77 19
77 56
77 35
77 24
78 21
78 34
78 33
78 59
78 1
78 7
78 32
78 70
78 73
78 71
78 72
78 75
78 51
79 73
79 51
79 48
79 47
79 45
79 41
79 3
79 9
79 15
79 37
79 69
79 32
79 11
80 75
80 71
80 74
80 32
81 79
81 73
81 48
81 71
81 45
81 51
81 80
81 75
81 47
81 41
81 9
81 59
81 32
82 51
82 45
82 41
82 15
82 3
82 77
82 37
82 79
82 47
82 48
82 32
82 9
82 59
83 21
83 34
83 70
83 33
83 32
83 29
83 78
83 5
83 1
83 4
83 50
84 71
84 80
84 75
84 81
84 74
84 14
84 23
85 32
85 41
85 82
85 51
85 33
85 79
85 59
85 73
85 81
85 21
85 1
85 45
86 32
86 33
86 75
86 85
86 34
86 1
86 21
86 80
86 41
86 7
86 83
86 59
87 25
87 24
87 52
87 26
87 56
87 20
87 69
87 19
87 46
87 35
87 44
87 18
87 27
88 40
88 74
88 71
88 67
88 42
88 13
88 14
88 30
88 84
88 80
88 27
88 65
88 5
89 71
89 88
89 70
89 72
89 33
89 34
89 40
89 1
89 74
89 7
89 21
90 79
90 51
90 47
90 41
90 48
90 9
90 3
90 81
90 45
90 32
90 73
90 69
90 82
90 87
91 71
91 78
91 81
91 1
91 33
91 73
91 7
91 21
91 59
91 89
91 85
91 34
91 75
91 72
92 87
92 25
92 24
92 10
92 20
92 23
92 26
92 68
92 52
92 18
92 22
92 31
92 56
93 57
93 42
93 55
93 14
93 30
93 10
93 24
93 13
93 23
93 25
93 20
93 26
93 87
94 36
94 19
94 26
94 35
94 18
94 27
94 52
94 56
94 14
94 25
94 2
94 46
94 65
94 24
95 38
95 13
95 27
95 67
95 14
95 30
95 40
95 36
95 42
95 19
95 94
95 5
95 65
95 26
96 8
96 2
96 64
96 43
96 39
96 53
96 62
96 49
96 4
96 61
96 66
96 12
96 50
96 54
97 78
97 21
97 91
97 34
97 33
97 32
97 70
97 83
97 85
97 1
97 59
97 71
97 73
97 89
98 12
98 28
98 66
98 29
99 24
99 58
99 20
99 63
99 60
99 31
99 25
99 62
99 92
99 16
99 77
99 87
99 26
99 23
100 6
100 0
100 4
100 54
100 29
100 49
100 38
100 50
100 53
100 12
100 43
100 66
100 39
100 8
101 55
101 25
101 14
101 19
101 57
101 20
101 26
101 24
101 27
101 93
101 52
101 56
101 68
101 87
102 80
102 75
102 92
102 81
102 71
102 84
102 10
102 93
102 87
102 18
102 59
102 72
102 25
102 57
103 80
103 84
103 75
103 93
103 102
103 71
103 74
103 81
103 88
103 92
103 57
104 97
104 32
104 21
104 83
104 34
104 70
104 75
104 80
104 90
104 71
104 89
104 78
105 73
105 85
105 37
105 82
105 79
105 45
105 81
105 7
105 15
106 34
106 21
106 1
106 70
106 7
106 83
106 78
106 33
106 105
106 97
106 91
107 98
107 100
107 12
107 54
107 29
108 84
108 80
108 103
108 75
108 93
108 102
108 71
108 88
108 81
108 92
108 57
108 55
109 93
109 87
109 81
109 99
109 108
109 90
109 55
109 57
109 14
109 71
109 92
109 42
109 75
109 24
110 5
110 65
110 40
110 13
110 36
110 27
110 18
110 74
110 29
110 26
110 94
110 67
110 88
110 14
111 109
111 93
111 108
111 23
111 81
111 80
111 75
111 10
111 84
111 17
111 102
112 72
112 89
112 88
112 110
112 1
112 7
112 33
112 65
112 40
112 74
112 5
112 70
112 59
112 71
113 1
113 59
113 78
113 106
113 7
113 33
113 21
113 34
113 85
113 91
113 97
113 32
113 83
114 21
114 34
114 70
114 83
114 97
114 33
114 78
114 104
114 89
114 106
114 113
114 1
114 110
114 107
115 88
115 112
115 110
115 40
115 89
115 74
115 65
115 18
115 71
115 13
115 36
115 5
115 27
115 26
116 109
116 87
116 99
116 81
116 92
116 79
116 77
116 73
116 90
117 100
117 29
117 0
117 4
117 49
117 54
117 50
117 83
117 104
117 38
117 66
117 43
117 32
118 24
118 20
118 10
118 23
118 25
118 57
118 16
118 55
118 31
118 35
118 17
118 26
118 93
118 99
119 117
119 100
119 54
119 29
119 98
119 0
119 28
119 12
119 53
119 43
120 38
120 0
120 6
120 49
120 54
120 66
120 43
120 29
120 100
120 46
120 50
120 95
120 53
120 4
121 18
121 65
121 36
121 26
121 35
121 44
121 94
121 25
121 52
121 27
121 14
121 56
121 40
122 80
122 75
122 108
122 111
122 102
122 84
122 71
122 81
122 103
123 38
123 5
123 13
123 29
123 95
123 30
123 27
123 36
123 4
123 67
123 100
123 14
123 19
123 94
124 120
124 38
124 95
124 27
124 19
124 29
124 66
124 0
124 46
124 6
124 13
124 56
124 123
124 49
125 97
125 78
125 21
125 113
125 91
125 114
125 32
125 106
125 34
125 33
125 85
125 104
125 59
125 73
126 110
126 65
126 5
126 115
126 121
126 27
126 36
126 18
126 13
126 40
126 95
126 26
126 94
126 38
126 29
127 10
127 20
127 23
127 24
127 25
127 118
127 57
127 55
127 17
127 26
127 22
127 35
127 31
128 121
128 65
128 2
128 18
128 56
129 25
129 127
129 92
129 26
129 24
129 18
129 20
129 10
129 118
129 23
129 35
129 31
130 87
131 99
131 63
131 58
131 87
131 60
131 62
131 24
131 92
131 20
131 25
131 116
131 16
131 56
131 31
131 77
132 90
132 41
132 51
132 32
132 79
132 82
132 3
132 76
132 47
132 9
132 85
132 125
132 45
132 48
132 117
133 71
133 89
133 72
133 7
133 112
133 115
133 1
133 108
133 33
133 80
134 91
134 78
134 59
134 97
134 125
134 71
134 1
134 33
134 113
134 21
134 81
134 102
134 7
134 116
134 133
135 8
135 43
135 61
135 12
135 53
135 39
135 54
135 96
135 28
135 49
135 50
135 0
135 64
135 66
135 4
136 93
136 57
136 55
136 118
136 127
136 24
136 14
136 10
136 25
136 20
136 42
136 26
136 87
136 23
136 101
137 54
137 0
137 49
137 6
137 12
137 28
137 100
137 43
137 4
137 53
137 8
137 50
137 39
137 119
137 135
138 102
138 92
138 108
138 122
138 111
138 81
138 134
138 118
138 71
138 133
138 99
138 80
138 10
138 84
138 116
139 60
139 62
139 77
139 96
139 58
139 63
139 16
139 19
139 56
140 49
140 0
140 54
140 43
140 46
140 96
140 50
140 2
140 66
140 8
140 53
140 28
140 39
140 29
140 4
141 75
141 80
141 108
141 71
141 88
141 122
141 133
141 84
141 103
141 86
142 75
142 108
142 141
142 80
142 93
142 103
142 111
142 109
142 122
142 102
142 84
142 138
142 42
142 71
143 85
143 86
143 32
143 33
143 21
143 113
143 125
143 97
143 132
143 83
143 78
143 75
144 138
144 7
144 111
144 59
144 81
144 1
144 133
144 71
144 72
144 122
144 134
145 130
145 69
145 47
146 134
146 33
146 91
146 1
146 59
146 7
146 21
146 71
146 78
146 113
146 34
146 133
146 72
146 89
146 97
148 10
148 25
148 24
148 20
148 31
148 35
148 127
148 23
148 44
148 26
148 118
148 129
148 18
148 16
148 17
149 46
149 2
149 56
149 52
149 69
149 19
149 16
149 140
149 20
149 87
149 62
149 24
150 76
150 11
150 15
150 51
150 3
150 47
150 82
150 9
150 45
150 37
150 48
150 79
150 41
150 69
151 103
151 80
151 141
151 108
151 142
151 75
151 84
151 122
151 93
151 71
151 111
151 109
151 74
151 88
152 150
152 15
152 37
152 82
152 51
152 11
152 45
152 79
152 3
152 47
152 76
152 48
152 9
152 73
152 41
153 130
153 104
153 145
153 125
153 90
153 116
153 97
153 79
153 109
154 114
154 89
154 104
154 74
154 141
154 88
154 110
154 13
154 67
154 40
154 71
154 33
154 75
154 146
154 153
155 88
155 89
155 74
155 86
155 75
155 142
155 154
155 40
155 71
155 33
155 72
155 80
155 67
156 129
156 99
156 127
156 68
156 118
156 25
156 24
156 26
156 92
156 116
156 20
156 93
157 134
157 133
157 71
157 146
157 115
157 89
157 110
157 88
157 112
157 102
157 80
157 91
157 18
157 154
158 36
158 65
158 35
158 18
158 94
158 121
158 26
158 44
158 27
158 52
158 5
158 7
158 19
158 58
159 81
159 144
159 138
159 71
159 91
159 146
159 134
159 133
159 122
159 73
159 108
159 84
159 102
159 111
160 129
160 156
160 25
160 92
160 127
160 24
160 118
160 26
160 20
160 99
160 10
160 136
160 18
161 128
161 95
161 38
161 124
161 121
161 27
161 36
161 19
161 94
161 56
161 120
161 14
161 13
161 46
162 117
162 83
162 100
162 21
162 34
162 4
162 137
163 0
163 54
163 49
163 140
163 6
163 117
163 137
163 4
163 100
163 43
163 50
163 119
163 29
163 53
163 28
164 160
164 156
164 129
164 127
164 68
164 92
164 25
164 26
164 24
164 118
164 20
164 99
164 23
165 137
165 54
165 4
165 49
165 12
165 28
165 163
165 0
165 8
165 53
165 43
165 96
165 50
165 6
165 39
166 0
166 43
166 54
166 163
166 137
166 100
166 49
166 6
166 12
166 66
166 8
166 165
166 53
166 28
166 140
167 114
167 78
167 21
167 97
167 146
167 154
167 134
167 33
167 34
167 125
167 157
167 113
167 83
167 70
167 89
168 160
168 129
168 156
168 164
168 99
168 127
168 31
168 22
168 24
168 25
168 23
168 20
168 118
168 92
168 10
169 140
169 98
169 39
169 53
169 50
169 49
169 107
169 43
169 54
169 46
169 12
169 8
169 28
169 66
169 56
170 79
170 90
170 132
170 47
170 51
170 48
170 73
170 81
170 152
170 41
170 116
170 150
170 45
170 9
170 3
171 125
171 97
171 78
171 21
171 153
171 91
171 73
171 106
171 134
171 113
171 98
171 146
171 167
171 107
171 114
172 133
172 71
172 72
172 141
172 155
172 146
172 89
172 108
172 138
172 88
172 122
172 157
172 75
172 80
172 102
173 146
173 105
173 91
173 134
173 144
173 159
173 81
174 75
174 85
174 80
174 81
174 146
174 32
174 122
174 102
174 173
174 134
174 142
174 33
174 141
174 159
174 79
175 14
175 156
175 27
175 95
175 93
175 19
175 160
175 116
175 13
175 26
175 109
175 30
175 99
175 42
175 136
176 75
176 142
176 174
176 80
176 141
176 122
176 86
176 102
176 108
176 151
176 32
176 85
176 111
176 155
176 146
177 136
177 118
177 93
177 109
177 10
177 87
177 24
177 92
177 160
177 23
177 20
177 57
177 99
177 142
177 127
177 55
178 142
178 177
178 176
178 109
178 108
178 93
178 102
178 111
178 75
178 80
178 138
178 136
178 151
178 118
178 92
178 87
179 154
179 74
179 88
179 89
179 40
179 67
179 155
179 110
179 13
179 115
179 5
179 114
179 104
179 95
179 70
180 77
180 96
180 139
180 62
180 2
180 58
180 19
180 64
180 140
180 117
180 46
180 149
180 60
181 110
181 157
181 154
181 130
181 40
181 13
181 27
181 104
181 126
181 167
181 114
181 36
181 71
182 126
182 121
182 115
182 65
182 110
182 18
182 158
182 128
182 36
182 26
182 27
182 161
182 40
182 13
183 140
183 163
183 117
183 180
183 0
183 6
183 166
183 29
183 96
183 49
183 66
183 19
183 54
183 46
183 149
183 2
184 126
184 115
184 110
184 65
184 94
184 121
184 18
184 27
184 26
184 36
184 158
184 157
184 95
184 40
184 181
185 174
185 85
185 176
185 45
185 81
185 82
185 51
185 79
185 48
185 32
185 178
185 3
185 41
185 138
185 47
185 144
186 169
186 107
186 130
186 98
186 29
186 153
186 50
186 140
186 181
186 117
186 21
186 171
186 49
186 163
186 114
186 53
187 94
187 161
187 19
187 27
187 128
187 36
187 26
187 95
187 56
187 18
187 38
187 52
187 124
187 46
187 121
187 14
