169
0 -0.0616543206471086777109569,-0.5371796941106417033751086,0.8501886106270084564329181,2.1502900813968253146413190,-0.0048958223953816173978915,-1.4278506298679163322162822,2.4299273552101570139427622,1.0000000000000000000000000,1.9227814286354842909787521,-0.1937702463910776495836785,0.9578819207511292121992597,0.0000000000000000000000000,0.0000000000000000000000000,0.0000000000000000000000000,1.0000000000000000000000000
1 1.3278797715455175065812909,-0.6966385901836077421123150,-0.4919778530007600236828580,1.9930214643277397446041732,-2.0800424132528991805202168,1.0986502001055749033753273,-0.0970361012085420998607432,1.0000000000000000000000000,1.9227814286354842909787521,-0.1937702463910776495836785,0.9578819207511292121992597,0.0000000000000000000000000,0.0000000000000000000000000,0.0000000000000000000000000,1.0000000000000000000000000
2 1.0523267233141471166391057,-0.2796824625531427743752033,-0.2153901844327862080685776,0.7731289701008444703589362,1.7501686671656546678832456,1.6418673261729384016405220,1.0868436830266861026217384,1.0000000000000000000000000,1.2935159811952692265890619,-0.2388328357780505339924559,0.9581180648450358106060776,0.0000000000000000000000000,0.0000000000000000000000000,0.0000000000000000000000000,1.0000000000000000000000000
3 1.5205385692351647275444293,-0.2803365565701630424122470,-0.9013112776458108710286865,1.3515563106619381539275082,2.5058291806820243152742478,1.7834033059344642779819878,0.9944466624995166315059691,1.0000000000000000000000000,1.2935159811952692265890619,-0.2388328357780505339924559,0.9581180648450358106060776,0.0000000000000000000000000,0.0000000000000000000000000,0.0000000000000000000000000,1.0000000000000000000000000
4 0.0409759717641415416311546,0.4313962053529682427743808,1.6765105798526416247540283,1.3971353501615169090399604,2.6914988606096721390770199,1.2140177738452413436220922,-1.5960519263841317361141137,1.0000000000000000000000000,1.9564141648385739991056198,-0.0079920906610750352960792,0.9555495161379452540018065,0.0000000000000000000000000,0.0000000000000000000000000,0.0000000000000000000000000,1.0000000000000000000000000
5 1.2926090947211836823527165,0.8892319425996280113366765,-2.2848097823864943478611167,1.4761809240708925194951462,2.3017274751360772278019340,0.3452425125731353183766714,-2.8586579405844556589499916,1.0000000000000000000000000,1.9564141648385739991056198,-0.0079920906610750352960792,0.9555495161379452540018065,0.0000000000000000000000000,0.0000000000000000000000000,0.0000000000000000000000000,1.0000000000000000000000000
6 1.0179783176940395694742847,0.3050789700559088934994634,-1.9112627915121045418800350,0.4202219470684183111330867,-1.1344085994370514125506588,0.1551765828184674678169586,-0.0177650553290710153109266,1.0000000000000000000000000,1.8436203918390070555233251,0.1845479467346089474943938,0.9599810054898173516946258,0.0000000000000000000000000,0.0000000000000000000000000,0.0000000000000000000000000,1.0000000000000000000000000
7 0.7858571586020969279573478,-0.1441902254354413270842628,-0.1061916435623652676945028,0.4381805144010892938410962,0.5683227334535762009792847,-0.3347215756469972269826485,2.6916105552189475424995635,1.0000000000000000000000000,1.8436203918390070555233251,0.1845479467346089474943938,0.9599810054898173516946258,0.0000000000000000000000000,0.0000000000000000000000000,0.0000000000000000000000000,1.0000000000000000000000000
8 1.2836932389017521316532111,-0.1913575223666279800927015,-1.0809422658787253279655260,1.5377426102159541532188314,0.1509607276724965474468121,-0.9552753770050012027681419,-2.1835840938427923951792309,1.0000000000000000000000000,1.9051856057044052050741811,-0.0068674482437164896531101,0.9555628383418371951663062,0.0000000000000000000000000,0.0000000000000000000000000,0.0000000000000000000000000,1.0000000000000000000000000
9 0.1256806476715827680656901,0.2732873670237242480496320,1.5207969419160840551796809,1.3803338529894499941974573,2.8433578660956806416493237,1.3411695355741164448204472,-1.4730814438758226270209661,1.0000000000000000000000000,1.9051856057044052050741811,-0.0068674482437164896531101,0.9555628383418371951663062,0.0000000000000000000000000,0.0000000000000000000000000,0.0000000000000000000000000,1.0000000000000000000000000
10 1.2122670821596677193099367,-0.6789909158179291415180501,0.6744364029454535947039062,0.8393423307416669754132954,1.0269886959204790333188839,-0.9065752401512932046045989,1.6049529663246560051703682,1.0000000000000000000000000,1.2632647175450180121458743,-0.0464151820616867383240134,1.2750877230777812876283406,0.0000000000000000000000000,0.0000000000000000000000000,0.0000000000000000000000000,1.0000000000000000000000000
11 0.8620285242099395839332487,0.2542845839945776509338771,2.4203210488067008476775754,1.2311042514580645690358551,-2.8347022855507493233062632,0.7472211668487735991561749,-2.6747182119515260367847986,1.0000000000000000000000000,1.2632647175450180121458743,-0.0464151820616867383240134,1.2750877230777812876283406,0.0000000000000000000000000,0.0000000000000000000000000,0.0000000000000000000000000,1.0000000000000000000000000
12 1.2381311441962548069994909,0.0971473072019181094205464,-2.7094258506222881344172038,0.2676524612926640123156119,-2.3698194808807242495163337,0.3992327583950165958981415,1.9459787644007502382947905,1.0000000000000000000000000,1.2507086311982518189722668,0.0699172810464712413125454,1.1743563701046426661633859,0.0000000000000000000000000,0.0000000000000000000000000,0.0000000000000000000000000,1.0000000000000000000000000
13 1.3140589134678599680938760,-0.3411462568635309500209019,-0.6222521070641476859108820,0.3818718174025351186351429,2.0813780442791065539154260,0.3715772216075925449274564,1.6302266659726711850453285,1.0000000000000000000000000,1.2507086311982518189722668,0.0699172810464712413125454,1.1743563701046426661633859,0.0000000000000000000000000,0.0000000000000000000000000,0.0000000000000000000000000,1.0000000000000000000000000
14 1.4463826545656435218489833,0.4380579822372369647176527,-2.6291147053785124398928019,1.1628047712641427224866675,-2.7706476610162318330310427,0.8491929496401886545697835,2.3936150919352696675446168,1.0000000000000000000000000,1.2733362020986789264753725,-0.0197197641756943278790182,1.1998087477636563136229597,0.0000000000000000000000000,0.0000000000000000000000000,0.0000000000000000000000000,1.0000000000000000000000000
15 0.9189883677193386724013635,-0.5753370475351491375448632,0.9557756424571312026117198,1.0749994667108397905508355,0.6052736131268812158623405,-0.7314006598812531345643606,1.8133982330003584060307276,1.0000000000000000000000000,1.2733362020986789264753725,-0.0197197641756943278790182,1.1998087477636563136229597,0.0000000000000000000000000,0.0000000000000000000000000,0.0000000000000000000000000,1.0000000000000000000000000
16 0.8948087253299149557150827,-0.1109914768511102572956517,2.1328747510308541102119761,0.8146247407330517997792185,0.5167463645358573165466964,-0.6081323125903179693807488,0.6166785894591485517324259,1.0000000000000000000000000,1.2515311001108637700696136,-0.0158676856597269391735416,1.3545177924234967914429717,0.0000000000000000000000000,0.0000000000000000000000000,0.0000000000000000000000000,1.0000000000000000000000000
17 1.0618317497084071021618001,-0.7747131359114299842261175,0.6991287645191489596996348,0.7980295259952906450351406,1.2970339479753245637283499,-0.4288253506779788892799843,1.3271336619031857129158425,1.0000000000000000000000000,1.2515311001108637700696136,-0.0158676856597269391735416,1.3545177924234967914429717,0.0000000000000000000000000,0.0000000000000000000000000,0.0000000000000000000000000,1.0000000000000000000000000
18 1.2139191657479997399349259,0.1416470921808413441222996,2.5841329544202800150287658,0.9037758030254428032179703,2.7504545940370399570440441,0.9720474658403768231096365,-2.3460341470406342878618489,1.0000000000000000000000000,1.2559144516363340837727947,-0.0368931456407965846500119,1.3172530378295355113493770,0.0000000000000000000000000,0.0000000000000000000000000,0.0000000000000000000000000,1.0000000000000000000000000
19 0.7608635405132661011506912,-0.4420735635612637604019426,1.5263341661857265929569394,1.0419459796949608332283788,-2.4860675853052387473951512,0.6380932580857039404520492,-1.8935674267414659421859824,1.0000000000000000000000000,1.2559144516363340837727947,-0.0368931456407965846500119,1.3172530378295355113493770,0.0000000000000000000000000,0.0000000000000000000000000,0.0000000000000000000000000,1.0000000000000000000000000
20 0.0126291003580996062660713,-1.1118252451084640330947195,1.0973717200396280180285657,2.0407707953017597546363504,2.9415383420735441433180313,0.6513217224978475883290230,-0.2643286081439241153034914,1.0000000000000000000000000,1.5994281991615091342850974,-0.1442310232642251555112978,1.1960382207976831825391173,0.0000000000000000000000000,0.0000000000000000000000000,0.0000000000000000000000000,1.0000000000000000000000000
21 0.3931090431685101416192651,-0.1789759538018717843765870,1.6871581019627805986260682,1.8235300534032876651480137,-2.9647015479043568042527568,1.7707387671203997925317708,-1.6513596033084403380541971,1.0000000000000000000000000,1.5994281991615091342850974,-0.1442310232642251555112978,1.1960382207976831825391173,0.0000000000000000000000000,0.0000000000000000000000000,0.0000000000000000000000000,1.0000000000000000000000000
22 0.5176303132294233222410185,-0.5861576173298537195677227,1.5625850228836206667892839,1.0354426077339773382135490,1.6913728584628482387586246,-0.3060527424356214165612755,0.3691854889529617711474430,1.0000000000000000000000000,1.3130345912943754971280441,-0.0698617038875173901324445,1.4100443708291483524419618,0.0000000000000000000000000,0.0000000000000000000000000,0.0000000000000000000000000,1.0000000000000000000000000
23 -0.0685464921959208911550476,0.3442975270588838898611073,2.2125816330240288820618844,1.3175428647358879974404999,2.0246625959165815977769398,-0.7806172882116479971870149,-0.8651831608110293059255014,1.0000000000000000000000000,1.7420523657892141855541013,-0.0682993626074396842362546,1.1831431774809690882221958,0.0000000000000000000000000,0.0000000000000000000000000,0.0000000000000000000000000,1.0000000000000000000000000
24 1.0715106475598008550775830,0.5084981871513998274991764,-2.3294463949513262157609006,1.5841769856705518737527427,0.5843266032698860579230882,-1.4911781530786203386895750,-0.9315977529191777906092398,1.0000000000000000000000000,1.7420523657892141855541013,-0.0682993626074396842362546,1.1831431774809690882221958,0.0000000000000000000000000,0.0000000000000000000000000,0.0000000000000000000000000,1.0000000000000000000000000
25 0.1724405040516543974327135,-1.0610132742973423791710275,0.9746766352728772897506815,1.9040049592299108649484651,-2.7042880910479687450731490,0.8450871274550850742457442,-0.7573611915274462980107728,1.0000000000000000000000000,1.7301522896067016432652963,-0.0724217221478101191856069,1.1952012258093809293768572,0.0000000000000000000000000,0.0000000000000000000000000,0.0000000000000000000000000,1.0000000000000000000000000
26 0.4503544818462802412639689,-1.0596177350349045287458694,0.0471521816701210641498143,1.5695455030608229662902886,1.8520954060907282023862308,1.0687185556482146076007211,0.9669629800127478302940176,1.0000000000000000000000000,1.7301522896067016432652963,-0.0724217221478101191856069,1.1952012258093809293768572,0.0000000000000000000000000,0.0000000000000000000000000,0.0000000000000000000000000,1.0000000000000000000000000
27 -0.1613064094027400474651301,-1.3824127480257040190281259,1.6078408089446616369144749,1.8023574577320702339022773,1.7398465770313811251668312,0.5395251033080392666363423,1.1369782124817195967381167,1.0000000000000000000000000,1.2839768859716025328765454,-0.4054297277496334839241854,1.3775511092634644683130318,0.0000000000000000000000000,0.0000000000000000000000000,0.0000000000000000000000000,1.0000000000000000000000000
28 0.9474025711483250455913208,0.3614858942151835119460657,2.7401459736388433796605568,2.0485865779033582967372240,0.6329704601656872542392307,-1.4177404585842696693731568,0.3357466378303547993589007,1.0000000000000000000000000,1.2839768859716025328765454,-0.4054297277496334839241854,1.3775511092634644683130318,0.0000000000000000000000000,0.0000000000000000000000000,0.0000000000000000000000000,1.0000000000000000000000000
29 1.2642176925223271855003304,0.2101575512496222652991662,1.5868264366381046315268577,0.3836979370691738777665591,2.8773333167463910342576128,0.8784993450988545227176019,-1.3317235764775137152327034,1.0000000000000000000000000,1.2262524041190054902017437,-0.0136359343694690271497905,0.9575303947262141512908329,0.0000000000000000000000000,0.0000000000000000000000000,0.0000000000000000000000000,1.0000000000000000000000000
30 0.7590503129516767977236213,0.4139679945793009463450574,1.8364241419310716185719912,0.9673379900831089450718991,2.5482906955244839508623045,0.2640977088660456661983744,-1.4761326608286142736403690,1.0000000000000000000000000,1.2262524041190054902017437,-0.0136359343694690271497905,0.9575303947262141512908329,0.0000000000000000000000000,0.0000000000000000000000000,0.0000000000000000000000000,1.0000000000000000000000000
31 1.2907432640264440149024949,0.4445918486993209461921595,-2.4823667551181469725918305,0.4449387081655228892707044,1.0651458256759787079914759,-0.7214246826346146779229684,-1.7009331730084722433815614,1.0000000000000000000000000,1.2468123006573004207808708,0.0101200102456472929013387,0.9570361499497834767424820,0.0000000000000000000000000,0.0000000000000000000000000,0.0000000000000000000000000,1.0000000000000000000000000
32 0.8527204570270634498285744,0.4251334897659155842575274,2.2241991528776821063217994,0.5416763398457824507659097,2.5098708063539580948031471,-0.4459845691202135586905797,-1.7303554296098120346414362,1.0000000000000000000000000,1.2468123006573004207808708,0.0101200102456472929013387,0.9570361499497834767424820,0.0000000000000000000000000,0.0000000000000000000000000,0.0000000000000000000000000,1.0000000000000000000000000
33 1.1568481451378871405211157,0.4826226943306534677979869,-2.8123124229313272159913595,0.4318432736820053685633525,1.3361704667630442955328363,-0.8093458052302457961246773,-1.6750883776614537978844055,1.0000000000000000000000000,1.2667465605152521401777221,-0.0013006470311901774383756,0.9567866195280974039860666,0.0000000000000000000000000,0.0000000000000000000000000,0.0000000000000000000000000,1.0000000000000000000000000
34 1.0051668302579666036677963,0.7967402773013899652809755,2.7220270539332402925936094,1.0275330793004970875159643,0.3916125479608087434080232,-0.1797328298817075786786290,-0.1126339538259835265643360,1.0000000000000000000000000,1.2667465605152521401777221,-0.0013006470311901774383756,0.9567866195280974039860666,0.0000000000000000000000000,0.0000000000000000000000000,0.0000000000000000000000000,1.0000000000000000000000000
35 1.3855113432723096256182771,0.3481614457285087671500889,2.1698508424359772561729187,0.3259810179775652905220795,2.3710912506475794181426409,1.0399994475487615019915211,-1.3981766481664927859185354,1.0000000000000000000000000,1.2500702673243686557924548,-0.0443731851197654361684819,0.9574956318607998895231503,0.0000000000000000000000000,0.0000000000000000000000000,0.0000000000000000000000000,1.0000000000000000000000000
36 0.5884435333687165758931314,0.2726192650972431574807331,1.5671086925379262844160166,1.0718060563767584092431662,1.8815781668279276672706146,0.1496420049339728386428305,-0.5599945421718866001015158,1.0000000000000000000000000,1.2500702673243686557924548,-0.0443731851197654361684819,0.9574956318607998895231503,0.0000000000000000000000000,0.0000000000000000000000000,0.0000000000000000000000000,1.0000000000000000000000000
37 1.2246538148293053538395725,0.2976858645293630201145163,-2.5952928822065954861386672,0.0405570025183358898179797,-1.2668417374488174509394867,0.3433448869471180664447729,0.6803964169857994459533757,1.0000000000000000000000000,1.2578234711558666791830774,0.0678526721884741834678323,0.9560664811316255118356366,0.0000000000000000000000000,0.0000000000000000000000000,0.0000000000000000000000000,1.0000000000000000000000000
38 0.9865335763675566749242307,0.0348835535695493983987525,0.8987780720388128807840644,0.3578159564352126897901485,1.7383737976616047138378462,0.2801171100140162906200203,0.4307703295829591327859021,1.0000000000000000000000000,1.2578234711558666791830774,0.0678526721884741834678323,0.9560664811316255118356366,0.0000000000000000000000000,0.0000000000000000000000000,0.0000000000000000000000000,1.0000000000000000000000000
39 0.2789909729060530696465037,0.9864994542720321168971509,1.6313555225601674703028721,2.0524602644399574380429385,-0.4826581747861309334979296,-0.8245458089860835393380967,0.9516368506566863505469200,1.0000000000000000000000000,1.3269122809064166634840376,-0.3017653252704838862108261,0.9570019797664144345361592,0.0000000000000000000000000,0.0000000000000000000000000,0.0000000000000000000000000,1.0000000000000000000000000
40 0.7531196083094333637575346,-0.5695648474189501930808888,0.7876806157098115157566554,2.1337342210960676958109161,-0.0832217972283938040023443,-1.3364049584308661522413786,2.5027858787302021958964815,1.0000000000000000000000000,1.3269122809064166634840376,-0.3017653252704838862108261,0.9570019797664144345361592,0.0000000000000000000000000,0.0000000000000000000000000,0.0000000000000000000000000,1.0000000000000000000000000
41 -0.1422827901401827466187910,0.2957524967521696357408700,1.3309534234406514840998170,2.1164319323745219847410226,2.6975798753461854850854706,0.5314352419373742364427926,-1.5064744248049444230730387,1.0000000000000000000000000,1.4888126644020958089242868,-0.2479944545766313013235305,0.9584133547839770450593733,0.0000000000000000000000000,0.0000000000000000000000000,0.0000000000000000000000000,1.0000000000000000000000000
42 1.5503090988975976038943827,-0.5738911682484331144848966,-0.8066582968860463997984311,2.1571727339662007949527833,2.7382839946480048709531729,1.7152579157684266775163451,0.6390263511515555938657940,1.0000000000000000000000000,1.4888126644020958089242868,-0.2479944545766313013235305,0.9584133547839770450593733,0.0000000000000000000000000,0.0000000000000000000000000,0.0000000000000000000000000,1.0000000000000000000000000
43 0.4444198329088929755315007,-0.6992498455208786545256316,0.6457859348125556397945957,2.3187714065647258010471887,2.9045633377504183059159004,1.3919740074276805152919678,-0.4654555581983380596611255,1.0000000000000000000000000,1.5537862527667480883053486,-0.2380047743385680092398360,0.9589306410187532492273021,0.0000000000000000000000000,0.0000000000000000000000000,0.0000000000000000000000000,1.0000000000000000000000000
44 0.3614706628608072014330332,-0.5923161068026994158230991,0.3299500812500217872269559,1.5236926771167296212894371,1.3789469678787442674661179,1.3594450139717406678130374,0.6770423134366956308127783,1.0000000000000000000000000,1.5537862527667480883053486,-0.2380047743385680092398360,0.9589306410187532492273021,0.0000000000000000000000000,0.0000000000000000000000000,0.0000000000000000000000000,1.0000000000000000000000000
45 0.9212481011618197657142559,-0.2631936590854220270330188,0.1887132437784349858755917,0.7450650109544245669468410,1.4572726601090422171580485,1.3621767362869237061318017,1.0866680104049042387970303,1.0000000000000000000000000,1.2582274060734675025230445,-0.1997875109081098665697596,0.9557922685266435625095482,0.0000000000000000000000000,0.0000000000000000000000000,0.0000000000000000000000000,1.0000000000000000000000000
46 1.5067286182204402411599631,-0.6135800965203981327533711,-0.4445056785665663090512112,1.7058991159062637521515171,2.6425551806579847813338802,1.2683036403117253776429152,0.5488758049387376658501125,1.0000000000000000000000000,1.2582274060734675025230445,-0.1997875109081098665697596,0.9557922685266435625095482,0.0000000000000000000000000,0.0000000000000000000000000,0.0000000000000000000000000,1.0000000000000000000000000
47 1.0304974582851702535890581,-0.8322157619168855102742555,0.2429414039614776199549340,2.2645146796664992194791921,2.5358467624140437202129306,1.3450735557568602729361373,-0.0615559807518605631160291,1.0000000000000000000000000,1.2885598861791938141152514,-0.3815936876608029271196187,0.9594987942764995336730749,0.0000000000000000000000000,0.0000000000000000000000000,0.0000000000000000000000000,1.0000000000000000000000000
48 0.3358507103346827227241533,-0.1222434560281755039357066,1.1222398428422564187201260,2.2043963029313999868463725,2.5974947098768388364931070,0.8928364517133853262009779,-1.0236515500864415972870347,1.0000000000000000000000000,1.2885598861791938141152514,-0.3815936876608029271196187,0.9594987942764995336730749,0.0000000000000000000000000,0.0000000000000000000000000,0.0000000000000000000000000,1.0000000000000000000000000
49 -0.8797186126854122933949043,-1.7094179152764461537827856,0.4916865356441464385284235,0.9191546889213632054449477,-2.0434837710310165270755078,1.2321680230787301901784758,0.4965546621044887309892601,1.0000000000000000000000000,2.1793425155875167931185388,-1.0444978173265677678926977,1.9982679810182044644051302,0.3231396042964160275623442,0.1475155559121966719615671,0.5910008434648812425393771,-0.7242483898299336697590434
50 0.7810684761876536263969228,0.0683030901194103812201774,-2.7844565743843121552458797,0.3158265257113735957616996,0.0926818091486034667525473,-1.1681561160654385655988108,0.2130221189251271241005270,1.0000000000000000000000000,1.7223684712199653912279018,0.0640599497363381065184740,1.0628664212123419829936211,0.5615113333188481714586260,0.6335665108678937285091592,-0.5224688408969455633013013,0.1016004926950335729429753
51 -1.5521040333411189049428458,-0.0423051779276248929306803,-2.9473227114633120393705212,-0.0099843194037602944757026,-2.5830806401186068299580256,-0.0428904278995081433834002,-2.5805828133437702653907309,1.0000000000000000000000000,2.5700270899291171033951287,-1.7292618867031694929181640,1.2776408878653551237647434,0.7410634254491329508951480,-0.2908496116993725122412684,0.2556460633671283622092574,-0.5485201334778965209793000
52 -0.4811454271851169917084690,-0.7640923232208434168200029,2.6550971640437088794328702,2.4410831342372496521875291,0.1014403049323893135635899,-0.9452980195742645141976368,0.4704126663987584500148387,1.0000000000000000000000000,1.4462105273297478635896596,-0.6976514955751569324604588,1.6355965669232392922793906,0.4139440145484208910531265,0.3969531635448932949117307,0.8189733482826947463806277,0.0189477270179987111742292
53 -1.4654010916206245962456478,0.5004333702090351110314259,2.6691144079240762820859345,1.2887666416143843672870162,0.1672718366087746488801713,-1.5008561726166895766709786,1.5307510009304392539775108,1.0000000000000000000000000,2.5900541344802130439006760,-1.3311841509405502037566293,1.0549440792611022299496426,-0.6895769975557923814335481,0.4286231450751721849812270,0.1541079057921767581085248,0.5630403600246012274510576
54 1.4735052132707435745828661,-1.5332590333550508709947735,0.2322217156989885289419817,1.1566415134717902279959389,-1.7842249929202838032438194,2.0386171215651054389184083,-2.9951803726312613562754450,1.0000000000000000000000000,1.6953158412395223919588716,-0.4731264421480881332549018,1.6728397172843381124351936,0.8587181618413926020849658,0.1815637655727267152361293,0.0912673823347091572877332,0.4704315819609761195607689
55 -1.0641359095751368180060581,-0.8090926797949207216475997,-2.1967706780072306926854253,0.3240984086906995020882505,0.7566206377612525457720949,-1.4150162139148838580382517,-0.5018514545964314343962087,1.0000000000000000000000000,2.3180826660037121556001694,-0.9403401900600840690458426,1.8901559811644921271778230,0.8176608547232151469330574,0.5393209090670942895684448,0.1378245942263603418531659,-0.1468532610663771664771815
56 -1.2350331450650635645160946,-0.6533983303869133063557229,-0.5349860177346794642971872,1.2821391934231569642577142,1.7001616168856443778167886,-1.2729073306445517488327823,-2.2099850485748544492992096,1.0000000000000000000000000,2.0899227462491074547301650,-1.6803823329170133327181702,1.2143183769809191563382456,0.3256760515211820639080997,-0.4806305495873988142818689,0.7419621217070817564831486,-0.3352899793897569091782884
57 -0.6013963453848842899418514,-0.2586386450182822649423997,0.9720844248102817886092453,0.3930834638248585921616041,-1.8762711192226368961399885,-1.1261452196175902873420682,-1.8379230322721058499269020,1.0000000000000000000000000,2.5135014913072639686220100,-0.3439535472886746658716106,1.3950065081404852129765004,-0.6839097489051819689365175,-0.6756230132932663501321713,-0.1899018570628166480140919,0.1993392003679275437111329
58 -1.3073809937856111229592670,-1.5457253571351641241449215,2.6849294489607222757854288,-0.0060368469935082186283992,2.7212547095568178079361132,-0.9604540772491899636165158,-2.6295153231651129388524168,1.0000000000000000000000000,1.7749210608985528381253971,-0.6608047699746983916213594,2.1055078466543832860224938,0.3950742380406260800818075,0.0045049241464734102180500,0.7473267984665037388936071,0.5342251499775052536733710
59 -1.0260038061912468698722023,0.1806372304314924903678730,-2.1229479257930261582032472,0.6481623931276434547044119,-2.7119587515708798441949057,-0.2120647932884480724169407,-1.6317134216114477229808699,1.0000000000000000000000000,2.6123422521664472206737173,-1.6208295099404783634611249,1.2619115196917307653023954,-0.1173939530552029486543120,-0.0441904160814285407177238,-0.4828019212136864801721003,0.8666983216159342973128332
60 -0.7297993289959069374006617,-0.5765813568083479889736509,0.7786267854993251802397936,2.2770272445469288413733011,-2.7496624080793292677071804,1.3373839356641687992066636,-2.3961481096694008385838970,1.0000000000000000000000000,2.3487197665408658941998965,-0.5635849480999922667123769,0.8898169138881014683661874,0.5890434300786853150100342,0.2616582625182866661539549,0.0038480240913033592065062,0.7645559264148473754829638
61 0.5631046418288074839608726,-1.1544817875993815814439358,1.1256590713256553470955623,1.8786611877310372964444696,0.3269557242709937305846779,0.9689577389740908763826610,-0.1145757067993171673947472,1.0000000000000000000000000,1.3021101842300346618230833,-0.6494818257286079088430597,1.0649093794451069960871337,0.5008433444759845531990550,-0.4570101857612729467916779,-0.7330681771194935691937644,-0.0539118077582716737072843
62 -0.0542312806498319588399681,0.0462315967470559030516597,2.4602624780220985201140138,2.2202158026966336556995429,-2.0294059022489965293800651,0.0369703687845068795780890,-1.0698548797913152164085204,1.0000000000000000000000000,1.5205149381054785528988305,-0.5942216340813843977741726,1.6569753337454211639112600,0.1568847267651558019530000,-0.8163987687388658542886333,0.4653202074812650690383009,0.3038998947712183151814713
63 -0.9650398637686261604784477,0.3773971869891497021853866,0.0851455005242245377417021,2.0196292483795570404936370,0.4787484400625103830861917,0.9534876668716036896000787,0.2110191032346429018673462,1.0000000000000000000000000,1.5945557855616350195759878,-0.7358110787893513693447289,0.7864254530578919100136659,-0.2601597303408310080108379,-0.9294550361577272878932376,0.2111131228604391230074810,0.1544651210120916440260430
64 -0.1502182293320675210424042,-0.0101380333002367706285440,-1.3270969830572869607721032,0.0186173131040378025957693,-1.5107393420356045599106665,-0.5147992178095530668713309,2.2823964987599278941843295,1.0000000000000000000000000,2.6629866911266275586456231,-0.3110759751769267000831576,1.0013137400784211106241628,-0.3172548570743500828683636,0.1271699248405694926411513,0.4167033762086927994872099,0.8423379337044953896196375
65 1.0012813265172573196082340,-1.5629434773782002743303110,-0.9964320292271380274939929,2.1967224221428494068675263,-2.0047480862428193049140646,-0.9215112760830886928786754,1.0062861592822178735673333,1.0000000000000000000000000,1.9165555206496907025837118,-0.3703539269434052427776294,1.1055550643292388901528511,0.3319633007018566450696540,-0.1028871924117207292681542,-0.8040841897051335118717930,-0.4823494752947687924660158
66 1.4221450122361991574848616,-0.3671827315288516135893815,-0.0347469010572445391460406,2.3372397855181432646531903,-0.8689137576445538080349706,0.1612513916029332250445805,-1.3081709192084014503620892,1.0000000000000000000000000,1.7352979708110953804833798,-0.7982199564593889240526892,0.6121895152226475289580776,0.6036994114744663741944919,0.2252779544022381064127813,-0.5041608878445625885333925,0.5749927083689868601013018
67 0.7899075976298033374689567,-1.0472925340711567443463537,1.3432651824272872076448948,1.1790917521254584698908729,0.8142305233391140539822572,-0.4533834174998150334801039,0.1836166503348466427780750,1.0000000000000000000000000,1.1524003624631369291364535,-0.2997192620270903162804643,1.6666632314651645963010651,0.3974472294307350717090799,0.6211255125017165479306414,0.6530655180553793792697093,0.1724588130211829883897678
68 -1.6811631485280893461009555,-1.1274811524453016708946507,1.6069745640200761016558317,0.0846582975809733601080254,-1.3666725866411222334306785,-1.3522525518345160921995785,-1.4909249904993571167466371,1.0000000000000000000000000,1.8885987652514772960898881,-1.0157465547758859347737825,2.0391986777505759498296811,0.4286570100305379105165571,0.5842205926051140529864369,0.6886131528787314826089982,-0.0273710182682275759979973
69 0.9069533711169150969055863,-1.0038352950526563400757141,-0.6460325906874073709218465,2.5044073236316473085594225,-0.4542906749207946681679005,0.2619771854285499745884636,-1.7046295857120443706378410,1.0000000000000000000000000,2.0136262128323081377345716,-0.7086654761539369351552864,0.7996618890102411558729045,0.8072210181236565418316786,-0.0565579525718092890329558,-0.5699237967922390346586781,0.1427591417984962474108102
70 0.1912162292005166186470433,0.3879585753283274485170296,-2.5133863312678190737869954,2.5650028954143646586771865,-2.1654619053827888208729746,0.8988116976204691965790516,1.7549823227720251495043158,1.0000000000000000000000000,2.0032927755402725189526336,-0.7991171434436993292749207,1.6872107215069298558063338,0.6994285500815687894871076,0.0957137382315248197439672,0.7081616815706911483019326,0.0119778418912142511909558
71 0.8980790018501112470517000,-0.4442073650263282935668485,-1.9147126363163884388285396,0.5259956300072350376950681,-0.1821789706382803686324223,-1.4647457694706638164916512,-0.8876119039871785965090112,1.0000000000000000000000000,1.6917602936957341075441263,-0.0514077399032026385872207,1.4957109061907802871616013,0.3411534319401383630321334,0.9355988176245689791343807,-0.0787920343249440269239869,0.0453754155650138990552023
72 1.3550343569679856869925061,-1.6966993758677033632409348,0.0374644635061196495939839,1.5042109258632225810004002,1.3048469097129284932634619,-1.2167693670127994742813371,0.5580400730814036869276151,1.0000000000000000000000000,1.6904935374619878274415896,-0.3071278685557433663078086,1.7115138702795233971443167,0.8248750806659459477998553,0.3335791187034300997460434,0.3145522460829019428807385,0.3306974697436639298864236
73 0.2626283171951040440461611,-0.7035680401942543404913977,-0.5088098252422432743458103,1.3438804646888189431308547,1.3184657469435903109911123,0.2962304365474521805623453,-1.1681383937630516189898344,1.0000000000000000000000000,2.4465730569080292866601667,-0.2922220429476437564275670,0.9425529011873581275438028,-0.1812343672420978490933408,0.3033221253367066605477476,0.3685198772803545130827274,0.8598492766386867103278746
74 -0.9171370827253620960917146,-1.0249330490231198798056766,-0.7530359504271046944268164,1.3916429481998282557952962,0.5756386632940908576472339,1.5800503431446917268488050,3.0140255714585197921451254,1.0000000000000000000000000,2.2879151141400719815521825,-1.2025617050352337411567305,1.0474471840727734850418074,0.6059971708230973419517795,-0.1715971954122483544846745,-0.6849072794137001096714812,-0.3663628987869321784742738
75 0.9757888448725888785872939,-1.2145728568153328907897048,-0.1109305985640727243435322,0.6896286394091455385080280,-1.3929627743977881504378047,1.4959701110214886909943743,-0.6417459899581716697980482,1.0000000000000000000000000,2.0216080644697766999229316,-0.2703420913549418047594486,1.6437064966896346440705656,0.7423771412658690671548811,0.0584906784687638792163966,-0.1139781022710800173491918,-0.6576182998954653857737185
76 -1.5132023685645477062422515,0.3097985810799519512670486,1.8718130038239042534087275,1.9425683696924558319096832,-2.2321311550397107126286755,0.3500632675465460419417241,-1.8964998370090033752433101,1.0000000000000000000000000,2.4614080918199747749497419,-0.5775001247705568996337888,1.2228247310713629136813552,0.8049183802827000189239470,0.4379528638873323997948717,-0.1658409853994249893993640,-0.3644149394552484433340567
77 0.1003665039702030803425714,-1.6824381413028750564819802,0.3024711454618933537119574,1.9291757873106634146864735,1.6452038781513476095597071,-1.1870768825669399948452565,1.6085676306074336849860629,1.0000000000000000000000000,2.2658604230437293658440012,-0.5161269843481679497898540,1.3971516660286189548401126,0.9928889655132293601269566,-0.0080961951886564520464162,-0.0726692630388736660052018,0.0939304438208788672337590
78 -1.1430712155446496325339467,-0.2040848330432010193646875,1.3697165931163777230494816,0.5931920592296829886080900,1.6669474128773194010477710,1.4974781601688609278255626,-1.1555734787297311516596210,1.0000000000000000000000000,2.5489340895907255379881917,-0.8727107537403946402321253,1.5781898252178825359237635,0.5929416035959571562585779,-0.2619771452218294105485086,0.6610945101683289859550996,0.3778095381914377548504547
79 -1.6035653818920920787860496,-0.4716394306917854883920427,2.0617882598503936009137760,1.1746734384226953373797642,1.8355824627981434105095104,-1.1997328543189387239920052,1.3569389497274251255021227,1.0000000000000000000000000,2.5603255987400892479399772,-0.8664406839147419381319537,1.3890191037935237794442855,0.7790273680382966414725843,0.0150638359982371017320446,-0.3808991516550779277139327,-0.4977983434022068554014595
80 -0.7153548604700683544166395,0.4835598580467328488907697,-2.1523951748863772159836572,0.5858055291305320766426235,-1.5833235020406188908737022,1.6884051678739222523972785,2.5395241967190633758377771,1.0000000000000000000000000,2.5998763089007530524554568,-0.8986376868282737184756570,1.2325329462679228686994293,-0.5504495192407965475922538,-0.6100952439878359889746662,-0.0341020100532173908725042,0.5688796071397885789622251
81 0.8465245534628311752101126,0.8519847437185164018558226,1.9499087221310169582011440,1.6182009254322389235625224,1.7770490926308788459664356,-0.4643490016596858449560159,-1.5838685024738632378671355,1.0000000000000000000000000,1.0058918765077322632350842,-0.5989624033374634226589706,1.0489413686995423535819327,0.0909929750439226608937915,-0.9561072407187223287650113,-0.2720643395294845001686213,0.0596502423573732620809551
82 0.0992069676567626235197395,-0.8079279697159900130998267,-1.4102145481255325965008751,0.8299314877390541189683404,-2.4065789788298213025541372,-0.5020854058304229372566851,-1.9611194427712446142209046,1.0000000000000000000000000,2.6941289856269476921113437,-0.7602169275611940779668885,1.5493990413542813033842549,0.5115565768430829773905089,0.0171939142953157486637394,-0.0631247193430066189101524,0.8567539944301842957941062
83 -0.3413086822306226064682733,1.0357864045364721938824459,3.0142117667817025505883066,0.0262264697757672721190048,-1.9163980976610437423346411,1.6795824657464524243266624,-0.2839295979928828650429296,1.0000000000000000000000000,1.9484385454832078288234243,-0.5020785702990994137095981,0.5210515507113595568000619,0.2749300718153491751571948,0.8831475862144231303574315,0.3329820389542803016347250,0.1832611648010015747978230
84 -0.5882780927040871521427334,-0.9530412713606100094665408,1.0697322460297797874773096,2.1954427986002724715319800,-2.3776821043783251674597068,0.9042720416920344561617640,2.0088886605193314593975629,1.0000000000000000000000000,2.2195987484574404291493011,-0.3511483254682665755552762,1.0364754190671774392029647,-0.1827340347490310767941679,0.1705544940687417909686019,0.3757059491593838229661628,0.8923913914049863560506992
85 0.0519987419792369287563361,-1.2263019402890007469864031,1.6050978994439848435149543,2.3161846500291418671224619,1.3561712808875228120086831,-1.2343168219072091496002486,-2.3406479060368834410610361,1.0000000000000000000000000,1.6485076918553887015406190,-0.3469564403164774324395125,1.1553138892829946104967576,0.5875947443970590544637389,0.2542137464497089549553266,-0.5591747238384336959882148,-0.5267154960265159058252493
86 -0.7382461014675095745118938,0.3395763872892487711396825,-0.0069973224550174961677840,0.6091070383354587614022080,-2.8847394924209170952167369,1.0603039309784998422969693,-0.6057321820756103036842433,1.0000000000000000000000000,2.6946201096232940130903444,-0.9694137750449595136714720,0.7074355726498219310016680,0.9667354840596914522521388,-0.0941065911112725639320331,0.0203392458311318913288801,0.2369613429299891049772953
87 1.3055365235058058459571839,0.0986990928573998616002427,2.9904067765846615856162316,1.3633283561641944547915273,-1.6701083988664244817101689,0.1850114582454815970180562,-1.5207845848080632222831809,1.0000000000000000000000000,1.2891755456546969416109505,-0.4508105731240542035642704,1.8534794168097699085251406,0.4378167744980157038980906,-0.3970838844853117888256122,0.7444442627775371690290740,0.3105501306494996005547193
88 -0.9851938158517915544720722,-1.3070365620618855651002832,2.6439625048731087986197963,0.7422681149729842831064275,2.2844088047646957662095701,-1.2414668265789936540954841,-1.0583001560984643951712769,1.0000000000000000000000000,1.7346426005970765338304318,-0.4526269726742812582465092,1.8302130135634950836021062,0.5005697274377346461804450,0.6051039431127011036792851,0.4269004893758296947936515,0.4483670884021818126008441
89 0.7817755452363859269837576,-1.5550214611841464140695734,-2.9139938865500201181646389,1.8667703585106738550791761,0.9021424142025145087586679,1.4018671537538049953752761,2.0353163625906764977457897,1.0000000000000000000000000,2.1129865358319288581867568,-1.2136959689731769973519704,1.2168993792804454479039578,0.8915851441571116531292773,-0.0137515953195691265076306,-0.3593349722455143613331074,-0.2752508801009059258291245
90 0.2517616193553988690467804,0.3708490132418691409554867,-2.7054152406345237658058522,1.5971610737550820946495378,-1.5268248616940458539659176,-1.2080608555181462371308498,0.1775838603994737141533733,1.0000000000000000000000000,2.4805624027038333245798185,-0.7179921138970325467099087,1.3857258720690650566353952,0.9615969038193226126054469,-0.2581043914944827766255742,-0.0633925833427906315620248,0.0685028514689505207968523
91 -1.6818080073295771370567309,-1.7169077424248249119642651,-2.0241867931088393106620060,-0.0487305950684149766227726,3.0381068124981158717901053,0.6408990649897097213738562,2.9510017174836260522852172,1.0000000000000000000000000,1.8973763490479813587086255,-0.8493231576416153671971188,2.1659821074243428284944457,0.8780870829246639752696524,0.0375871027645915747883443,0.4620901819469332982848186,0.1184096014202088154032566
92 -0.3673632716689867461212771,-1.0940291012865626107952721,1.7688132543439412103225550,0.8720487620374413051393958,-0.4688397600668667841716797,0.3779028458710769200479263,2.2280115544810010774767761,1.0000000000000000000000000,1.8054626820546215704155202,-0.1860127393841058685008960,1.8330421145343991362608449,0.6041423743629456000192590,0.6899670240610242810674890,0.3832760205509662676526261,0.1097943367554545246456144
93 1.2827817776926631054834615,-1.0863312914703651124170847,-1.2469463996841734232390309,1.4388818226293107471747135,-1.9931817275780168152721217,1.9165135163078459434871093,-2.8438504632044820930047990,1.0000000000000000000000000,2.0366629966226099668347160,-0.6039404625001332238554141,1.7177673662113888131131034,0.5704478395909666765817292,-0.6099897610792591740036528,0.0614170573684573173345314,0.5465597882547900132621521
94 -0.1625585337900918858622390,0.1789248065333466364279502,-2.1893260538053209707243241,1.6146046527049522367747159,-2.2279838687176742872964041,1.7909675053832625479799390,-1.3900083034629973077755949,1.0000000000000000000000000,2.4204312234976357309790274,-0.6552632883881753800281444,1.4907617109982822523051027,-0.1266295817661881595306284,-0.3419605010506511222345694,0.5264925605176091760739610,0.7680047781448960941830251
95 0.9864193564546610559773399,0.3736190808464860957371911,0.8144960248094714749811374,1.4588002062872051922681749,0.9151020721542195701658784,-0.0567606041303962971511510,-0.1918209379896622657213356,1.0000000000000000000000000,1.1531955933456097262990170,-0.7621915906285124941987874,0.5219274123679709109779878,-0.2543028638867978474813469,0.8688219093055129516045554,0.2735920260986443586226358,0.3249980569916366968108434
96 -0.3660605078858683025799792,0.2906028682215153757795179,1.8176027217904753285893094,1.5203833891183058391050054,0.5586479519343225952354715,-0.8968235336340952823519501,2.3499878341886155652673551,1.0000000000000000000000000,2.0945943908209851969104420,-0.0735928679949703484775014,1.0163148527486929317831255,0.6484684768048971648113366,0.2729969428896009686624780,-0.5439982399752885111610112,-0.4571925233632028184871388
97 -0.5893135666907634018230056,-1.3156828000315847759793542,-0.3917079115220314378120747,1.8854784660336925128376606,-0.0078455593049735483646145,1.9003281302442514011374897,1.8837832485496921464118714,1.0000000000000000000000000,2.0360283625534831841719097,-0.9687754803999258923496996,1.0943062768429614450838017,0.3017375109504461527798469,0.4855872769140601175053007,-0.8086590143226386473429557,0.1386646853561997738690792
98 0.4717881939413679504013999,-1.0045447075616309451362440,0.9851021428282500380646525,2.5753120637989193042471925,-2.5181571775484630215657944,1.2537666369706870206357507,0.8188606837884808697936023,1.0000000000000000000000000,1.5847704028079385718541516,-0.3393950004974422007819612,1.0112849352890953547046138,0.5958558349970766165881741,0.4839935851603299199474861,-0.5613270964766554627090045,-0.3092179940461367571025164
99 0.3088200596994430391362130,-0.3482914735150015594911110,2.4502376259824618642824134,0.6644233725380259691917217,-0.0467282965778039738324878,-1.0912702368269979746884246,-2.2111610126253968822140905,1.0000000000000000000000000,2.1017404627774607384083083,-0.0695238322805815101013138,1.6189431772232105721798234,0.1285830017428994387351793,0.0428784704303741825981433,0.3842307088353038024841624,0.9132318470048904623936892
100 -0.6588939675067397860885876,-0.0787591374934457633116835,-1.8643002214688035866885230,2.4162824821203399139335488,-1.3123958527293970721672167,-0.9646474143614809371172214,2.0756963019569854012047472,1.0000000000000000000000000,1.8943082454584270202246898,-1.4649394137221800615833445,1.0761706569413846956706493,0.1347170051516890509901714,0.3418459355062544169356897,-0.6775281541083455483232001,0.6371389686313569944431379
101 0.6697194554555010448382291,0.4483340830073387905940763,1.7574120553226260099677347,2.5525818848994474841163083,2.4484371408128353664324095,0.9894249008863122973878035,-0.9480462986608251263476177,1.0000000000000000000000000,1.2780801821937188833544496,-0.6587026894014866851279066,1.4223708279659723618948419,-0.0393045902123451140752763,-0.8731046987323165531336144,0.2859329870547652197032562,0.3929166168084741173061047
102 -1.6282022024265399018361222,0.5971650579209279996462101,2.7140098466504642971131034,0.0312875173377280546560542,-2.6386652058445223545390945,1.0618221375339471634902111,-0.8345676309743743637170610,1.0000000000000000000000000,2.2595932471883277692370484,-1.4198999671239376230147400,0.4793725280902468854904441,0.0427253761235587281586135,0.7066413425802846592915785,0.0167422072625197475292946,0.7060807679708342998736725
103 1.5156353290191022509247887,-1.3624540828333486786050344,-1.0820062204141915884747505,0.9821026594974577861307807,1.2552406398617854677013383,1.4389336246414474729249378,1.9698770924270512239218078,1.0000000000000000000000000,1.5225097331989163595977743,-0.2523930702094220324127605,1.5651512775210629779820692,0.2835651059643924387643210,0.9361648070279359190593027,0.0248736411288678627151683,0.2063139481819867837586457
104 0.8204419841519672296215049,-1.7191602724893764175817523,-1.1258577971988148469506541,1.8985049910584952392866853,0.3608994444394015843613488,1.8783309251195920985821886,2.6139816299420699508004873,1.0000000000000000000000000,1.9131482759993687636779214,-0.6562287978558792866934368,1.1881836115875672454933465,0.3700256350001693284035298,0.5058725853753984758043316,-0.7636380322886109350832839,0.1550120705976784640789390
105 1.4715509313021528647880132,-0.4183567660308238345123755,-1.7482965153073695141472399,0.2320096058445095810185421,0.0766938278189366329229415,-0.8794304314090679586257693,0.9179172396552366386401900,1.0000000000000000000000000,1.1278961198497503559678989,-0.2035665914550250366055195,1.5896120892533107671340531,0.0793720796867609101887808,-0.4817542992310523963794822,0.8577020445932150849444042,0.1611148326895237292699647
106 -0.3130887596993028321179509,-1.0083684834183046508115922,0.2465130343164672055422670,2.0162899939074598876231903,0.2612477785601501345524866,-0.8960531355302049361100103,-0.5065246792563820044108525,1.0000000000000000000000000,2.4506607178993102813535643,-0.4610004516151728903849971,1.0712337757700951534900469,-0.1324779879082739475482100,0.0455389451565743064165304,0.2505865399905145007863894,0.9579039167389870046420697
107 1.2362954644218895339236042,0.3000960543542618985668469,1.5345208486108665724145794,1.8066052244401558102282479,0.8484647075624507372992866,-0.2844995382815265205778132,-2.7975845698698353913869141,1.0000000000000000000000000,0.9600300727859614191572746,-1.0024585653100335225218487,1.0242515659023072593925008,0.0868554551067352575977054,0.0719569715492427292025113,-0.9524729641335010210667633,0.2829688762306272753477288
108 0.2967567409234430630959878,1.0156960436062405506163486,-1.3628013081947560891649118,2.0474686594742670386892769,2.7649319184953027317419583,-1.0066679920889005650508352,-2.2629915848495398833506442,1.0000000000000000000000000,2.1725224683692312410698833,-1.1321524751974454403580239,1.2654688828419502488742410,0.7130975669745169831514886,-0.0950857021502517218980444,0.6836329511004723968881081,-0.1228593093048669371292192
109 1.3032240294374495270801617,-1.2425162593748027006768098,-0.3533655825511918813219836,0.5460431644842228537939377,1.5856018910792668563658481,-0.2158260190387670807155018,2.9614866847053571419223772,1.0000000000000000000000000,1.5860672512471756245844290,-0.1803885830205704809969802,1.9538200723596728103359510,-0.3352497608039974874571953,-0.6542103648075833222108599,0.2541545934131741457662201,0.6285058890402540621167304
110 0.5075169015561455942986413,0.4041676382176428994341677,-0.7238702426910195164566630,2.0552228620300172501345060,1.8313690417457229031583665,0.3583341418581005299870412,-2.3199855633298800405839302,1.0000000000000000000000000,2.0792897798542635534602141,-1.1307004599490080298807015,0.5929626087972830195127472,0.7004185880082249848754827,-0.6187553028005361444030541,-0.2426214160875678205187000,-0.2601699746478796093640540
111 1.4474497902207716926170633,-0.4822231838941681836274711,-2.1669028178451643640300972,0.8061340075340744926180037,-1.8659793939567075327090606,-0.1263671304535967099269556,-1.5387900486224286300540598,1.0000000000000000000000000,1.7492904811446323698476135,-0.0880923869566204165160173,1.8248906540383853513986878,0.6197872316848822560331200,0.1458950535240769452727250,0.5836678307121210274033274,0.5038929395511746456293167
112 0.9827674006746893731190085,0.2629314225176031527553278,-1.9001737245746108673216668,0.5352092713570264503886165,0.0693060650603407601977324,1.7034610627880701905212391,2.8291299758908019512659848,1.0000000000000000000000000,2.1476805260951401521651860,-0.2761578387073889695457751,1.1817287912953258199877382,0.5247695571071505638016674,-0.2537963666700125409114719,-0.0733744422556757980302677,0.8092084400328398707813449
113 1.2811931501054165671860119,-0.5919235042347215092206625,2.4205175935217333460514055,1.2675813974279821483293063,-2.6220569984610460068097382,-0.3122419727389096344438713,1.9215234737407991261193274,1.0000000000000000000000000,1.2978064947065501844036817,-1.0150307946343284370982474,1.9481951333940190629334666,0.3377336193566322641856914,0.2043781771785914969097320,0.7640540844440459888886608,-0.5102790124457180498396269
114 -1.0801538913271897524026599,-1.1364256803092664949161872,1.2002354231120202499027982,2.3988510400228437724479136,-0.1434802533809471647430200,-0.3258070137415327582885993,0.6356339232440264552792542,1.0000000000000000000000000,2.1387971973955832716285386,-0.4567551409418826313668660,1.0075961902562409200356797,0.2394972791247814702941810,0.4827148037740587871446962,0.3584848765185624230866779,0.7623082163935304134128046
115 0.4846384801105965145495702,0.4623883254609015835967512,1.4775308249603478216727126,2.3225162678791750892060008,0.6579240452493189117433303,1.7612022927351294043774033,1.6368885739473109097730230,1.0000000000000000000000000,1.6713821155362216241968554,-0.7789848252999812538988067,1.3639723038848576841530758,0.8011450613978505774781524,-0.3242063556587845285505978,0.3356455614210963056542880,0.3746955164611190935985974
116 -1.2270135668461747968649433,-1.9197365430084691872991698,2.2756636521478839085830259,2.4361378147742418498467032,-0.8341097048023295990049064,-1.2621870584703267503812185,-1.2073545254023534401000006,1.0000000000000000000000000,1.4550558850161678936530052,-0.5011359129066705886401678,1.1251763548740809639525651,0.2378892363849878510695390,0.7210508594799042159095848,-0.6422788659592867377412517,-0.1047380902926922097151419
117 -0.5052785608853684884422819,-1.3325817275548268447948885,0.0782286710788917538650367,1.9356302806966145801936818,-0.4353968992309629193471210,-0.0904326849477579131075800,-2.7760941926469535623311913,1.0000000000000000000000000,2.5205958774040944092575955,-0.6473504399702777467595638,1.1154189209920175596124636,0.9434940094463826198989409,0.1994675953317135708164898,-0.2560877618515491893624869,0.0666972772051244999769182
118 0.1905825227277051503449457,-0.0255611460826177250282853,-2.2876366378295092118833054,0.2829463030104275023113303,-0.6913369896208574338913877,-0.4684728888595066642608344,-1.0480621101032299158362093,1.0000000000000000000000000,2.5259917872609323197252706,-0.1157614760906687800812165,1.2163652352310312387828617,0.8000241461266279774378063,0.4210907530068496718023141,0.0583612245665788287318776,0.4233624022470375281024246
119 -0.5322966785572584846875088,0.5037692687040054018154933,-0.0571839097316049205232957,0.3766058237713788003908633,-0.6556438499980812295575561,-0.2704387246348696205444639,0.1624734106480487660917333,1.0000000000000000000000000,2.5597742630244795236649225,-0.6971637006627532384683832,0.4279713063301303632712802,-0.2606537432138985033169831,0.2752911092233657486261222,0.2715260856852466653243994,0.8846161915283202725746037
120 -0.4402788083096005333771927,-1.3585581822635410809141376,1.9748528227431449977302691,0.6392351474525569399176561,1.9562998322729487910009993,1.0997973107631526801242217,0.1239593971459940213719619,1.0000000000000000000000000,1.6140372025735061356499500,-0.8179042316108457999490611,2.0869678746190527540704807,0.2031728102529645196838715,0.4491979111868553142805638,0.7295938265742659689649940,-0.4739543657670803322723430
121 -0.1066147335936400430966842,1.0424464992757171977189046,-2.8145246793434095522457028,1.0318067834571964525025578,1.9276046923951266620633760,1.7244444572175461338758851,-1.8741181593980258401899164,1.0000000000000000000000000,2.4172762671485434893270394,-0.9049318832760455677544087,0.7048132276114530414545811,0.7648859569475054964726723,-0.5572582929487824854319911,-0.3229050468068719315084536,0.0119489766002297548297406
122 1.3087309120930203931720825,-0.6198693370785883782758674,2.0999671480616006746799940,1.3034300589121086133559402,2.4421554838415024946129961,0.0490801443480510801720129,2.2108439795821182016766215,1.0000000000000000000000000,1.0712210202774188338992190,-0.9778847702787750728603555,1.8311568704517777739226858,0.3727804131957292432808515,-0.1903833882263414600810592,0.8924182810646295038736753,-0.1684526712511069945765740
123 1.3799292880623124091243881,-1.8882985000607082071155673,-1.2141952977497660892680642,1.7426093635710930840332367,-0.0101503321524476497472733,0.6853281959217238927806193,1.4518045966740720231769046,1.0000000000000000000000000,2.1197505365261224419271002,-0.3658488052731384554405736,1.2736283985514527117288708,0.4870143044078349969794317,0.6043333020099476149411544,0.0974403293884992249829224,0.6229779461067840307109122
124 0.4548937630877278870400460,0.8137972209447981164487373,2.2870824268819349711634459,0.8846268658370834980786412,0.9716661805848900712589966,1.3706831925042926023650125,1.9635957459875363895207556,1.0000000000000000000000000,1.8213165120308236755164444,-0.0925193647042317490747365,1.1845005955118481644205986,0.1359229621325433179368503,-0.4801957104949950982941687,0.3382030609734356652040788,0.7978430912725925638895319
125 -0.2396648150667368692978698,0.8873340289640863076670030,2.0100305932940898401284358,0.0809805331393054356192707,-2.3944116755730529000345541,1.0564808511865679818697572,2.2519947244445770451193312,1.0000000000000000000000000,2.1588778178129599538692673,-0.7029363231317785620788641,0.3117116967920030567995582,0.3151141683198809828603260,0.4630545639957189818503025,-0.5765498114302753940307866,0.5948712158979178044049263
126 -1.1903591953486931664940585,-1.8804291395328140978904230,1.2841169926653872579436211,1.8600445283903013216075806,-1.3566260134250045510384552,0.8442028385965780756805543,-0.9361055383361436277311896,1.0000000000000000000000000,2.3613455496527770982595484,-0.6139566807701706263600272,1.4255286148849977134744904,0.9764583719480037782290083,-0.0254957489990293995063553,-0.0326987533557414611351533,-0.2116780875696837871391409
127 1.0804297961667872485236330,-1.9996978851718349989852186,-2.3721168852534462168080154,1.7628971689627026542268595,-1.2182828522898643264227303,1.0200203331744019941140778,0.9649903732696500924248539,1.0000000000000000000000000,2.1251819608051296661699325,-1.4023669275663885880334192,1.0648905787005125134214722,0.0315805144064426057681771,0.4996366920728981808608182,-0.5333408468524217793671482,0.6818439550177753938342562
128 1.5408839348937410917983470,0.8304967892940608997776053,1.5175997607753881624148562,0.3179904796518340792665924,-2.1601229204484835300092982,-0.3217968256870411547510002,3.0277074608927163623661727,1.0000000000000000000000000,0.9672253412005996642264449,-0.5956381146501904533252514,0.4838029715597543800598146,0.0759111423612535002325430,0.9560433883137702260057722,0.1363402786920368536804915,0.2482493839187622231001740
129 0.6769046724501159850717613,-1.2024726269717664894898235,-2.1140997476678102806602055,1.5700674883276535265252960,0.4592543265997686141588474,-1.0733309776642530053436531,-0.5554030653761712343907675,1.0000000000000000000000000,2.2094475518381515577459595,-1.0733177271797318397261733,1.8925429163180977898406354,-0.3286360793738811736375283,-0.4786551816635727929494237,-0.4190398421265632000753953,0.6980622867516875773574725
130 -0.5404306834402210490964080,-0.0347564840557779142216077,1.4606753722715541954357832,1.3157249028150572733864010,-0.9162287157751753952084073,0.2316353077808446236929285,-2.6215428859724401178254993,1.0000000000000000000000000,2.1275223224506967234503918,-0.0771763177900282593135728,1.0279674812106514014686809,0.6089653698870240994267533,0.5680810543174446003433786,-0.4859256841236054835775349,-0.2651778260453044877564821
131 0.6852138514620516041020437,-1.0949066719254043622555628,-2.0050778319692605933255436,1.4929210031493196364493770,0.5670843236623728245149323,-0.2522197442426925562131146,-2.5694747483611455329821638,1.0000000000000000000000000,2.4341446690447314793459554,-1.0206143180980711271388373,1.7525140507266439016120785,0.9045839133002758769563911,-0.1361442697212248975624505,0.3074016618111133913870958,-0.2620966893572062583750437
132 -1.4010221403858773570050289,0.2644912129545078371961608,-0.6314595884913276613303879,0.0958767918934471802261399,2.7362258615722998555952472,-0.4919304586059281003684873,1.5338749795038602030672337,1.0000000000000000000000000,2.4553639549351302662216767,-1.6801665880479759174193077,0.7305326660894201351581501,0.7757792404525281071414611,-0.5611337756815553134970287,-0.1538993001959323980720740,-0.2441483104285598060290141
133 0.6621047018546430962260274,-1.4819858673443018215465372,-0.9762521812474775906309787,0.9276852636475512170477487,2.4724840438708124423783374,1.2100433008428170822412540,-2.3510653710486675294077941,1.0000000000000000000000000,1.9803605294757515853376617,-0.4661314256010103962424296,1.9917404284428641414450567,0.0643798511050343857942124,-0.6279422098084688208530224,0.5459087070924639739644135,0.5509314047008753156831062
134 0.6206766867664423870110113,-0.1604822915743484568196209,-2.0575543420475685962856005,0.4582441531681660795705113,1.0490542336199686346276394,-0.1106856112185958807003772,-2.0496952221713473640818393,1.0000000000000000000000000,2.2460086813904016622700510,0.0293140735864786047826236,1.5083623971210098346773520,0.8315275740323067044101890,0.5107835623485446063796189,0.1322971254444122446436438,-0.1736585849588513363883635
135 0.2831710967944585100042332,0.7258835539365580125092947,-1.4173326264505303750951271,1.9365774707713057090074926,-0.6385117811362777118233680,-0.0352152517817900800878306,-1.3639036200069374338283978,1.0000000000000000000000000,2.4281604117418611465950562,-1.2100742838897446951307302,1.0069992450886522394881695,0.7426662472538352322004584,-0.3728859909346103340688217,-0.1979488827386498561722306,0.5198239881463050382492952
136 0.6789691765740442086496387,-0.5788290932336024319226908,1.8310354217566704448927339,1.4129677133872020622362697,2.6241333366963699447182989,-0.2493671798766454728024655,-2.0674919915108440626738684,1.0000000000000000000000000,1.0597324586008776137191489,-0.5270620097965307282450453,1.5414131386435456771977215,-0.0279970457909703429599801,-0.7003774948763251684269449,-0.7120912712482809769909409,0.0401417310660481252426734
137 1.1250716138007481603722226,-0.5395514540488604016132967,-0.1172105125103684031273588,2.6131852824609658192400730,1.0388729095374573674348539,0.0010230746352883901550967,-0.1930522593222803173773627,1.0000000000000000000000000,1.7699159246349485119509382,-0.8553282163617521582921199,0.6880581607675437805227148,-0.5009148465254903426213673,0.6142383082051109388643795,0.1443888532628417042946722,0.5924064241633583138835206
138 -1.3039094214147544104065446,-1.0862444318566675249826403,1.5449403506364980387388641,0.9234977551333128920063587,0.1531117224777633900600904,-1.1336805999696357716288730,0.8677252156309434028003125,1.0000000000000000000000000,2.3897125783792434461361154,-0.9265691929434053397685034,1.9384916316252676082854123,0.7685350902804136685730896,-0.4374485536944419106220039,0.3270486042734385145891451,0.3332111990189999817246758
139 -0.5702327453346007768431036,-0.5878543574059633680661818,-1.1707720148304434637509530,0.3501293828134095509341250,0.6433002358918544771881898,1.1248264817195665621341050,-1.1886896629425185434314471,1.0000000000000000000000000,2.7251127339188476739195721,-1.0986896638629353173399750,1.2898655361454816059563200,-0.5988338792905212315531571,0.3969245142562687345133554,0.0417792607621550460272886,0.6943350870048701217740472
140 0.6404398572590603855303470,-1.4458882106732986461139490,-1.2950273460332877295542175,0.6557548869409386416151619,2.3581927685473083045053500,1.3050091104717620460462513,0.8274002119071783845072332,1.0000000000000000000000000,1.9340999600947079706259046,-0.5015702426419572645954759,1.9988351341399066551929309,0.5015454364395439679213951,0.4839074845122993684398693,0.7001351613018214070649492,0.1552234789562523531447624
141 -1.3977565905279190072718620,0.6683570891811316805330989,0.3702459125961246044766995,0.5433712679284490310038791,2.6162018925525263313147661,0.5246957141167438720685823,-2.6549540611672934886655639,1.0000000000000000000000000,2.4438281759995463815471339,-1.2021075621941632594058547,0.3617002231897959996231862,0.3149841190941184976281875,0.2546663820292353608287783,-0.2217686799632460070696993,0.8869873073857426071242571
142 0.9291136900460266190293623,0.3872365071951580084430589,-1.2890352340274795484020842,1.9554627559638870781810738,-0.8380387670262896548933895,-0.5060750009004988392291580,2.3425958208477100086497558,1.0000000000000000000000000,2.3913735686975337024762212,-0.6968409431481770166527667,0.7993638240821672180658197,-0.2070372189135253337965992,0.3032620450705290071624631,-0.0090741327026188367543824,0.9300985335298777023638195
143 -0.9099084466105615831565956,-1.9908853497122809272923405,-0.0995861828334727583467156,1.2602530407320022831640927,2.4876860777170799465807249,0.3382212332049261416244690,2.3349654729123994201245296,1.0000000000000000000000000,2.2061417616349010550891308,-0.9764107965130864874581107,2.0579171872927819464393906,0.6427244630228876598465604,0.3438163195707499841802246,0.3161948544686436490813719,-0.6072184270930588434467268
144 -0.5458354518434684887751018,0.9532555765212773479788666,1.2937226871383646908952869,0.3388282885797453403142754,-0.5250148405041614729782395,-0.7977173975728044652555582,-0.6641082977909169571262282,1.0000000000000000000000000,2.4222559777417016491085633,-0.6592487765205876648622052,0.3965742731131348675077675,-0.0055791131022982299106361,0.2376219413670301872087975,-0.0158483394475691027891706,0.9712113058394193920719317
145 -1.6140400096883278369119807,0.3989401961303968846550561,2.2870517212954366570443199,0.6592191352142109384004698,1.2749782330607892788520985,-1.4125577218271407886618363,1.1794265187682713147410141,1.0000000000000000000000000,2.5500635351802238837137793,-1.2196646396578927351583843,0.8164782800232810444640563,0.4832391491736536814904923,-0.2913471441596746647206828,-0.4899178637777203415559768,-0.6645111353999376690993017
146 0.9024469048009189364734084,-1.8168086920323820443456952,-0.0950237963212696712389516,0.0684382485218524155845543,-2.4544395413638278036216889,1.4049058536467593505392415,1.6418069791462306383778014,1.0000000000000000000000000,2.0034117031478042569858644,-1.2043353259644853370247120,1.9141244062419948690489946,0.6856407180612087426396783,-0.3224786265381575089961075,-0.2708812893354892725739091,0.5937385627423524825374557
147 -0.8586771653544501559096602,-1.9964270540463862069202605,-1.0814844615311258735346200,2.1443009775720072163096575,2.7208361554005353610818929,-1.5095383895307614707803623,2.6489688652185581219100641,1.0000000000000000000000000,1.8480725259268258042766320,-1.2160066918647893796645576,1.0883827824272571671571086,0.2223458593425303719826047,0.7618142400696427118944598,-0.1120810694470256718702217,0.5980276267742962170714804
148 0.6708032107684704925532060,-1.6214778839957331157961562,-1.0648441698131096977419929,1.5716095295276535370732063,-1.2901853693151779101100374,-0.9085824144364235133153329,2.7965381802057560634011679,1.0000000000000000000000000,2.2801706427000243415648129,-0.4150344356354347952198225,1.6211522421277018146668070,0.5781221479262933504728039,0.3069969260720014636589781,0.5145429648862257510089080,0.5538691210902929595860655
149 -0.4341104104685156173104588,0.1162382500996992362729543,-1.3343736523943510174916582,-0.0389430976458560243469442,0.9341137274313315863594198,0.7776066799605421131502681,2.6464835337882322008340452,1.0000000000000000000000000,2.7576091543652352378046544,-0.7167244942989945410971586,0.8131381103552102196374562,0.7861755077955722148530526,0.1984829880863427931103615,-0.3442727799725532333852129,0.4732933708866834399131562
150 -1.6181086381478879676620863,0.1040299633271204449158631,-2.8044263557614597104361565,0.4589490683623351219289077,-2.3733804922897281386440227,0.2340865640805771530352786,-1.1432834356354009130996019,1.0000000000000000000000000,2.4771154258169021389335285,-1.7873642096957604863405322,1.3862320320464949219285700,-0.0841422336578965257558593,-0.0823094167549610067347032,-0.3772490910925269114173375,0.9186001694626808600219192
151 -0.6933834559981413292462094,-1.1051362029966600442065783,-0.9565373429932870763536812,1.5810416938546305587465213,1.2652166511324312025976724,-0.7398043091277283211937288,2.9655796308082438272890613,1.0000000000000000000000000,2.2914753430841829917596897,-1.5636458889812534511776221,1.4446147306129690779386010,0.7193534602516293841034667,-0.6040017937050461416248481,0.2985605903865695687215975,-0.1690323412429690363989465
152 -0.6850086657303868786783596,0.0373230814143656886017197,-2.8973030835022171025627813,1.6648793255104119559462106,2.0794409054324223262710802,-1.5179044127480993964240952,0.4028088954527904164137908,1.0000000000000000000000000,2.0125013852250068779881076,-0.7408877558973790966589945,1.6602360134517581968793820,-0.4405631338698864363223606,-0.8812889965420962479214495,0.0548316827841997256332007,0.1619418793841601034166899
153 0.0903642280866647773507339,0.2505985368190328799187228,-1.2667898486927455792283581,2.5094021372010009152120347,2.3887715801856348463161339,1.3206358339715680294546019,-1.2209393380321278410605146,1.0000000000000000000000000,2.1663108948050635582660561,-1.1335452726469994466640401,0.7725839547036398302637394,0.0860168917984664438414200,0.5083971682754158116779308,-0.2465563363477885627794706,0.8205737677196860424544411
154 0.3045553597674501844494444,-0.5418579337498441450549080,-0.9529587099972913755152604,1.1715557706475050459005161,-2.0779248748547050062995822,-1.0199217798679716118215310,-0.9338765694391337746083082,1.0000000000000000000000000,2.4336743998132139843448840,-0.4461548572258119405020693,0.9202149507268178041385909,0.7246803102563024179261220,0.3835748782552331759276854,-0.4863954839882254632676961,0.3018707844065576795244965
155 -1.0312361406070995606398810,0.6944689482112735845475981,2.8258576832339885598344154,2.0230440360908601427070153,-2.5106855341632319245093186,-0.4846392792730196408257370,-1.9054568936743108142906067,1.0000000000000000000000000,2.2212295458280677529216973,-0.9278224163305954785840868,1.6578484417571852649331277,-0.4044644717578589898643315,-0.5806827136584743476177550,-0.4703545270703137215484446,0.5272385299361720401023490
156 0.6745431220819377848840759,-0.1234582235796648497228034,2.9674242011755449510701510,0.7337241721915658265729121,-2.7467663940469577710246085,1.1752342746491151181942314,-0.1272465188802436308890265,1.0000000000000000000000000,1.7237060170208846621164867,0.0524507912200971593286170,1.4448799773130185375435985,0.1335718554693460791149562,-0.0982764376455545485278265,-0.7641721376363039830437174,-0.6233289894543885267808037
157 -1.0163796761846652927374635,-1.3289346589557520239566202,1.2453613400471024164062328,0.1652975847512938023520235,-1.4572513845806249754843975,-0.7387717382868849158583657,1.3469932110356133136974677,1.0000000000000000000000000,1.9749381941313373101110074,-0.7594514060828975177130928,2.1550996639675155108761828,0.1557668987471759192153797,-0.6457528582566977037870970,0.5034543915401994418346021,0.5525137642332315079940486
158 1.1829954777027396062294429,-0.3842739445219156557698170,0.3630102655812925682710102,0.7869530796003307848707209,-0.8245797226315270123109258,-0.6018226613157258153563589,1.6993084805730305220095033,1.0000000000000000000000000,1.1017753533585854519571967,-0.0761691624332321154389192,1.1747923288401780350653780,0.2605855421150923278972300,0.5363023761849403658885649,0.7778509665023088937019224,0.1985462504360675783932066
159 0.9087941994965786918214690,-0.7142531097816549046086720,-1.8857048170189680824648804,0.0305266960917630614247287,-1.3708603190201613664100933,0.4644404830072681455988004,1.4165604290811160126395407,1.0000000000000000000000000,1.7511917355712334209982828,-0.1955483007246910098775317,1.9829452822877826623226838,-0.1825788133458048356771997,-0.7224091323688254240309448,0.0861586789085716092673195,0.6613353659705892839681951
160 -1.5307692450585657084616287,-2.0904162297711779139319788,1.5078244161592362360124753,0.5938159573002791402629441,1.2400973791475866647715520,-0.7623299571619099879171699,1.1049617980187580457140939,1.0000000000000000000000000,1.8690635128352768301596143,-0.5498915757284256189407756,2.0733067989411955167611268,0.7952988995729685095525952,-0.0944212670371457896134615,0.5867386532875299431921690,0.1196656472410038141163113
161 -1.3346219583445970702229033,-0.0303620568976561422402938,2.2163549286304649044154758,1.9386226428321666759302389,-1.3511926780986565077569139,0.5734864244716146863822814,1.9791051436570032961981269,1.0000000000000000000000000,2.2309888160841082616059339,-0.4657223290168253093668227,1.4167702359384355403904010,0.6156798295889497341093488,0.5434461853583156809577304,0.3779258001446128001354907,0.4275213855254352268708828
162 0.1511389565224554587530292,0.6568661170601224341680791,-2.4769467587994205004520154,0.5975547973548782643149480,-1.4962978262506880788862418,1.9510946305382028675978745,0.7736781447998613003846913,1.0000000000000000000000000,2.1163015341116357959094785,-0.2734717713400187100170058,1.1188728415208648581113948,-0.3942312229764014519517445,-0.7833543905337453372439427,-0.4614614728339165861115134,0.1341225666570067254212972
163 -0.0893153085469846619304235,-0.7758788678985453213243773,2.5241778416427118614251413,1.8507789404675265565458631,2.5078581761516902659536754,1.8612013199172476873854976,-0.7968654615999506418688725,1.0000000000000000000000000,1.8294598617518658123515252,-0.7750216603385907676582178,1.8676739967027584654601924,-0.2878747718799635757491728,-0.3798446808171273003651436,-0.2010272034935429719126887,0.8558224236667156814561963
164 0.9373725718496057623951856,-0.2985407646678108761761905,1.1730350265109166230104165,0.1544934467284443946333283,-1.8267798458560275953743712,-1.2748028050432700375438344,-0.3303630161207928850330973,1.0000000000000000000000000,1.3371145310540286654799047,-0.1913788047245194856582629,1.5932952902673549466783243,0.2966612236833572335825693,-0.7142449728278517095958478,0.5409569846985340380030038,0.3304687118845581750292695
165 0.7150336236410637091864828,-0.2624625919170036070227070,0.2279975941018053120501463,2.1636372358471325227924353,1.5478973001264488829065158,1.3242149977388431025815407,1.3136463786031340461590844,1.0000000000000000000000000,1.3571948818279051529600565,-0.6446093830648259581650450,0.8598682027623690826700908,0.0329069796307682738145672,-0.6847601238546967561404699,0.7274197259425521089326594,-0.0296484839317202597541723
166 -0.3071432594593279663541807,0.1446403353743441755341337,1.4345592882046762639447479,1.6952357078368009979385533,-2.6358269906150306738368272,0.3177710600355452275067591,-2.4729013416552456661179349,1.0000000000000000000000000,1.7879504448798315685564830,-0.0769570232727439518249923,0.9554610408173536129083914,0.5372243164041639040817699,0.8185363702400922925050963,0.0244942672278284923059744,0.2019555473924874999802626
167 0.8794321989511928450156120,-0.7142164339046999099736013,-0.7068497592080529301483693,1.6054946460851906575584280,1.5146332457902067503141552,-0.0720743371349061856534490,-1.5977332239256860635379098,1.0000000000000000000000000,2.2030965529135237979119211,-0.1850288572894583372097088,0.9478080693662360722839821,-0.4313675722795911604556807,0.1452424945895076091595399,0.3924658501761965623266804,0.7992465165572761875978358
168 -1.2816731392316835780320616,-1.6909961304999867603982011,0.1033385448805663742177785,2.1735947982890504448505453,-0.1197576851373343131967886,0.2942998088475010654008202,-0.2748320584426782176024062,1.0000000000000000000000000,2.3598796441072487084511522,-1.2037308794334624639787990,1.1242634943862019891724913,-0.1187065411157151723076097,0.4102854403318763054642204,-0.1240733258737782146452489,0.8956440076251626081216273
1612
6 1
8 5
9 4
10 7
10 0
10 6
11 1
11 4
11 9
11 10
12 6
12 1
12 7
12 10
12 8
13 2
13 7
13 10
13 6
14 12
14 6
14 1
14 13
15 10
15 7
15 0
15 13
16 15
16 10
16 0
16 13
16 4
16 9
17 10
17 15
17 13
17 7
17 16
17 2
17 0
17 6
18 4
18 9
18 16
18 2
18 17
18 10
19 11
19 16
19 15
19 17
19 10
19 4
20 9
20 4
20 17
20 2
20 3
20 18
20 13
20 16
20 10
21 19
21 11
21 16
21 15
21 4
21 9
22 17
22 16
22 10
22 15
22 20
22 2
22 13
22 9
22 4
23 22
23 4
23 16
23 9
23 20
23 18
23 17
23 10
23 15
24 8
24 5
24 13
24 10
24 17
25 21
25 19
25 11
25 16
25 15
25 0
25 22
26 2
26 3
26 13
26 17
26 20
26 22
26 10
26 15
26 16
27 22
27 26
27 20
27 17
27 15
27 10
27 16
27 2
27 23
27 0
28 16
28 23
28 22
28 15
28 10
28 17
28 0
28 27
28 20
28 4
29 18
29 23
29 22
29 20
29 2
29 16
29 26
29 17
30 4
30 9
30 18
30 23
30 22
30 20
30 16
30 28
30 27
31 24
31 8
31 5
31 13
31 17
31 26
31 10
32 30
32 23
32 18
32 4
32 9
32 22
32 16
32 20
32 28
32 17
33 31
33 24
33 5
33 8
33 13
33 26
33 17
33 10
34 16
34 28
34 23
34 22
34 30
34 15
34 17
34 10
34 29
34 4
35 29
35 30
35 18
35 4
35 9
35 23
35 22
35 34
35 20
35 16
36 30
36 22
36 23
36 32
36 29
36 35
36 4
36 9
36 34
36 16
36 20
37 6
37 12
37 14
37 1
37 24
37 7
37 13
37 8
38 22
38 17
38 2
38 16
38 13
38 10
38 26
38 15
38 29
39 28
40 0
40 15
40 10
40 17
40 16
40 28
40 22
40 27
41 4
41 30
41 36
41 20
41 23
41 32
41 18
41 35
41 22
42 3
42 26
43 20
43 9
43 26
43 4
43 36
43 27
43 30
43 29
44 26
44 27
44 38
44 43
44 22
44 17
44 20
45 44
45 26
45 38
45 17
45 22
45 10
45 27
46 3
46 26
46 2
46 13
46 20
47 43
47 26
47 20
47 44
47 2
47 45
47 27
47 9
48 41
48 9
48 4
48 20
48 36
48 30
48 29
48 23
48 44
48 22
49 25
49 1
49 19
49 21
49 44
49 6
49 15
49 27
49 45
49 26
49 16
50 24
50 6
50 37
50 31
50 33
50 8
50 12
50 13
50 7
50 10
50 17
50 15
51 6
51 37
51 50
51 8
51 31
51 33
51 24
51 1
51 25
51 49
51 19
51 12
52 28
52 39
52 16
52 22
52 27
52 0
52 34
52 23
52 15
52 40
52 36
52 17
53 52
53 39
53 0
53 28
53 16
53 15
53 34
53 40
53 22
53 23
53 27
53 10
54 19
54 21
54 25
54 11
54 1
54 49
54 6
54 44
54 51
54 36
54 35
55 50
55 24
55 33
55 31
55 6
55 8
55 37
55 17
55 13
55 26
55 10
55 51
56 55
56 8
56 24
56 31
56 33
56 20
56 22
57 19
57 25
57 11
57 21
57 49
57 16
57 34
57 52
57 56
58 32
58 23
58 30
58 18
58 56
58 4
58 41
58 9
58 36
58 29
58 35
58 20
59 51
59 6
59 57
59 37
59 1
59 55
59 50
59 25
59 8
59 49
59 24
60 21
60 25
60 19
60 11
60 54
60 49
60 51
61 44
61 27
61 26
61 22
61 45
61 36
61 47
61 16
61 17
61 38
61 48
61 20
62 19
62 25
62 21
62 11
62 57
62 39
62 34
62 61
62 28
62 16
64 12
64 37
64 7
64 6
64 14
64 50
64 15
64 10
64 49
64 17
64 1
65 1
65 40
65 6
65 64
65 25
65 0
65 12
65 49
65 37
65 15
65 14
65 50
65 10
66 61
67 22
67 16
67 17
67 61
67 10
67 15
67 38
67 36
67 27
67 44
67 28
67 34
67 52
68 57
68 62
68 19
68 49
68 25
68 52
68 67
68 56
68 60
68 53
68 16
68 11
68 61
69 66
69 54
69 24
69 6
70 14
70 12
70 37
70 1
70 6
70 65
70 64
70 50
70 59
70 49
70 66
71 50
71 24
71 8
71 31
71 6
71 33
71 55
71 37
71 65
71 56
71 59
72 17
72 10
72 67
72 15
72 22
72 26
72 38
72 13
72 40
72 61
72 27
72 16
72 44
73 44
73 8
73 56
73 26
73 67
74 26
74 7
74 44
74 45
74 2
74 63
74 13
74 27
74 64
74 15
74 17
74 3
75 1
75 25
75 49
75 61
75 54
75 19
75 6
75 21
75 73
75 44
75 60
76 62
76 21
76 57
76 19
76 25
76 11
76 68
76 49
76 52
76 39
77 72
77 17
77 10
77 15
77 27
77 0
77 40
77 67
77 22
77 26
77 7
77 44
77 13
78 4
78 9
78 41
78 36
78 48
78 30
78 20
78 44
78 29
78 23
78 35
79 53
79 22
79 27
79 52
79 77
79 23
79 16
79 0
79 15
79 67
79 17
79 10
79 28
80 70
80 64
80 12
80 14
80 37
80 74
80 6
80 49
80 1
80 50
80 75
81 30
81 23
81 32
81 36
81 41
81 4
81 35
81 48
81 34
81 18
81 9
81 22
82 59
82 51
82 57
82 71
82 6
82 69
82 8
82 75
82 1
82 25
82 19
84 49
84 25
84 65
84 61
84 62
84 74
84 63
84 75
85 23
85 81
85 56
85 41
85 67
85 32
85 48
85 36
85 30
85 58
85 22
85 20
86 25
86 49
86 59
86 60
86 75
86 82
86 57
87 62
87 11
87 19
87 21
87 34
87 25
87 76
87 57
87 16
87 28
87 61
88 58
88 23
88 85
88 22
88 79
88 32
88 36
88 30
88 67
88 20
88 81
88 41
88 52
89 74
89 3
89 26
89 42
89 13
89 2
89 46
89 45
89 37
89 80
89 7
89 50
90 50
90 6
90 71
90 37
90 24
90 70
90 65
90 59
90 12
90 82
90 64
90 55
90 14
90 8
91 13
91 7
91 2
91 45
91 3
91 44
91 55
91 46
91 17
92 15
92 84
92 0
92 27
92 16
92 40
92 7
92 17
92 67
92 10
92 49
92 52
92 61
92 53
93 54
93 75
93 69
93 82
93 1
93 60
93 19
93 25
93 21
93 8
93 59
93 86
93 6
94 59
94 93
94 86
94 82
94 1
94 6
94 75
94 51
94 69
94 70
94 37
94 90
94 66
95 81
96 0
96 53
96 15
96 40
96 39
96 79
96 92
96 16
96 10
96 52
96 17
96 28
96 22
97 74
97 44
97 26
97 63
97 45
97 92
97 49
97 61
97 2
97 84
97 89
97 27
97 80
97 7
98 84
98 25
98 49
98 21
98 75
98 62
98 61
98 65
98 19
98 92
98 97
99 85
99 57
99 87
99 81
99 23
99 34
99 68
99 32
99 16
99 67
99 62
99 36
99 88
99 28
100 70
100 90
100 64
100 65
100 80
100 12
100 14
100 6
100 50
100 37
100 97
101 48
101 41
101 4
101 9
101 43
101 30
101 36
101 81
101 20
101 47
101 29
101 23
101 18
101 35
102 83
102 76
102 86
102 62
102 21
102 19
102 57
102 11
102 68
102 25
102 87
102 60
102 49
102 99
103 2
103 13
103 3
103 45
103 26
103 89
103 46
103 44
103 42
103 7
103 97
103 17
103 74
103 10
104 103
104 89
104 74
104 26
104 2
104 44
104 45
104 3
104 7
104 13
104 42
104 46
104 17
105 50
105 71
105 6
105 37
105 7
105 24
105 13
105 64
105 10
105 90
105 72
105 17
105 31
105 15
106 67
106 61
106 72
106 63
106 22
106 85
106 52
106 77
106 56
106 8
107 81
107 99
107 85
107 30
107 32
107 36
107 18
107 95
107 23
107 41
107 101
107 35
108 5
108 56
108 33
108 31
108 24
108 8
109 7
109 13
109 10
109 17
109 103
109 15
109 77
109 45
109 26
109 2
109 72
109 40
109 104
109 105
110 108
110 56
110 69
111 82
111 6
111 71
111 37
111 8
111 90
111 59
111 94
111 93
111 1
111 69
111 75
111 50
112 80
112 103
112 104
112 89
112 74
112 37
112 12
112 64
112 97
112 14
113 84
113 98
113 92
113 39
113 40
113 16
113 25
113 62
113 15
113 0
113 87
113 49
113 96
114 52
114 106
114 61
114 63
114 27
114 0
114 67
114 92
114 39
114 96
114 77
114 79
114 15
114 22
115 44
115 63
115 27
115 26
115 92
115 96
115 38
116 52
116 114
116 68
116 106
116 62
116 85
116 99
116 76
116 57
116 67
116 25
116 61
116 88
116 28
117 69
117 106
117 8
117 73
117 85
117 56
117 57
117 82
117 116
117 110
117 99
118 71
118 6
118 50
118 111
118 90
118 31
118 37
118 24
118 82
118 55
118 33
118 59
118 8
118 105
119 106
119 118
119 64
119 86
119 57
120 27
120 22
120 78
120 20
120 44
120 36
120 67
120 38
120 61
120 26
120 48
120 9
120 43
120 45
121 110
121 108
121 118
121 24
121 8
121 6
122 17
122 22
122 27
122 10
122 15
122 38
122 16
122 67
122 26
122 45
122 96
122 109
122 77
122 13
123 104
123 103
123 89
123 97
123 26
123 65
123 105
123 72
123 44
123 109
123 45
123 2
123 17
123 1
124 115
124 45
124 122
124 16
124 96
124 38
124 34
124 92
124 44
124 22
124 27
124 15
124 17
125 83
125 102
125 86
125 119
126 49
126 25
126 116
126 114
126 60
126 61
126 76
126 117
126 62
126 106
126 98
126 19
126 75
126 68
126 21
127 123
127 89
127 65
127 1
127 70
127 37
127 6
127 12
127 75
127 103
127 97
127 105
127 14
127 111
129 71
129 24
129 50
129 55
129 8
129 118
129 105
129 73
129 31
129 106
129 33
129 69
129 72
129 90
129 6
130 76
130 57
130 99
130 19
130 62
130 107
130 11
130 87
130 126
130 68
130 21
130 25
131 8
131 129
131 69
131 31
131 73
131 33
131 110
131 71
131 118
131 24
131 117
131 5
131 111
131 56
132 13
132 91
132 79
132 26
132 7
132 17
132 77
132 55
132 10
132 109
133 73
133 131
133 43
133 5
133 47
133 9
133 46
133 20
133 121
133 56
133 29
133 4
134 31
134 33
134 131
134 8
134 118
134 73
134 71
134 5
134 24
134 110
134 129
134 133
134 121
134 55
134 50
135 118
135 69
135 66
135 24
135 111
135 90
135 71
135 134
135 131
135 94
135 82
135 119
136 30
136 32
136 41
136 81
136 18
136 23
136 4
136 48
136 36
136 29
136 9
136 85
136 35
136 107
136 101
137 61
137 66
137 69
138 114
138 79
138 52
138 53
138 92
138 96
138 106
138 67
138 0
138 16
138 15
138 22
138 27
138 77
138 119
139 73
139 134
139 118
139 133
139 63
139 131
139 119
139 135
139 78
139 55
139 121
139 110
139 44
139 75
139 6
140 3
140 26
140 2
140 46
140 103
140 13
140 42
140 45
140 44
140 47
140 89
140 73
140 123
140 38
140 109
141 78
141 56
141 139
142 100
142 70
142 90
142 14
142 12
143 77
143 26
143 27
143 74
143 109
143 140
143 132
143 44
143 17
143 13
143 97
143 103
143 45
143 20
144 119
144 68
144 138
145 79
145 53
145 138
145 96
145 23
145 52
145 16
145 22
145 88
145 144
145 28
145 114
145 15
145 0
146 49
146 75
146 1
146 98
146 84
146 127
146 123
146 64
146 65
146 92
146 25
146 12
146 97
146 113
146 86
147 143
147 77
147 109
147 132
147 72
147 0
147 26
147 17
147 10
147 27
147 13
147 74
147 7
147 40
148 65
148 100
148 64
148 40
148 123
148 0
148 7
148 127
148 105
148 15
148 104
148 109
148 12
148 146
149 112
149 74
149 13
149 132
149 109
149 64
149 103
149 80
149 97
149 140
149 91
149 104
150 59
150 51
150 94
150 118
150 82
150 90
150 86
150 6
150 111
150 135
150 37
150 119
150 139
150 55
150 71
151 147
151 143
151 77
151 109
151 7
151 74
151 0
151 149
151 40
151 15
151 148
151 10
151 132
151 17
151 13
152 55
152 24
152 129
152 50
152 33
152 132
152 71
152 31
152 108
152 151
152 105
152 134
152 56
152 73
153 110
153 121
153 133
153 108
153 5
153 139
154 82
154 111
154 118
154 59
154 71
154 90
154 6
154 65
155 76
155 62
155 130
155 11
155 87
155 102
155 57
155 19
155 21
155 60
155 25
155 68
155 116
155 99
156 87
156 21
156 62
156 19
156 102
156 25
156 11
156 113
156 98
156 155
156 76
156 49
157 138
157 92
157 49
157 114
157 119
157 84
157 68
157 0
157 15
157 64
157 53
157 113
157 96
157 144
157 16
158 15
158 7
158 10
158 40
158 17
158 0
158 148
158 64
158 92
158 16
158 105
158 67
159 37
159 12
159 6
159 64
159 105
159 127
159 14
159 146
159 112
159 123
159 80
159 158
159 148
159 50
160 138
160 79
160 27
160 77
160 114
160 120
160 145
160 22
160 143
160 67
160 92
160 88
160 157
160 17
160 52
161 84
161 92
161 114
161 96
161 53
161 39
161 157
161 52
161 138
161 98
161 0
161 115
161 113
161 49
162 80
162 37
162 6
162 159
162 12
162 70
162 94
162 14
162 112
162 127
162 118
162 64
162 1
162 150
162 90
163 9
163 4
163 48
163 101
163 120
163 20
163 43
163 41
163 78
163 30
163 36
163 18
163 35
163 29
163 27
164 57
164 158
164 19
164 157
164 16
164 87
164 99
164 68
164 62
164 39
164 67
164 113
165 47
165 27
165 61
165 43
166 76
166 19
166 11
166 21
166 62
166 155
166 25
166 87
166 126
166 102
167 73
167 8
167 131
167 134
167 133
167 129
167 106
167 139
167 56
167 31
168 114
168 106
168 126
168 63
168 61
168 49
168 73
168 117
168 138
168 69
168 97
168 116
168 44
168 139
168 137
