241
0 1.1603659533859416175261003,-0.7314010043363179391917583,-0.4238299036477656822619053,1.9630353155236013318329924,1.9084596823418551458928505,1.7475388876528192838577525,0.4443554606472006618389514,0.0000000000000000000000000
1 0.8077259272985657378995938,-0.5481810294359886759352207,0.0467435495285020707889601,1.6920007355820059213868944,-1.5344999664254417304221079,-1.4953979064316480496188433,-2.7247482912669322985266263,0.0000000000000000000000000
2 0.9548240447816778164735751,0.8043766011235259361100702,1.4456311688068277376828519,1.5966411759576157880502478,2.3559520032241190179433943,2.0626415564560525162107751,-1.5113726275358905226653405,0.0000000000000000000000000
3 1.5390842636564652234909545,0.8800010776771981513277865,2.4341257041362571733600362,1.3085525221135723139553875,1.8505364358472031760527443,2.0558169829653647475709022,-1.8932151765680274024816754,0.0000000000000000000000000
4 0.1685869884052182132716524,-0.2267713706013268770700364,0.8428200270588562803553145,1.7297948287545354961736166,1.0351239738555477742920630,0.8599634441863575062825475,0.4842740421318149635077077,0.0000000000000000000000000
5 1.2153806643834514922275503,-0.2403720665482563245696213,-0.5338093341829656113262104,1.5457770730236168876814418,2.0418992476540092084746902,1.9263342348906835610478083,0.4640153738896597435115154,0.0000000000000000000000000
6 -1.2316970920252536814132327,0.6700041399957882282123478,1.3822209422720748150936743,2.2264330738991571223550636,2.2193855197946970037037318,-0.8031282553263606738269687,-1.2058146057681979890219282,0.0000000000000000000000000
7 -0.2730936369341255276488312,-0.5834345494249009167475606,0.3555665201127381491730262,2.0410861473625159234757120,-2.0579319915474747482164730,-1.3602492819443572358295569,-2.8951305224246088876327576,0.0000000000000000000000000
8 -0.1640764634575203051447545,0.0100454964081007954573854,0.7780833084621860962215578,1.0089371315353843350237639,0.2467910035616684705228607,1.8465931406312585671969373,0.8765866918642306604425585,0.0000000000000000000000000
9 -1.2806449855703267992623751,1.0023732383303178838929171,1.4720363950903680994031220,2.2108398722731865682078478,1.9200629371453399318880884,-1.0674854778998930093791842,-1.0274140874699746461828909,0.0000000000000000000000000
10 -0.8352873554772636266463337,0.9984273158595157182659818,0.4201232071065915674168423,2.4456257197175745865536101,-1.3248328632574475349770182,-1.5070466198823628811709341,1.2253265516675777568877947,0.0000000000000000000000000
11 -0.6506126021286420257894179,0.9845598827245598538837612,0.4044323535877847319852663,2.2436370215197958266628575,1.7588338994540058113358327,1.7359059309176663177254341,-1.7065658671958456871209364,0.0000000000000000000000000
12 1.4182293590610894895576166,0.0281716228621119620101343,-1.1137551181095832752987462,1.3346331933767237032384401,1.8095625281994789368411602,-0.4882178743317806546286874,2.8484688808348677113713165,0.0000000000000000000000000
13 1.2058148718618113548473048,-0.0300237689509960693767798,-0.7292972453311344915860559,1.0803318247858579859155270,1.7177563311679251434327398,-0.8354201205509342864630185,2.6493031092032910400746459,0.0000000000000000000000000
14 1.0203504084034633603295106,-0.3466059236168032020586338,-0.3322451516687847106190645,0.9519336271728713327888727,1.6451974249600551658545555,-1.1601193314164501835250576,2.1938032869786483480822881,0.0000000000000000000000000
15 -0.1368753766244812652974616,-0.2939818940682340508985249,0.4205205844378645529957339,1.1609920712668162501302049,1.6300509024726446138942038,1.0176432961147479083763301,0.6147066663359064264682274,0.0000000000000000000000000
16 1.4166892104624833059745015,0.2973214285555129676730246,-1.2386767591996983295388191,1.1498771504450662206409106,2.2987797871934070315091958,-0.5028556973777971172978596,2.6187258012956848851615632,0.0000000000000000000000000
17 0.7018537715910634355864772,-0.2238963844518552515072685,0.7172289867739978230787301,0.8794440306975034316039341,-0.8964271076399545901125521,-0.4403596198811940976014512,-3.0581737552210546127184898,0.0000000000000000000000000
18 1.4052012589500380013163294,0.5580325065513030979857945,-2.2332510304122705768747892,0.8594405107641575058963213,0.7607804037465247803950774,-0.5820532409949478180877236,-1.4960462157436358321405123,0.0000000000000000000000000
19 1.1726001469685882749871553,-0.4209518485062099246718503,-0.1552969063317569398119389,1.0848748688126792494301753,1.6801574321942815970487572,-1.5063093801533375959422756,2.2289847536220137591556067,0.0000000000000000000000000
20 1.5467702312715483348171119,-0.3198333461706516223088670,-0.6521229233285426030164444,1.5843104117230761840318110,-1.4944201360648790011254050,0.9594810956532049406320084,-0.3571162475914685385802727,0.0000000000000000000000000
21 -0.5354767996923547324072956,0.3781221594465336566237568,1.0580393314659999326465822,1.8531765100458301720465215,2.2329626855164130816433499,0.7911538526882203603562971,-1.0850935958696410477131167,0.0000000000000000000000000
22 1.1367657853324759642532626,-0.3010684967365276354378523,-0.0424819965694317527860058,1.0644632553741570912819725,-1.5639775114284024670752160,1.5422107904698747482541421,-0.8044765114316068110866809,0.0000000000000000000000000
23 -0.1781762077560740398229910,0.6605871842798124449203101,1.2557307576414757921412502,1.7467091823243769965756655,2.4014944355263252440124688,1.4624647664881607056486246,-1.4425638022770894686175325,0.0000000000000000000000000
24 1.5137402121402021570872876,-1.1913882166181817279237976,-1.2109942522909302731193293,1.8248481459694467776699867,2.2094635091981831287455407,0.9930185128287498663723909,1.1089811618844984675291698,0.0000000000000000000000000
25 0.0693950303742701252174285,-0.7385793387078211091889557,0.8291430939297891322681267,0.7243006072341865442254516,-2.2251914990964185570021527,-1.2461260294087819211483747,-1.3983027098643088237395204,0.0000000000000000000000000
26 1.3833531120860182994647403,-1.5712742149426124349531619,-0.7119126799993205079175596,1.8437959170924052010320793,2.4292006757937012473291816,0.3621027496056178907046785,0.6658397867339864717450837,0.0000000000000000000000000
27 0.0104294825911378456068102,0.2427830696759921691452178,2.0176401460845325708248765,2.0208084599224100941228244,-2.9985438192659090717029358,1.2369025513124198845105184,-2.1169787084794866593995266,0.0000000000000000000000000
28 0.5377341410973016655461265,-0.8417008449725976726440990,-0.2972869066402025750583960,1.1444585961745650237730842,1.7778196252971110169482927,1.5335641638373784800819521,1.2815319150147026494579450,0.0000000000000000000000000
29 -0.2111150626328343604676263,-0.7002004472609032470487023,1.1979821585399297312335420,1.2189450017106484569495706,-2.3354169307859451443221133,-0.8234637311019300520698039,-1.6343441127031732573726686,0.0000000000000000000000000
30 1.0442555254129497477322275,0.6120272357047261690965456,2.5936232875998079805412999,1.9018278797292436088639533,2.3371410348150041258463716,1.6599863458676193950225297,-2.6012697334242913527191376,0.0000000000000000000000000
31 0.3363845515607869485208425,-0.0404066134150178543626986,2.1436483016264995526967141,1.9631446964406034094707820,0.2951412371733248551919360,-1.5344597699849207295130782,1.0499423063416202239750419,0.0000000000000000000000000
32 0.8554970709479872148506274,-1.3545030229697816448464209,-0.3359094159253594447100966,1.6475516129562381983930663,1.7276659576477020330287360,1.2659825318176216590870808,1.2639801626455229310863615,0.0000000000000000000000000
33 1.0573938252570944662522834,0.8654723502243286681334666,2.6506793207297323355930985,2.0462796599805233022095763,2.2951119178197996184565000,1.5038048137136752480103041,-2.6138926436481328963168380,0.0000000000000000000000000
34 0.6811772292716424814784659,0.3241835513844756322399121,1.9837051426731324710317494,1.8492302618785301238091279,2.7021230810301410940610367,1.9360305152721846155827734,-2.0930936934566508611510471,0.0000000000000000000000000
35 0.2227095298668635425798357,-0.7040202241767222757218292,0.7073644626771738996851013,0.9319862116395231099730267,1.0486811251039185322042613,1.4376253435242105638280918,1.4824240032416744483612092,0.0000000000000000000000000
36 1.1441070423712362824630873,-0.5908793122492951299662423,-0.4741834791802531090532113,0.9127754006301042055682160,1.8806383408661244693860226,1.8604097027924888507754986,1.3046437042547078810628136,0.0000000000000000000000000
37 1.5526453406028695169993625,0.8386015839817169137404562,2.9196118617373327808195427,2.1304777460192632076996233,2.4683442522277840858180298,1.4296373902082617490805205,-2.8606458012654893963144787,0.0000000000000000000000000
38 0.5370485971584342266282874,0.5004016012113988720599878,2.5573080685122193678182612,1.5073977781854466240218926,-1.3592187192647167126580143,1.1095214258278358609999259,2.4700424964583884701596617,0.0000000000000000000000000
39 1.1981116685388841780479652,-0.9800056475382203924340274,0.6799514695942177056053879,2.0862483605163966160489508,0.7359176420627486781000925,-1.3980356207685706859678021,2.4810756124933441846280857,0.0000000000000000000000000
40 1.3568468235752562112139685,-0.8448195794541670800015254,0.6974042675904978949574797,1.8555903219022724659481582,-2.1584004628733453046152135,1.6351203456824268123170896,-0.8097987810982674172777251,0.0000000000000000000000000
41 0.3998285271616451863607722,-0.8878432598937833208907477,0.7861204485532795604996181,1.6772587557879619080125622,1.4534124274141606569799023,0.9524483721710036432384072,0.8707385030366826539349745,0.0000000000000000000000000
42 0.4321072889777762826568619,-0.2503947272693560210932162,2.0460262504555459805999362,1.0308092990170805158811618,-0.9224152845216264662298045,0.6536751730379066760434625,2.5666162079288232789053836,0.0000000000000000000000000
43 0.7186502261932675716948893,-1.2884097043296638407383625,0.5879750947909047065209620,1.2066645583967297028493704,1.0520456490518172998349655,0.3545472743032253570838463,1.9378813760600555049506966,0.0000000000000000000000000
44 1.4278286822763108787626152,-1.0178318517575988266798959,-0.8405636116184734829559488,0.9029355846405897612072522,1.8451875094675611599370768,1.1024796689001279403896660,1.8476707968175678509226145,0.0000000000000000000000000
45 0.5368321505235640334063874,-0.5709619613597785026115616,1.6253401396704201253839983,1.5359347130163896189003481,0.6132396875134777936011687,-0.9502119835727904639810504,1.4770925996446311323495593,0.0000000000000000000000000
46 0.8313189695583581562132736,-0.7733178928309888400249861,1.2977895329208088970318613,1.3672164807859799040556936,0.7829608724859618007485551,-1.1905275812985036676394657,1.6103826587374996393009496,0.0000000000000000000000000
47 0.7572787631841986222269725,0.1795896283612601895818273,2.6460043417712793001328464,1.3564244234246425335754793,0.9280346658502466317131052,-0.9459713878081978943868080,-0.0217380477073116605557512,0.0000000000000000000000000
48 0.7912477278121983204073331,0.6667889044356625216636303,2.8641683483008231192457060,2.1864462163147782014505083,0.8505768943437936879803374,-1.3692703443524751882875989,0.0764598746594187528291542,0.0000000000000000000000000
49 0.7599855878687133969862089,-0.8135983337308163587664467,0.2583983802820437603031678,0.6878609741751824380173730,1.4092051042205560040798673,1.8011430985141272387295430,1.7086290810168833775861685,0.0000000000000000000000000
50 0.0375093122964142711150970,-0.3152180009443162900240054,1.5810770614917855070302721,1.5366820212416398838684017,0.2753742346974008547988433,0.8008995060272980914817254,1.6049653250790592018404368,0.0000000000000000000000000
51 0.8521675505489435531458753,0.9034534143442927156542055,2.9650216559554518624963748,2.2334325064192941390217584,0.9171393460820450593828923,-1.3403443549132645351562587,-0.1419125341657589134403139,0.0000000000000000000000000
52 0.5768819534930212933332427,-0.6259736677465648213569693,0.7770956023159353298623842,0.7175375668256069872086300,0.9580820083074654824883964,1.7193241756280528420575138,1.6288514276659984414408200,0.0000000000000000000000000
53 1.1310068406847579858265362,-0.0444376226081079628293935,2.1604627448518316512604542,0.7736890718214395334939582,-0.1441263049069220758546805,-1.0308588359643979792679147,1.0496417155688946287739327,0.0000000000000000000000000
54 1.1011669250041005163609498,-0.7789420373295631305765596,-0.0952115723142940434398085,0.9543297797158073469958595,1.8157058949554845117546620,0.7545027406577033968204660,1.3102505562378738979134596,0.0000000000000000000000000
55 0.9999381931450718186127347,0.4257287780204743188328109,2.3393088791682812299654870,1.2463061727583901738825034,2.7889703427192267248813096,0.9480585720488144962914134,-2.1967299370574577821457751,0.0000000000000000000000000
56 0.6476523172566580610620690,-0.2955358436794019993953953,1.7483133210691979009254737,1.1273233432720415336802944,-2.4464938541146921124891378,0.5472527555759311157501656,-2.1507393135979921972023021,0.0000000000000000000000000
57 0.6174281173451061643930871,-0.4444806161923312015638032,1.3733512602650559397687857,1.1927264322143804609055451,0.4716819930885230993666823,-0.4043652984543543160711465,1.5679856931377540441019391,0.0000000000000000000000000
58 1.3677836483370058306974215,-0.7123289054065017333883247,0.2510912100520349965471212,1.0610586101283467908018565,1.0217982500399933609713798,-0.7962924764227553575679508,2.0298103227554062932824763,0.0000000000000000000000000
59 1.0879794434546363746108000,-0.7661395353299651489464850,0.3452765159010874884693010,0.8805605547817183520464823,0.2473677496764697392173105,-0.0926352404251857969308404,2.6326705282234992289147613,0.0000000000000000000000000
60 0.6993796584441402952592171,-0.3000566073082700513374732,1.2785606041128829701847280,0.8586068084785645204703997,2.1693712770233770648076188,0.0123010179513604114842629,-0.1989072398323940560338485,0.0000000000000000000000000
61 1.3443489687112710750938049,-0.7124191333216602917133287,-0.2600997084389177205210331,1.0122840375523738387641970,2.5645582817805099296037952,0.3797808156333775109203543,0.7275149595107279765215935,0.0000000000000000000000000
62 0.9134417648934993749776368,0.1518267602870228827338650,2.5390261374566218677273355,0.8608038500349198818284435,0.6902012374902197766601830,-0.5476440981964787457769717,0.0049629019393154470696228,0.0000000000000000000000000
63 0.6894357748896621229661719,-0.4389335869242443899373995,1.2206101880805346748815055,0.9610262413562449257398157,0.4982566423663576937741482,-0.1764050281049707458169706,1.6117544434351631643664859,0.0000000000000000000000000
64 1.1863884883007045356606568,-0.7833465824228903473525065,-0.0713414204478680508136890,1.0120634967643944435167214,2.1713356027051879948430724,0.4126127669048556545483564,0.9655112673512563636890604,0.0000000000000000000000000
65 0.8787605969582694687147750,-0.6625552511548369327698538,0.7992832866351716747388423,0.9133287493968742509764525,0.4802680769295803453466931,-0.1236821793605025060491798,2.0466449330959601837776063,0.0000000000000000000000000
66 1.0060595300422419118291373,-0.6496035302170339864602511,0.2713535320942128681309669,0.9072785155948280833015929,1.8884727387030131318113035,0.4269686907190684554969096,0.9723934310590155449816052,0.0000000000000000000000000
67 0.8876701848064540989469151,-0.5280437001960394116650832,1.0904952021512761550781079,0.8919991798115424197490597,0.7050965722644054745060771,-0.4582522115429177311796138,1.5459821125025370314176598,0.0000000000000000000000000
68 0.8956535010814701269765692,-0.6205496238408388931517834,0.5645765717163447883208960,0.9636218798615235892057740,2.0613653479801503642931948,0.2811369284821380598593521,0.5810778259564148839899644,0.0000000000000000000000000
69 1.0690003386847288791017263,-0.9548587051048254004115279,0.3991490467400238273398827,1.0569948458293503268379254,1.0885307385292919413188883,-0.2516291071861652128838216,1.8175483936225744763248713,0.0000000000000000000000000
70 0.6981016958185721765772769,0.1825672907198820360541447,2.2572232433727972278347806,1.0951981759629341173223338,0.7580187714127423204146794,-0.5095745237858848586398608,0.2317972105109879776829729,0.0000000000000000000000000
71 0.8002375941732334796441251,-0.8594619460565300350651796,0.6810068640703945685999088,1.0002902641871707078990994,1.3547265680172917434731517,0.0770154511695800292336855,1.3464651041645430140647477,0.0000000000000000000000000
72 0.5131085305097509152716384,-0.3770225067413535691152049,0.8481725652114172619988608,1.6077958331677668635251166,2.4934024662298899244206041,0.7307235288991237309730309,-0.3708000008165676653071330,0.0000000000000000000000000
73 0.4328423038435692538072885,0.0902746030805533228313919,1.3338884460352522509651862,1.5935596601157082652377994,-0.3274848622405843179272722,-0.8114284167035615835672502,1.8805900924228575732399804,0.0000000000000000000000000
74 0.6958282064532054222993906,0.8952814777380706523501885,1.9497286219176004351538722,1.4637886090736831334879753,2.3032966012539302091965965,0.9267681332434379859464002,-1.7664058227561199032606964,0.0000000000000000000000000
75 0.4868418095121193056584730,0.1390409167029202641696628,1.1865208365780124388777494,1.5548961638111788996496898,2.6819888290669879893357574,0.9157308463187568969843255,-1.0955444343496965053930126,0.0000000000000000000000000
76 0.7569998247112557088200901,-0.0878929548475487765202274,0.7292647485643468652227739,1.4587305048902399207122471,2.8303697934305036554292201,1.1079421288608304330125520,-0.6344167993041787134700371,0.0000000000000000000000000
77 0.6637951823914763904710412,-0.1547492536211308444826784,0.5709214484493205787885017,1.2542532583841690119186296,-1.0682548351478187154128818,-0.8362786868332321432717436,-3.0587255722896466991755915,0.0000000000000000000000000
78 -0.1590955936061691222693781,-0.7160508513318283307924617,0.5436607832642100790465634,2.1187911758218449520541071,1.1989645488526674554918827,1.2531819935292847212338074,0.3460628363965482789943451,0.0000000000000000000000000
79 -0.4918670768877350663039749,-0.2433879083525486708428076,0.7739008753683344066232053,2.2353181041582343979712277,1.2000101975514791963206562,0.7612115488593521606119907,0.0093835596989483432972534,0.0000000000000000000000000
80 0.6801963841100080454538102,-0.5318578148034547314892961,-0.3816172701147536039378849,2.4271259333481318698488849,1.8812223351614809629950287,1.9701159782275161624909288,-0.1768224262215572217815662,0.0000000000000000000000000
81 -0.0238315695170760698251566,-0.3547629428728212297450284,0.3398688526779042873293690,1.8922850671426298951871559,1.1590635049156436942041637,1.2860932448301896080522511,0.1599652306782989308331366,0.0000000000000000000000000
82 0.0197661263172919272890216,-0.3477512005748167878138588,0.2332871792184365300482085,2.2021854502137960807317540,1.5728668259132705387060014,1.3372522217985947090568288,-0.2832428655876255141343734,0.0000000000000000000000000
83 1.2127818932560425757571920,-0.4719208558616858617540402,0.4422699900966113872868846,1.3335506957586913401314632,-2.1137342474928733082606414,1.5925005659156012960409043,-0.8365667541051835520704572,0.0000000000000000000000000
84 1.4765913392544893767421854,0.6443063654783267590886453,3.0498737321120228394022433,0.7012671980524735060313901,1.6285238222523386042439597,1.5691770954389010483964739,-1.6290904792988101235096110,0.0000000000000000000000000
85 0.1583464447833269617138541,0.2277817285078901354822278,1.1850344052733623456674650,1.8543606248346453657660504,2.6555260804754450276732314,1.1373242760991324473707209,-1.2598031366650970230836037,0.0000000000000000000000000
86 0.3370783373539908978067103,-0.3693659965844250936406468,0.4913967370976327075915435,1.3976482870243882583594086,-1.5294455344624842130230036,-1.0110174518609502669619360,-2.6569484978204629399556325,0.0000000000000000000000000
87 -0.1206449214105473760616505,0.5274079117663678095695445,1.2811358083843709110283271,1.5613014995195411138695363,1.6406237784476995766880236,0.3059451836029744575817801,-0.6074066872189334276299633,0.0000000000000000000000000
88 0.7760214518865599098162988,1.0457924708379762179788486,2.0781464344509741337674313,1.3152856604866398626541013,2.0148398101005788873862912,1.3703846062367708302787150,-1.5954768574717230755766195,0.0000000000000000000000000
89 -0.2232067502518202684047566,0.4836554559432112987416019,1.3726683150718974602000344,2.1239963228529661343202406,1.7548189917701768614222146,-0.1384919402080085071293780,-0.7040774313134107176281873,0.0000000000000000000000000
90 0.0356723244125054100850392,-0.1847011049089714307402943,1.0984485325612758366276012,1.7613793025238986267311248,0.6786316727340587773298353,0.7635929086355459638468801,0.8269894396315405904474005,0.0000000000000000000000000
91 -0.2078272221370874028867348,0.8421055919183266791350206,1.0104356603470650011189491,2.2855579214857746350730849,2.4372327663696107258317625,0.7526530505861867004213650,-1.9201798726345167267481884,0.0000000000000000000000000
92 0.6727784186017354839393079,-0.5829081921344322347877664,0.2166976850959597966639336,1.8886946403103599401163137,-1.5074806830546862990161117,-1.3531413250231845157856014,-2.8922100119304610110759768,0.0000000000000000000000000
93 0.1966764639324930508124112,-0.1188150233576868719520547,0.7093014715183795226849384,1.7985809531594438848145501,1.2504727321456043931391378,0.8661692574831515445410446,0.1415998163014489941158303,0.0000000000000000000000000
94 1.0981398122626704338955506,0.9911656127869293841925469,1.7056685897214034497437751,1.4932202222699382243575883,2.1262945258640497669944125,2.0522757959087725154745385,-1.5974302474975208276930516,0.0000000000000000000000000
95 0.5781331188374382312744615,-0.1817366555144056539106145,0.6282190765323993897339960,0.7230360604363527121662969,0.7065897799476160701104277,1.9421737504104028548823635,1.1326160259609789893175957,0.0000000000000000000000000
96 -0.1556398880545200591463129,0.1032912638200488564255153,1.1244866380267466432485435,2.4545252879869314810434844,-0.6207759251678813816610614,-0.7517897726059378227247976,1.8357995584358552942916276,0.0000000000000000000000000
97 -0.2543069144659269587016581,0.3252925064273858857255561,0.9525444637771892653077543,2.3417969532618894135111987,2.2302112395937814248725317,0.6100590862002964742671907,-1.2906983847161015432902786,0.0000000000000000000000000
98 0.3811076081644320101560197,-0.4970217579386931872065247,0.3947131101785819606853067,1.7692469988097261346382538,1.2538813492098219715131791,1.3075660574294460936073392,0.4005676150489720366287827,0.0000000000000000000000000
99 0.6195222334813409448273092,0.0835391308175906927013799,0.5123978356537454148522670,0.5428543313478267906546648,0.7231543317711358609400918,1.9122048676769269892616876,0.9793808752957242624859191,0.0000000000000000000000000
100 0.5942539118100730322069580,0.1048174500026043814981946,0.6012309362856218530879460,0.5358335510125484812959940,0.6337003503305369545017811,1.9022266812781924993913663,0.9963954011479181360755319,0.0000000000000000000000000
101 0.9656939072668855317260750,0.8590729435021280391282517,2.3488506773365420698951311,1.3296155060695737937237482,-0.7368451467375652930158481,-0.6933230230334788135593271,1.1328638329327835876370045,0.0000000000000000000000000
102 0.7462050876915291564017707,0.8848074787122416351436982,2.1513648993890539529161288,1.2728933538469557884553751,-0.7305045666023471939709566,-0.3672025346044462956740517,1.2573202963744711802007714,0.0000000000000000000000000
103 0.8510279597567319553874654,-0.0398904155958256165237508,0.7247747438671733322124169,1.1281903516562215017415838,-0.5831649434620050920230483,-0.7808220574724591411808206,2.7608548477646941421426163,0.0000000000000000000000000
104 0.9117766015629338305359397,0.4105211788165690767193894,1.7192859010062477853608698,1.1966159357417140984836124,2.6913360048149428394026472,1.1348574150748815814182535,-1.5614984528956281639722192,0.0000000000000000000000000
105 0.7744652473993430819021455,0.7538530275982491257735774,2.3630307171517550557382492,1.1181989021913636417338012,0.1164428650602161580129845,-0.1860561673534363857918095,0.4070662803702436161046307,0.0000000000000000000000000
106 1.1096168271485080669691570,0.8597356185024932484495253,2.5947317373302491994024876,0.9914399136596276917998694,1.9983215832237615217081839,0.5239176845518488390140988,-1.6820898708294291790110719,0.0000000000000000000000000
107 1.4674620430431426498785186,-0.0403413476236096843474677,-0.4818288086877346443337444,0.8507949032362187580247337,0.1795624549157029681278885,-0.7494191008254045271996802,-2.8045353476386716273793809,0.0000000000000000000000000
108 0.7486532146451027047717730,-0.1860586672995320212109505,0.9496977353528633924995006,1.1302918735213347556367580,-0.3176735261602919302426074,-0.6007787928766473717345775,2.4429041331152809846116725,0.0000000000000000000000000
109 1.2847671202325738892824347,0.8069466136255404320465345,-2.7468132409667225246607813,0.8557291978989410852207698,1.2813603215163980042490266,-0.6123481728013364655538453,-1.5648455838087369507150015,0.0000000000000000000000000
110 0.9744213443951333930570513,0.6404269654857088767130335,2.3634187800929224998469635,0.9439563270157032004448183,2.4337022947935444960876339,0.4050444586207365693653060,-1.8701464651421311202739162,0.0000000000000000000000000
111 1.5531688802775220903384934,-0.3858845289567139902331405,-0.2165488374354637146623759,0.9974152087073773209624505,0.8703950301683304191513457,-0.6975857917119683282436426,2.6158906854826491361620810,0.0000000000000000000000000
112 0.8425668283665768143464447,0.5476946312917780890217045,1.8269309482220381646300211,0.9830610882503719727409930,2.4141111837266162609694220,0.6943864875842756800849997,-1.4115761686025172227942903,0.0000000000000000000000000
113 1.0329217127145251531317172,-0.0323003474655185474073704,0.5278625331942630172221698,0.9068662864147125635128077,2.8991501594869215630012604,0.7851014097808404201828125,-0.3788603308303660766043208,0.0000000000000000000000000
114 0.6617490236954347571085577,0.1690643612491520009211143,1.4566811420772016738567345,1.1045181365081266910976865,-0.4213610974746479498342921,-0.5178347317515105130425468,1.9185967249380138088810099,0.0000000000000000000000000
115 1.2355061623875172038822257,0.8958023929711903532435713,2.8167932521739320606002366,1.0060029409265773825410406,1.9329419245270751392951070,0.4541951640504856557711832,-1.7668174599343524633354718,0.0000000000000000000000000
116 1.0616098950139183365592999,-0.0759604497404268302895858,0.3661879952598048881817761,0.9125103127597971042206382,2.8143358427721723025172196,0.7702167578913350354241629,-0.1522491489088516058991729,0.0000000000000000000000000
117 0.7144266238610732511205015,-0.2094741303720811798072532,0.8246121659682633664445461,0.9571571022741703904657129,-1.1813885377198491966055371,-0.4468968760925796090965889,-2.9166108044362135665039659,0.0000000000000000000000000
118 1.4930405592545916704239062,0.7099372959287537643291444,-2.3128547708557913864524380,0.8722786457218282274439503,1.0109338790237387684101122,-0.6039615765609601671926043,-1.6294255288459815744772641,0.0000000000000000000000000
119 1.0049651824204761663139607,0.5637519620570785594537710,2.1626943764134449743608002,0.9287299997267299822567566,2.3937801962131155519841741,0.8316735232456932136457795,-1.6577708744389245687500534,0.0000000000000000000000000
120 1.0813747733542156126418377,-0.2247723037224705067149699,0.0041671263954848993329994,0.8942672966299890502384073,2.4626326664057414106423494,0.7875579111178212521338082,0.4955276776411245975850761,0.0000000000000000000000000
121 1.0508063569543431015063106,0.2646388371147398999028155,-1.9948071475054673928894999,2.1853534080010623696921357,0.3272906969367950225091590,0.6765680884802063310701215,0.3846046713328012955912527,0.0000000000000000000000000
122 -1.3343662075711890668827664,0.8096221440577053840570443,2.4735131631221447534585423,0.7766407307119296277164722,-0.5944616719165174423267217,0.0080253054024972403368565,0.4964254751705681201201514,0.0000000000000000000000000
123 -1.6439654508550936018451694,-2.1002320874702333775019270,-2.4722106603026796634026141,0.6809484828538020506627504,0.5621573460759394791352861,1.4515617420227133749222048,1.4399802231048139944391551,0.0000000000000000000000000
124 -0.1365082550429312924222813,-0.9532526793313456092704428,0.3829074884771053177701106,0.1111834039749500097071788,-0.7900415391545005938667146,-1.0371596727336211962722246,-1.2650107742352461048795931,0.0000000000000000000000000
125 -0.8635075404940720789070951,-1.5304488407734075927635331,-1.0665090753527852740489834,0.0216453142760532485366909,-1.0529998964760451940492203,1.2228710406454821324473414,2.7199549088361463233809445,0.0000000000000000000000000
126 -0.9948790974505721251830437,-0.7620152525506052043624550,2.2254211974859856582042994,1.7935177269203204097891557,-1.8701718184999991390071727,1.6430865691679548135084588,-2.5635700342825473718733065,0.0000000000000000000000000
127 -1.6501411087242681130504707,-0.4955417164957807152347868,-2.6728934848269734203540793,0.2172734854590489539383213,1.1178193907145503871447545,-0.4497330102320511446833962,-1.4008791705686036710432063,0.0000000000000000000000000
128 -1.4236924045754948409125973,0.4119984785891133149959842,0.5363072027488762216762552,0.3125948070560557456865070,-2.0983680789616743211922767,2.0572782922258561200123950,0.5616494299791052746684272,0.0000000000000000000000000
129 -0.8859310445541044298778388,-0.6847677572144974522672101,-0.9479920252036420080798962,0.2796685937725326698277684,1.4631273474014028224132744,1.7827066263571742510407603,-0.6860793013465960044072744,0.0000000000000000000000000
130 -1.4098361330340112296255484,-1.4175540171929419397400807,-0.7083076672816521757169994,1.5750854823035582708001812,-1.9223061535178247449806577,0.8357479653634438676590435,0.4428202506451959230560078,0.0000000000000000000000000
131 1.0598613394281382049655349,-0.6401577334660837337310113,-2.5340444212460755402105406,0.3232963787993864412939615,0.4362365174383096011467842,1.7370738681665742753068571,-2.3677206795563554564409969,0.0000000000000000000000000
132 0.0600062502627558558288001,0.5109794703638086410535379,-0.4208181756923883298782130,1.6289061932689070655300156,-1.6638981727598691762182170,0.4062111923326889861840527,1.1510109259001959358670319,0.0000000000000000000000000
133 -0.1616687960319815875465110,-1.7571467271559622069787565,-0.4342085932553128024835587,2.0467142650823637595181026,-1.8375710202411614790918293,0.0267043300288527518659976,-1.5638060929937318555005277,0.0000000000000000000000000
134 -1.6115497994510386003952362,-1.8447083821937944048130475,1.0675677880464826685624757,2.3142963053827623198799301,1.9950104750916413109962377,-1.3059972018691230477571708,-0.6948803941187824406711115,0.0000000000000000000000000
135 0.8144022731218130140007361,-1.1641659235866579358287254,1.3794915679570554090105361,0.3146520836672987986304406,-2.3445373085045897454392616,1.0999021102305399644194495,-3.0536237398519294750087738,0.0000000000000000000000000
136 -0.8561162914776810906047899,0.0685094828398478128406168,-2.2588345928946731433484274,0.9449010414941705349178847,-0.8901726861024150672108135,-1.3092260255051595407849163,0.4822215333195507547259240,0.0000000000000000000000000
137 -0.5743090347799251205174187,-1.0036021349954427073214447,0.7399590114447169852951447,1.2273911705321589593609133,2.4109761520996579875486532,1.3171855815699817782160608,-0.1385872690573277665748719,0.0000000000000000000000000
138 -0.2053801367063325944428698,-1.3167809256723992383797395,0.9619275003489384801014239,0.5357559018199126166237534,2.7825477759863934679174235,0.4344013582387562522058033,2.8761528118975245860156065,0.0000000000000000000000000
139 -0.1041349815369585485314019,-1.3661600761614551835521070,1.9652317882768386425595963,2.0478414853410056295501818,-1.2202884690404349754544455,-0.8479599756181862568737984,2.9099743249756171437070407,0.0000000000000000000000000
140 -0.1006354403872924407892242,-0.4655246224620024353413328,-2.9687503354922442078134281,0.1032093167888043921953667,-2.2128740200874741361758424,-0.0089483139585009308092367,1.4621597701428274973523003,0.0000000000000000000000000
141 1.2724798897527200836066186,-0.6851075047264374440203483,0.3483870023649773273177743,0.1585207025746445119729344,0.4344242566001712546608360,1.8157442463182307257341108,2.4507733229565307198072333,0.0000000000000000000000000
142 0.4075929589773537031760497,-1.0648262358158016027687154,-0.2649608312191760184362010,1.1956224395044250385922169,1.6380572390756835687852799,0.1585808926330376511515396,-2.8198437355565113549005218,0.0000000000000000000000000
143 0.8564497709866669694633856,0.8974983469082502551827929,-1.1346240473010638094564229,1.5780282298214862723995111,1.3677412947112417285211450,1.6405070397536456461295984,-1.5228595042833406036919541,0.0000000000000000000000000
144 0.8174888500541754865480470,-0.3892590735714225314012538,-1.0542361989170903058266049,2.0720398854492416695904922,1.4546410541225416324095931,0.6355072868357587445586887,-1.4971125876680539956709026,0.0000000000000000000000000
145 -1.2441721923565804974742832,-1.0745650874104186733859478,-1.7698257621699142738691535,2.2671965730270353667208383,-2.3096072224781885040556517,0.9453288397613230920057958,-2.3397246123248360838431381,0.0000000000000000000000000
146 0.9035108230102872894917709,-1.0055134079160694682286703,0.3904323539569340972832379,1.9907356953140047384209765,0.3917334818936577534032040,0.7987000737267608840852517,1.0295478840640504003545175,0.0000000000000000000000000
147 -1.4127360475283810004043517,0.7517856574108758849206424,0.4045671636827097294997202,1.7014624932983248850604241,-1.2563343614122526314957895,-0.9326091591178938822181976,1.6448179925120518518610879,0.0000000000000000000000000
148 -1.1627106184857110005026470,-0.1604801349572275714905345,-1.9882352360892645570800141,2.4053313638210904734648921,-1.2285720420207699721260042,0.0457692678999086499658233,1.0857445849230256129658301,0.0000000000000000000000000
149 1.0138503781209626808390567,-1.3379532138178835687369883,-1.5407919675897281397425331,0.0815147074570482105260183,-0.1612321608440168141385129,0.5282086977285840312390519,-1.9772217226010848634132344,0.0000000000000000000000000
150 -0.9567849091315182574746245,-0.3703237000952117607965874,2.8487303983496952142218106,1.8461708898321584904067549,2.3347127484445051592842901,-0.5379904064574096977935369,0.1023360211399082508876290,0.0000000000000000000000000
151 1.1799750999917972826835921,-0.1150134210856692540403401,-0.4715489103347958455003663,0.0698542523178524443761006,-2.9433846910783949546441818,0.6698313019135384571711711,1.0248423014189311786026337,0.0000000000000000000000000
152 1.0374994560649359875981190,-2.0165268327004866044660503,0.3471529762744962610554467,1.7716147411640799091969711,-1.7313968785416320450565308,-1.1636658778468520480942061,-2.2798702654460774041922377,0.0000000000000000000000000
153 -0.4548067901382568667401074,-0.5419636213746683583991626,1.7583347190860543207691080,1.3217970797604865484942138,0.6226223808385538127652126,1.8396295620620648492149485,-0.3656567434522588477818772,0.0000000000000000000000000
154 0.3639362880102665620540847,0.2378506837779896798679147,-1.7547817485079739707742874,0.6483308418050085508710367,-2.3379147787629230847983308,1.8072577404043039805969784,2.9421634178716526974994849,0.0000000000000000000000000
155 0.7265021383475516181249532,-1.4263580778908719892683621,-2.7084381864254751803855470,0.7499109390172691291809315,-2.9417030273874771317821342,-0.7236528988432612274905864,-2.7153313863604942035578915,0.0000000000000000000000000
156 0.0044324373262329963552020,-0.9046937468516142999419571,-2.5508299237928420133414420,2.4980044960398246622901297,-2.5004803931449917087093127,-0.3565660328614865814955692,0.2507506521659674803004236,0.0000000000000000000000000
157 0.8742006664506893898192175,-0.1877360198771280686003138,1.5427986765112695621837702,1.2096060949208240486996147,2.1867890596751999865432481,1.7817471096703760835566754,2.9822280933713676276397564,0.0000000000000000000000000
158 1.2237588602783691094089136,0.5869030377845763091215758,2.7182699559345753215211516,1.9564750842482199200134119,1.4692853044505627124749481,1.4776768016795953641917549,0.0047135439402019585486414,0.0000000000000000000000000
159 -0.4682923977046851149452777,0.7461112497323711956198622,1.2656090446707199959064383,2.0623916742170189664307145,2.8087503310943722212300599,0.3687151852727228451556130,1.4007152411070258324343740,0.0000000000000000000000000
160 -1.3529984666417340655186763,0.7690144298551673252006822,-1.6800426585353775976727775,2.3631712260214476906128311,1.2997212715329231613736738,-1.5130445435143897725538409,2.1628591986232716948279631,0.0000000000000000000000000
161 -1.0763868179047011430782277,0.7900248200097239603678645,1.7272274995333960490029312,2.4137041072862706059254378,-2.7954509598810464154894362,-1.5488019903822380918256840,2.2483124353034948939011883,0.0000000000000000000000000
162 0.1146789924438167407316769,0.4899676464306974565943165,2.2341862899065576542056988,2.1054960216113811632965280,-0.0375261277475047450025158,-0.0664381992523164210950881,-2.5294822928758722291320282,0.0000000000000000000000000
163 0.8560118158540732657968420,0.3775853733991207938913703,0.0255708088858614956961901,2.2376592499537668601305995,-2.7356403723483162515606182,-0.4199245210867108557550864,2.9044566702896066345829240,0.0000000000000000000000000
164 1.2593029023194612925351521,-0.9171343875528006339692411,0.7273966520123398282748894,2.3879205863019081768072738,0.7367603246670961780750986,0.2009671763018954226964752,-0.4563411336053819766789275,0.0000000000000000000000000
165 -1.2439244464733452133486935,-0.3608428721222292079318095,2.1684261448890174150960775,2.2725115987297663799893144,0.6384913828994571716179962,0.3530554519032265137212789,2.5228785431868763211582518,0.0000000000000000000000000
166 -0.4575621427504510396744308,0.7135660248392103888193105,-0.2903489098655671618587348,1.5833740952300714432965378,-0.6135919873838275861999136,1.6438183121222640359349043,-0.3866515489302817520922417,0.0000000000000000000000000
167 -1.1973045461500229080797908,0.3598125965170622109212673,2.9495874952216363240609098,0.5276158581793380930591297,1.0817220668665701310828808,-1.0521792299982157814497441,-0.5350709376456546095823796,0.0000000000000000000000000
168 0.2657125913942610662132893,0.0350175535995598252725358,2.4059046157524566211804995,0.7146538239161733807591759,2.5563942821367620084060945,-0.5742090136456059479286296,-0.5152419825672369668723150,0.0000000000000000000000000
169 0.7693808119626646124800118,0.9695298688982290080673465,-0.9284810811459709434245724,2.1042508742335486182639670,0.9182577819513424444153316,-1.2691657046643505246663608,-1.2351067909701294311730635,0.0000000000000000000000000
170 0.4756925644635034977625310,-0.1064924245651308609694752,-1.4614541051982590236235637,0.8716468941949525595092041,2.3970973740974894639066406,0.8519745612876223894716077,2.9894344856061199067198686,0.0000000000000000000000000
171 -0.1464280746938844135485169,-0.9136250583709333294990529,-2.5327624608764196523225110,1.7300847928692046906462565,0.6125194674644247605499459,-0.9240420356035863314048129,-2.7026393128212724548120605,0.0000000000000000000000000
172 0.5827779138072624043331871,-0.6638665498918230323255329,-1.0501330735439458052837836,0.1768186841266316533527458,2.0721035770294742306418811,1.5727454004555800892717343,-0.0508086846600326325074093,0.0000000000000000000000000
173 -1.6408478670575110669460628,-0.8362506483482432528830941,-1.6268180073397942031476759,0.8859037784970846818310974,1.2401222701245560031679815,-0.5117348923050974995874185,2.6078791298870367398876624,0.0000000000000000000000000
174 -0.5647730536540180867888239,-0.7095557121264539635063784,2.4998497044823633217447423,2.0154927012275405395769212,0.1234366837807168160168203,0.6200212550423578328206986,-1.6193076897460538798867447,0.0000000000000000000000000
175 0.6304775471883061754851951,-2.0764665088818716753849003,-2.1316431391822390217782868,0.8491615619115351343282327,-1.5538732883794574846092473,1.3360270359847414844978175,2.3585639509323819140718115,0.0000000000000000000000000
176 0.2114156749240094779196397,-0.4040316390809748359203013,0.5703723416531194523315662,2.2585830157252879679674606,2.2122607624816064131323401,1.6876467054071415674343370,-0.3870784902945527683471028,0.0000000000000000000000000
177 0.8975692245797768364923286,-2.0969785702619598843909898,-1.7380911417256150741650345,0.4449990368350403846520180,-1.6262412498654990056223824,2.0510584532224753750995205,-2.6478280396949633868075580,0.0000000000000000000000000
178 0.1969161499965488282271053,0.8614166566405523361993346,-0.3026484670239453222961856,2.0051180591895794158574517,-2.0472350637606506751353663,0.1132149490056615359634407,2.9846792776974284677748983,0.0000000000000000000000000
179 1.4300571781730972986679262,-0.1337463134987029178546436,2.1337358351236845876996995,1.0731844092231168641404793,-0.1688508082823130251881594,0.7866208693675607044326625,-1.3933977155175050199886755,0.0000000000000000000000000
180 0.5191050743942309253498024,-2.0663473876832738618247731,-0.6206751379835666604378730,1.8918325983722843464107655,0.1616198640915653683691744,0.2334813757411922097162460,0.2306111994570176904062464,0.0000000000000000000000000
181 0.2051637653649198700378520,-0.0020672982768470404835170,1.5355389002245267704438447,1.2760564773315823394739255,-0.2448701709647989055440576,1.3883779076305913235955813,2.8760458408086782000623316,0.0000000000000000000000000
182 0.4137593092401168348715146,0.3776735254957683807219837,2.8590012165015439293824784,2.5395846900835561399389917,-2.9079160488661921490916029,-1.3923087018578963469650489,0.3434262748940040133049934,0.0000000000000000000000000
183 -1.1660728704597946858712021,-2.0896387930962436740855992,2.0631577034084109811828966,0.5556702974241553016909734,-0.5808687683659927714074911,1.2599324140569958530022632,2.5114929197377033887050857,0.0000000000000000000000000
184 0.8581521168266017518533317,-0.9972193232123829353952260,-1.7846302608794553101745350,0.3083261261202050462770785,-1.4281409240659053150324098,-0.8468886984311483345777560,2.3773933582195976299544782,0.0000000000000000000000000
185 1.5434289622258980934077499,-0.5485159105423444980687009,-1.1645059987531274359184863,0.9925493797038444920843858,0.0858186685288413464434143,-0.6331152583655137444651473,-1.4204671216185518201058358,0.0000000000000000000000000
186 -0.4603345637980360560703730,-1.4941265791222109182712074,-0.2742743604010695612771542,2.1936052426246948066079767,0.2185620948660940143781772,1.8029538407925240761642272,-1.5727384125235204237469588,0.0000000000000000000000000
187 1.4844800841026515314524659,-0.9014519542038681443330006,-2.1935673102290969005423449,2.4958147178989902315038307,-1.2429452436547474558636850,1.9324386068436409935600295,-2.6387403687889410264233447,0.0000000000000000000000000
188 -1.6944526323232582676325819,0.0600748610659849191506510,1.5073725050188357954539242,2.6123654144156560619194352,0.0310029510939511254719037,0.8825440300665627901821608,-1.9440014390065341043367653,0.0000000000000000000000000
189 0.8445934050087622324554104,-0.8622255993742613533470376,0.3181382933753873487603414,2.2166984176462043443223138,-2.9940928360769025751153549,-0.4382292660454571997519224,-2.8879392493045608070190156,0.0000000000000000000000000
190 1.2448693658333001010873886,-1.8048433756939334937641206,-0.3262929177766129562598962,1.8527296552912932980916594,-1.8452225527140417860039179,-0.0459603935641936800493568,3.0536854473672274679074690,0.0000000000000000000000000
191 1.2253508238968597865437005,0.1451148268366768689929813,-1.6391696829290589576544335,0.9250497018634571411155321,-1.2145669630363429281061372,1.7825415804218316395690636,0.8011352228103838513106894,0.0000000000000000000000000
192 -1.3039165277159885381053073,-1.1983328784477582651391003,2.6722868254950125077584744,0.5652794754259656828665470,2.6786738517180435081854739,-0.8708874232061696307738430,2.0118432482596686483589110,0.0000000000000000000000000
193 -0.6702589812495791665725164,-0.4763319231585279034391078,-2.1661011503057738813993183,1.3551237234478459292574826,0.2577906620226757539171558,0.9466735205157146282317626,-1.3192698391714459127399550,0.0000000000000000000000000
194 1.0479633071331626581468299,0.1369110612580137775751155,-2.6693827881188831874226253,1.9770716532017436062318438,-0.0750409809109013892225448,-0.2809690249492988733948096,-1.6280111302328348354961918,0.0000000000000000000000000
195 0.3775563099016001622487693,-2.1240927178427075894262543,0.2403779557345941952917201,2.3350737083428882989721842,1.3020611002887880758294159,0.0548880076174631525987024,-0.0207105335414925484371906,0.0000000000000000000000000
196 1.1242235978281622799102024,-1.1393977515466497951734937,-2.7042214916264719626326496,2.3563955700781171742619335,-2.8793438226097936016856238,0.4103821428725460407349601,1.9356868042977000143878286,0.0000000000000000000000000
197 0.3927641051660040183435285,-1.7999175179195203710946771,-0.8141745164122897726599604,0.8013722068701739642548887,-1.8466800808066876626867270,-0.0607409718642053508830259,-1.7472091757833070335692582,0.0000000000000000000000000
198 0.1551687126901619695473755,0.3386395483499580194575174,0.4224390182176636088229316,2.1655942744070637573372551,-2.5614654376518286582609107,1.3496530214358148924702618,-0.7635942593340736550544534,0.0000000000000000000000000
199 -0.7500759249982532628209242,-1.0014907116454514479642057,1.4144646933828255441767396,0.9221108007673688433669668,1.7616274159264877496866575,1.8609694368032658751133113,-1.1849387804567530491084426,0.0000000000000000000000000
200 0.4610069555547737785161644,-1.7761665939163258087774011,-0.9446422718485201208693525,0.8579919848497917778118449,2.2823014874194287315845031,-0.4685426049943657300644873,-3.0041264267839151713701540,0.0000000000000000000000000
201 -0.3256111005263411239951665,-0.4965846892565415338083312,0.4534944009376804530120353,0.6931564008533750431695353,-0.0283676555870879809617691,0.5184685659435408489059682,0.0484910318644211635330521,0.0000000000000000000000000
202 -0.2691484389117686504278026,-1.0310065602660207773055845,-0.5034680629628955905729981,0.5374129256882763661096192,-0.6534380741242498125131988,-0.0521113219260971316515452,1.7776721191688782397477553,0.0000000000000000000000000
203 -0.5241814093329018042766165,0.7467754818563236973716357,-1.8177370555314280586856057,0.0614812802539585340211303,-1.3853160110098849955306832,1.5206210840628231473203869,-0.3297040077767818821996570,0.0000000000000000000000000
204 -1.5659707741569006689275056,-1.5718856612224527680155006,-1.3278284729005118691702592,-0.0152024602504458594687264,-1.7972185187825089336399742,-0.5085236495860618877173920,0.9374996495640370852697743,0.0000000000000000000000000
205 1.4841798064248115096575020,0.7502362365840173907827193,-0.5308415884410577767482664,2.3581274090875532500888312,2.6860600532708041043861158,0.1952996463625953360576659,-0.4053764351962025891396024,0.0000000000000000000000000
206 -0.3637068974305315283146456,-0.9136486264777594623609502,2.8180591042592419981360763,0.8021786273476566586637659,-1.3570819368092723600227600,-0.0811039145373235736968809,2.0103984918563622130704971,0.0000000000000000000000000
207 0.5890066407226290934318058,-1.4314932004047991043194088,-2.8384924959039103953273298,1.1736108345722828794066572,-2.4093714604146647673132975,0.7023986093063459001939464,-2.9161260172590268702208505,0.0000000000000000000000000
208 0.5726289745795871688471834,-1.0441664268277426330655544,-2.0178924664523263388105079,0.8015155382638402548067802,-2.4406609853690772737877523,0.8611110611103245382480509,2.3812845013748313860446615,0.0000000000000000000000000
209 -1.4498511035456773665686114,-0.1659477661861792352482325,-0.5892373533790338235860418,0.5585823021422056111617849,1.5243453420518644492176463,-1.2430349464192826935970970,-2.2299094622735444737315902,0.0000000000000000000000000
210 -0.4912985043593856016030941,-1.2096604726922977057768094,-1.0318892874592520136900475,0.7032759900881330183963769,-1.5694793155735728973354526,1.8053587453851451805064698,-1.3949945527417562107785898,0.0000000000000000000000000
211 0.5079773515236452041676785,-1.9151059603263185238120059,-1.5947432190589956313431230,1.5608563963504769045442799,0.3060225949701957937065799,-0.8862655274191119092463964,-1.2001677849884926363444038,0.0000000000000000000000000
212 0.3446733985888319473644970,-0.1677567529877443952557314,2.3489694753156014073169899,1.6334590000433188983208765,2.4981383764218252352407035,-0.7101906589335533759310692,1.8042108036024551154241635,0.0000000000000000000000000
213 -0.4994931457703408739234874,0.4893873572817013517521900,1.9073111478457676071229798,1.0681547480161088792272039,1.7630523723652835599295940,1.5478281452957998176600540,-1.7160759594408219186334463,0.0000000000000000000000000
214 -0.6081994576398122021032577,1.0311468399158432163176258,0.4875566356822376157253984,2.6178253605215924260107840,2.4463613809074100657880990,2.0800601827226188333952450,-2.6241956453328931786472822,0.0000000000000000000000000
215 1.2361945023285749734043293,-1.2923898016965897905805605,-3.0243402270648065410796335,0.2253996653330510580026669,2.2843329068000119974612971,1.6592110244355295911589110,-2.8827729314564600748838075,0.0000000000000000000000000
216 1.1283581529213173588743757,0.1953802978807970269770067,1.4126614605270741975573401,1.0246946774174898742160167,-2.9823109255970043918182455,0.9051117327054476469072597,1.0965657954269856233509017,0.0000000000000000000000000
217 1.0291970299409487488162540,-2.0175787665772149104270738,-2.9228518523475979229431232,0.8730145916040121800705265,0.0464149101466944102867274,-1.5406088786065967877192406,-0.3569999511120838242561604,0.0000000000000000000000000
218 0.0796611938795310781102899,0.7124995062814560853325929,2.0792177576743169353790108,1.0594931265923626106939537,-1.6854800201209636512089673,-0.6505228236337933234167963,-0.3941941645048534503814608,0.0000000000000000000000000
219 0.5952872702618630107451736,-1.3804542340894481178281694,0.6419852928775995337673521,2.3686404204362259129368340,-2.0464887219041068000535688,0.2975734824233258191128471,-0.1935543151994023602924244,0.0000000000000000000000000
220 -0.8944595870342879617709286,-1.0583770716168807712875832,-0.6568163414661940535665963,0.7135881824361103298315356,-1.8056304639068576634031160,-0.9072075481588416367983996,-1.4540750571801677182293133,0.0000000000000000000000000
221 -0.0387492937286213479097796,-1.6927389835220476577148929,-0.9411082650634163826453005,0.1209079249365757752210371,0.7968406276012958144860931,0.3804639735160193492191638,0.6709923608479986256725169,0.0000000000000000000000000
222 -0.8346318714963494311831482,0.3805551601096777147859029,-2.2517625999714776519056159,2.1679450953723606865253259,2.3876204102489264613495834,0.7253831018674015140845768,-0.4174524477964509650007585,0.0000000000000000000000000
223 -0.1540701995990723105478537,-0.0816755085162239602425416,2.1299479262758058695226282,2.6143897976597720855806983,-1.4828828859207607848702537,1.4113201646922433063480185,-1.9283054544484734549314453,0.0000000000000000000000000
224 -1.5194169320066475137309681,-1.8931727953507435646685053,0.9310344149290110671302045,0.5316077905546908732858924,1.9815529035863246321014230,-1.1954209219585349988079770,-0.0207799302804190233473491,0.0000000000000000000000000
225 0.6852535462718218894906386,-0.4687962076597829153001840,1.8247393344000144566052768,0.5497963938339596179361024,-0.5962271507090082245383655,0.5576836153400885898179240,-0.9130876750452854295758698,0.0000000000000000000000000
226 0.3842558910814335426664456,-1.8528848821827603732259604,0.9137394072895106411635879,1.6340718744378868176880815,1.6464337778750035568009480,0.2008042823308640034696282,1.0912522484614752826814765,0.0000000000000000000000000
227 -1.3773843463100543527133368,-0.5920640606400853211965796,-2.0973192826007736044857666,2.0263795571980902643360878,-2.4370694626840156971070428,0.3715461276024272230245060,1.2960365152307957714583608,0.0000000000000000000000000
228 -0.5947194587263873177818141,-0.3453939126554845806538196,-2.1486165445584752831109654,1.6444871238071874230968206,-0.7358802233668417791534466,1.8532459276695028016490596,2.3602757504541775901429901,0.0000000000000000000000000
229 -0.4849672210288837881364543,-0.3596538591993290179260612,-2.3722229880591516604226854,0.9840033136876313868413035,1.0908135980534430231614351,-1.1412145775344775255888408,-2.5052677567658330204380945,0.0000000000000000000000000
230 -0.5258522934663028003399177,-0.0562579983962967489219409,0.5925165564180896460300119,2.0698357677086423045409447,2.1595253090879529267454018,-1.5067792948215823489732657,0.5284215454773146802835981,0.0000000000000000000000000
231 -1.0882800735734683428290737,-1.5515641510945576975188942,-1.7378177638730514242837444,2.4518482253634594769664545,-1.0339060357347622520762798,-0.7799374690968063905671670,2.6392200777708643144592315,0.0000000000000000000000000
232 0.4959805362531510830592651,0.4978484355420103035783086,-1.0085178419392470949844665,1.5195505841251231160526913,-0.9478144311051881487628634,1.0731861473908046455960630,-0.1242314087735634231535187,0.0000000000000000000000000
233 -1.3601939817508492680531162,-0.9366121175138333310172811,-2.2831937229286198842714839,0.8820981155597129585999028,1.4011509001535138452254614,0.8373659472919614543684474,3.0134378600802449454931775,0.0000000000000000000000000
234 -0.1300629000464550433235900,-1.4979815233019091458288585,-2.0146918719902497940665853,0.2848731131175873398930776,0.1522899698211297447869583,1.5875433480599241420350154,-0.8805738427888480934768722,0.0000000000000000000000000
235 -0.1784641554741477342815870,-1.5701408687323055168860719,-0.2210422738740263071122172,0.7709200839236937108367442,-0.8212738407870165957547215,-0.3023395784077320680438561,-1.6694989018293560079087001,0.0000000000000000000000000
236 -0.1843943717781051372384127,0.7119254638855001537933731,1.9531289914927532080923811,1.2459906700607343843500985,-2.6847845253123829856178872,-1.4896394332310440855593470,-1.8909621829343783439014715,0.0000000000000000000000000
237 0.0856836304486123800927544,-0.1149667578404613976772453,1.0283253174830244702775417,2.3818502157832730503628227,-0.7324707407008257398217665,-0.4690445929072517561309041,1.2653198929905524749983670,0.0000000000000000000000000
238 0.9619078153833173772113696,0.2244698903837569758934478,1.8463687761939562292923256,1.9181339575630302896058765,-1.7670087357489432378088168,-0.5433724930924666018938751,2.0441420443547624330449253,0.0000000000000000000000000
239 0.5843679233513952020473425,-1.1364765839099306710124893,-0.4359345089038186848995338,0.0488787747839832392715564,2.3517330457944112254153879,-1.4280497743422635448240499,0.8883046833785739337940868,0.0000000000000000000000000
240 0.1375300077191512482244207,-0.0005334839213326780793523,1.9693163566100277961368192,0.0163942502450171029293458,-1.5360035440628432290566252,1.6683582482421601689281943,2.9279658575919293994616055,0.0000000000000000000000000
2450
2 0
3 2
3 0
4 0
4 2
4 3
5 0
6 4
6 2
6 3
7 1
7 3
8 4
8 0
8 3
9 6
9 4
9 2
9 3
10 7
11 2
11 6
11 9
11 3
13 12
14 13
14 12
16 12
17 1
17 7
18 14
18 16
19 14
19 13
19 12
20 0
21 6
21 2
21 9
21 4
21 3
22 20
23 21
23 2
23 3
23 6
23 4
23 9
24 0
24 5
24 12
24 16
24 13
24 14
24 19
24 8
25 1
25 17
25 22
25 15
26 24
26 0
26 5
26 14
26 4
26 19
26 16
26 12
26 13
27 25
27 7
27 17
27 4
27 10
27 3
28 0
28 24
28 26
28 14
29 25
29 7
29 1
29 17
29 27
29 22
30 3
30 2
30 23
30 21
30 11
30 6
30 4
30 9
30 0
31 10
31 4
31 9
31 6
31 8
31 21
31 25
32 28
32 0
32 24
32 26
32 5
32 4
32 14
32 12
32 13
33 30
33 3
33 2
33 23
33 21
33 11
33 6
33 9
33 4
33 17
34 30
34 2
34 33
34 23
34 3
34 21
34 11
34 4
34 6
35 28
35 4
35 32
35 0
35 5
35 24
35 26
35 14
36 28
36 5
36 32
36 0
36 24
36 35
36 26
36 4
37 33
37 30
37 3
37 34
37 2
37 23
37 21
37 11
37 6
37 9
37 4
37 17
38 8
38 35
38 31
38 4
38 10
38 32
38 36
39 19
39 14
39 13
39 31
39 32
39 35
39 26
39 28
40 22
40 20
40 27
40 29
40 25
40 17
40 38
40 35
41 4
41 35
41 32
41 28
41 0
41 36
41 5
41 26
41 24
41 21
42 38
42 35
42 31
42 4
42 41
42 39
42 28
42 14
42 32
43 35
43 41
43 32
43 28
43 4
43 39
43 14
43 36
43 19
43 13
43 26
44 36
44 32
44 28
44 24
44 26
44 5
44 0
44 43
44 35
44 12
44 16
44 41
45 31
45 39
45 43
45 4
45 41
45 19
45 14
45 42
45 35
46 45
46 39
46 31
46 43
46 19
46 14
46 41
46 4
46 35
46 42
47 31
47 45
47 46
47 4
47 9
47 41
47 6
47 21
47 43
47 39
47 35
48 47
48 31
48 45
48 46
48 9
48 6
48 4
48 21
48 39
48 41
48 10
49 35
49 28
49 36
49 32
49 44
49 41
49 43
49 5
49 0
49 4
50 35
50 4
50 42
50 41
50 43
50 45
50 46
50 38
50 49
50 31
51 48
51 47
51 31
51 45
51 9
51 46
51 6
51 4
51 50
51 21
51 41
51 39
51 23
52 35
52 49
52 28
52 41
52 43
52 36
52 50
52 4
52 32
52 44
52 5
53 45
53 31
53 46
53 47
53 48
53 50
53 42
53 51
53 39
53 43
53 4
53 38
53 41
54 28
54 44
54 32
54 36
54 49
54 43
54 41
54 35
54 24
54 26
54 0
54 52
55 30
55 34
55 33
55 37
55 3
55 2
55 23
55 21
55 6
55 47
55 9
55 4
56 27
56 29
56 17
56 25
56 40
56 22
56 7
56 1
56 53
56 47
56 4
57 45
57 46
57 50
57 53
57 43
57 31
57 39
57 4
57 41
57 35
57 42
57 47
57 52
58 14
58 19
58 46
58 39
58 43
58 13
58 57
58 45
58 54
58 12
58 44
58 41
59 58
59 43
59 57
59 39
59 46
59 14
59 13
59 45
59 19
59 50
59 54
59 35
59 52
60 4
60 41
60 21
60 47
60 54
60 23
60 57
60 45
60 35
60 46
60 55
60 43
61 54
61 26
61 24
61 44
61 32
61 28
61 36
61 5
61 0
61 41
61 60
61 49
62 47
62 53
62 48
62 51
62 31
62 45
62 60
62 57
62 46
62 4
62 50
62 41
63 57
63 45
63 46
63 43
63 50
63 59
63 58
63 53
63 35
63 4
63 41
63 52
63 31
64 61
64 54
64 26
64 32
64 28
64 44
64 36
64 24
64 41
64 43
64 0
64 5
65 63
65 59
65 57
65 43
65 58
65 46
65 45
65 50
65 39
65 35
65 14
65 52
65 54
66 64
66 54
66 61
66 41
66 28
66 32
66 43
66 36
66 44
66 35
66 49
66 60
67 63
67 57
67 65
67 46
67 45
67 58
67 43
67 59
67 53
67 50
67 66
67 39
67 14
68 66
68 64
68 61
68 54
68 60
68 41
68 4
68 28
68 32
68 43
68 67
68 35
69 58
69 43
69 65
69 67
69 59
69 63
69 57
69 66
69 46
69 54
69 14
69 64
69 19
70 62
70 47
70 53
70 48
70 31
70 45
70 57
70 51
70 63
70 67
70 60
70 46
70 4
71 69
71 43
71 66
71 67
71 68
71 63
71 65
71 54
71 41
71 64
71 57
71 58
71 35
71 46
72 60
72 68
72 21
72 41
72 4
72 66
72 23
72 61
72 64
72 0
72 2
72 54
73 57
73 45
73 63
73 46
73 31
73 67
73 53
73 65
73 50
73 42
73 59
73 39
73 58
73 69
74 55
74 2
74 34
74 23
74 33
74 30
74 3
74 21
74 37
74 72
74 60
74 11
74 6
74 70
75 72
75 23
75 21
75 74
75 2
75 60
75 34
75 55
75 68
75 30
75 4
75 3
76 72
76 75
76 60
76 68
76 74
76 61
76 0
76 34
76 66
77 17
77 1
77 7
77 29
77 25
77 56
77 27
77 62
77 70
77 47
78 4
78 41
78 35
78 8
78 72
78 0
78 32
78 68
78 50
78 66
78 52
78 71
79 78
79 4
79 41
79 21
79 72
79 8
79 50
79 68
79 35
79 60
79 75
79 76
79 23
80 0
80 5
80 78
80 32
80 28
80 72
80 41
80 4
80 36
80 79
80 24
80 26
81 78
81 4
81 79
81 41
81 80
81 0
81 72
81 68
81 32
82 81
82 78
82 79
82 80
82 4
82 72
82 41
82 0
83 40
83 22
83 20
83 56
83 27
83 29
83 25
84 3
84 55
84 30
84 74
84 33
84 37
84 2
84 34
84 75
84 23
84 62
84 60
84 76
84 70
85 75
85 23
85 21
85 76
85 72
85 74
85 2
85 34
85 55
85 82
85 60
85 79
85 30
86 77
86 1
86 7
86 17
86 29
86 56
86 27
86 62
87 21
87 75
87 79
87 72
87 60
87 85
87 23
87 4
87 74
87 6
88 74
88 2
88 3
88 55
88 34
88 30
88 23
88 33
88 84
88 75
88 85
88 37
88 87
88 21
89 87
89 21
89 6
89 9
89 79
89 85
89 75
89 72
89 60
89 23
89 4
89 74
89 82
89 70
90 4
90 50
90 41
90 78
90 79
90 81
90 8
90 35
90 63
90 57
90 71
90 52
90 82
91 23
91 21
91 85
91 11
91 75
91 74
91 89
91 87
91 34
91 88
91 2
91 6
91 55
92 1
92 86
92 77
92 7
92 17
92 29
92 25
92 56
92 27
93 4
93 81
93 79
93 78
93 82
93 90
93 41
93 87
93 72
93 68
93 89
93 60
93 66
94 2
94 88
94 3
94 34
94 74
94 30
94 23
94 33
94 55
94 85
94 84
94 75
94 37
95 52
95 35
95 49
95 4
95 41
95 90
95 36
95 81
95 50
95 93
95 54
96 73
96 10
96 31
96 45
96 57
96 50
96 63
96 46
96 90
96 65
96 67
96 42
96 39
96 53
97 21
97 91
97 85
97 23
97 89
97 75
97 87
97 72
97 11
97 82
97 79
97 6
97 74
98 81
98 78
98 93
98 4
98 41
98 82
98 90
98 79
98 0
98 35
98 80
98 32
98 95
99 95
99 52
99 35
99 49
99 98
99 36
99 90
99 41
99 54
100 99
100 95
100 52
100 35
100 49
100 98
100 4
100 90
100 36
100 41
101 53
101 73
101 31
101 70
101 62
101 57
101 47
101 45
101 96
101 48
101 63
101 42
101 38
101 51
101 67
102 101
102 53
102 73
102 70
102 57
102 31
102 42
102 96
102 63
102 38
102 62
102 45
102 50
102 67
102 47
103 73
103 59
103 65
103 63
103 57
103 67
103 58
103 39
103 42
103 46
103 45
103 69
103 53
104 74
104 55
104 75
104 88
104 2
104 85
104 34
104 94
104 23
104 76
104 30
104 3
104 33
104 72
104 91
105 70
105 62
105 102
105 101
105 47
105 53
105 48
105 31
105 51
105 57
105 63
105 45
105 73
105 90
105 50
106 74
106 88
106 55
106 84
106 104
106 3
106 33
106 30
106 94
106 37
106 75
106 34
106 2
106 87
106 85
107 1
107 92
107 25
107 29
108 103
108 73
108 65
108 59
108 57
108 63
108 67
108 45
108 46
108 58
108 96
108 42
108 69
108 39
108 53
109 18
109 61
109 24
109 64
109 26
110 106
110 55
110 74
110 104
110 88
110 84
110 30
110 33
110 75
110 3
110 34
110 94
110 85
110 37
110 2
111 58
111 13
111 14
111 59
111 19
111 69
111 12
111 65
111 39
111 67
111 108
111 103
111 43
111 71
112 104
112 74
112 110
112 106
112 88
112 55
112 75
112 85
112 2
112 94
112 23
112 76
112 34
112 87
112 60
113 72
113 60
113 68
113 61
113 66
113 64
114 73
114 108
114 57
114 103
114 63
114 102
114 53
114 67
114 101
114 65
114 45
114 42
114 96
114 46
114 50
115 106
115 110
115 74
115 84
115 112
115 55
115 88
115 104
115 3
115 33
115 30
115 37
115 94
115 34
115 2
116 113
116 72
116 68
116 61
116 60
116 64
116 66
116 54
116 0
117 17
117 77
117 86
117 92
117 1
117 56
117 7
117 29
117 25
117 27
117 40
118 18
118 109
118 61
118 64
118 26
118 24
119 112
119 110
119 104
119 106
119 74
119 55
119 88
119 115
119 84
119 75
119 94
119 3
119 34
119 2
119 30
120 61
120 116
120 64
120 68
120 66
120 113
120 54
120 5
120 72
120 28
120 36
120 0
120 60
121 18
121 80
121 118
121 109
122 70
122 50
122 62
122 31
122 47
122 57
124 25
124 29
124 117
124 17
124 1
124 92
124 107
124 56
124 22
124 70
124 62
124 20
125 59
125 35
125 52
125 43
125 65
125 49
125 42
125 28
126 27
126 56
126 29
126 117
126 40
126 17
126 86
126 77
126 25
126 92
126 124
126 122
127 124
127 121
128 125
129 15
129 28
129 78
129 80
129 8
130 128
130 125
130 40
130 124
130 29
130 25
130 78
131 18
131 118
131 109
131 129
131 107
131 121
131 127
131 80
131 0
131 17
131 83
133 29
133 7
133 25
133 130
133 124
133 40
133 83
134 6
134 9
134 89
134 79
134 60
134 78
134 15
135 56
135 117
135 17
135 126
135 27
135 83
135 29
135 77
135 86
135 40
135 22
135 25
135 92
135 133
135 1
135 7
136 127
136 121
136 130
136 124
136 133
136 125
136 25
137 15
137 72
137 78
137 98
137 41
137 68
138 43
138 71
138 35
138 54
138 69
138 49
138 66
138 28
138 64
138 52
138 68
138 41
138 65
138 32
138 15
138 44
139 96
139 73
139 42
139 108
139 103
139 114
139 45
139 57
139 39
139 46
139 50
139 31
139 65
139 63
139 59
139 38
140 136
140 125
140 130
140 121
140 128
140 59
140 133
140 127
140 124
140 18
141 52
141 49
141 95
141 35
141 99
141 100
141 59
141 43
141 36
141 65
141 44
141 54
141 28
141 69
141 71
142 107
142 17
142 72
142 76
142 104
142 112
142 113
143 121
144 143
144 121
145 133
145 130
145 29
145 25
145 126
146 41
146 98
146 90
146 4
146 43
146 78
146 71
146 35
146 32
146 81
146 93
146 69
146 50
146 65
146 63
146 54
148 136
148 130
148 121
148 140
148 125
148 133
148 145
149 131
149 107
149 18
149 142
149 118
149 124
149 22
149 20
149 17
149 133
149 109
149 129
149 117
149 77
150 89
150 6
150 47
150 87
150 9
150 70
150 60
150 48
150 134
150 62
150 79
150 51
150 72
150 97
150 31
151 20
151 22
151 83
151 140
151 40
151 130
151 125
151 25
151 42
151 59
152 1
152 92
152 86
152 133
152 7
152 25
152 77
152 29
152 117
152 17
152 124
152 56
152 107
152 135
152 40
152 149
153 8
153 4
153 78
153 81
153 93
153 79
153 90
153 98
153 82
153 137
153 41
153 87
153 95
153 50
154 125
154 140
154 148
154 128
154 130
154 121
155 145
155 133
155 149
155 152
155 7
155 25
155 107
155 117
155 20
155 17
155 124
155 29
156 148
156 136
156 140
156 130
156 133
156 145
156 121
156 155
156 151
156 154
156 147
157 52
157 49
157 35
157 138
157 141
157 43
157 95
157 28
157 54
157 41
157 36
157 50
157 71
157 99
157 100
157 66
158 88
158 84
158 94
158 3
158 106
158 2
158 74
158 112
158 115
158 119
158 104
158 87
158 105
158 70
158 93
158 4
159 87
159 4
159 79
159 89
159 41
159 90
159 150
159 21
159 60
159 78
160 136
160 148
160 121
161 10
161 96
161 139
161 73
161 102
161 101
161 114
161 38
161 108
161 122
161 42
161 31
161 53
162 117
162 17
162 77
162 89
162 86
162 115
162 106
162 87
162 74
162 56
162 88
162 110
162 91
162 97
162 33
162 126
163 132
164 146
164 93
164 4
164 98
164 41
164 81
164 78
164 82
164 79
164 90
164 72
164 68
164 60
164 144
164 71
164 87
165 50
165 96
165 90
165 57
165 45
165 73
165 42
165 139
165 63
165 114
165 31
165 108
165 35
165 4
165 159
165 65
166 132
166 82
166 78
167 150
167 47
167 70
167 62
167 122
167 9
167 6
167 48
167 51
167 31
167 60
167 53
168 60
168 112
168 150
168 110
168 47
168 87
168 70
168 62
168 119
168 89
168 106
168 75
168 115
168 167
168 72
168 104
169 144
169 121
169 143
169 164
170 44
170 28
170 24
170 32
170 138
171 127
171 18
171 118
171 109
171 142
171 144
171 149
171 169
171 131
171 133
171 145
172 129
172 5
172 120
172 36
172 28
172 61
172 0
172 116
172 54
172 64
172 15
172 66
172 113
172 32
172 44
172 68
173 160
173 170
173 125
173 136
173 148
173 43
173 69
173 138
173 59
174 162
174 153
174 126
174 87
174 89
174 79
174 21
174 97
174 70
174 164
174 62
174 93
174 47
174 167
174 4
174 90
175 125
175 154
175 140
175 130
175 151
175 148
175 156
175 141
175 59
175 20
175 146
175 44
175 121
175 43
176 82
176 80
176 72
176 81
176 76
176 98
176 78
176 93
176 85
176 137
176 75
176 79
176 21
176 0
176 97
177 149
177 131
177 22
177 145
177 133
177 155
177 83
177 135
177 20
177 40
177 152
177 17
177 117
177 107
177 142
178 163
178 132
178 148
179 62
179 162
179 84
179 174
179 105
179 70
179 106
179 115
179 164
179 56
179 153
179 158
179 47
179 88
179 117
179 3
180 146
180 164
180 32
180 78
180 41
180 43
180 26
180 71
180 69
180 54
180 28
181 42
181 50
181 38
181 52
181 108
181 114
181 35
181 65
181 141
181 63
181 59
181 95
181 165
181 57
181 90
182 161
182 101
182 102
182 10
182 96
182 31
182 25
182 53
182 73
182 105
182 114
182 122
183 42
183 181
183 50
183 165
183 139
183 35
183 52
183 43
183 125
183 8
183 63
183 65
183 38
183 57
183 90
183 141
184 140
184 175
184 125
184 59
184 103
184 136
184 151
184 111
184 154
184 108
184 58
184 65
184 148
185 107
185 18
185 149
185 118
185 109
185 20
185 124
185 142
185 171
185 1
185 180
185 121
185 17
186 82
186 81
186 78
186 144
186 80
186 180
186 79
186 129
186 166
186 153
186 98
186 133
186 176
186 142
186 93
186 164
187 177
187 131
187 145
187 149
187 133
187 144
187 83
187 40
187 185
187 143
187 155
187 121
187 171
188 174
188 162
188 126
188 11
188 153
188 79
188 97
188 89
188 87
188 6
188 91
188 9
188 82
189 7
189 92
189 1
189 152
189 27
190 184
190 59
190 103
190 175
190 108
190 139
190 65
190 39
190 125
190 111
190 42
190 146
190 73
190 114
191 121
191 151
191 175
191 140
191 40
192 150
192 138
192 165
192 45
192 168
192 46
192 167
192 57
192 71
192 67
192 63
192 60
192 43
192 31
192 70
192 50
193 127
193 129
193 144
193 131
193 186
193 171
193 149
193 143
193 166
193 121
193 18
193 185
193 145
193 172
193 180
194 18
194 118
194 109
194 185
194 171
194 121
194 193
194 169
194 144
194 149
194 131
194 143
194 187
194 136
194 156
195 180
195 164
195 41
195 78
195 146
195 26
195 98
195 32
195 81
195 82
195 79
195 93
195 4
195 68
195 71
195 72
195 66
196 156
196 175
196 140
196 190
196 184
196 154
196 148
196 191
196 163
196 151
196 178
196 130
196 121
196 136
196 125
197 133
197 152
197 149
197 124
197 25
197 1
197 155
197 29
197 177
197 92
197 22
197 185
197 20
197 117
197 17
198 166
198 132
199 137
199 153
199 85
199 176
199 75
199 82
199 72
199 81
199 78
199 79
199 76
199 15
199 93
199 97
200 142
200 171
200 107
200 149
200 185
200 18
200 118
200 131
200 127
200 193
200 109
200 195
200 72
200 113
200 75
200 129
201 15
201 153
201 35
202 125
202 59
202 184
202 65
202 201
202 43
202 63
202 69
202 67
202 57
202 180
202 130
203 193
203 140
203 201
203 130
203 136
203 148
203 129
203 121
203 149
204 130
204 202
204 136
204 140
204 125
204 184
204 148
204 201
204 124
204 156
204 197
204 203
204 151
205 144
205 143
205 169
206 42
206 139
206 38
206 114
206 183
206 73
206 102
206 50
206 53
206 108
206 122
206 101
206 57
206 181
206 63
206 96
206 45
207 155
207 177
207 187
207 145
207 197
207 149
207 133
207 131
207 194
207 193
207 171
207 156
207 20
207 185
207 22
208 175
208 154
208 196
208 140
208 184
208 125
208 151
208 190
208 191
208 202
208 156
208 148
208 204
208 130
209 127
209 142
209 200
209 171
209 124
209 169
209 193
209 134
209 144
209 129
210 197
210 177
210 145
210 133
210 186
210 203
210 130
210 193
210 83
210 149
210 166
210 40
210 201
210 207
211 185
211 180
211 171
211 149
211 194
211 144
211 197
211 193
211 195
211 133
211 142
211 18
211 200
211 124
211 107
211 152
212 159
212 45
212 150
212 46
212 192
212 57
212 67
212 71
212 70
212 63
212 31
212 168
212 47
212 60
212 68
212 138
212 69
213 199
214 11
215 131
215 200
215 149
215 142
215 109
215 172
215 118
215 193
215 18
215 171
215 129
215 194
215 185
215 127
215 177
216 83
216 38
216 40
216 42
216 101
216 206
217 211
217 185
217 194
217 171
217 149
217 18
217 136
217 180
217 118
217 109
217 197
217 184
217 193
217 156
217 121
217 127
217 140
218 101
218 102
218 105
218 182
218 53
218 56
218 62
218 70
218 179
218 114
218 216
218 47
218 31
219 40
219 133
219 83
219 22
219 29
219 130
219 25
219 180
219 197
219 152
219 56
219 216
219 146
219 164
220 197
220 124
220 25
220 133
220 29
220 7
220 152
220 204
220 210
220 130
220 145
220 136
221 180
221 202
221 201
221 172
221 54
221 28
221 66
221 32
221 71
221 64
221 43
221 15
221 129
221 44
221 69
221 35
221 68
222 144
222 193
222 143
222 129
222 121
222 205
222 127
222 172
223 126
223 27
223 174
223 56
223 162
223 188
223 198
223 40
223 179
223 29
223 219
223 153
223 117
223 218
223 135
224 134
224 192
224 150
224 137
224 60
224 195
224 168
224 221
224 68
224 167
224 209
224 15
224 201
224 71
224 79
224 45
225 179
225 201
225 62
225 105
225 218
225 70
225 174
225 56
225 153
225 124
225 83
225 117
225 17
225 53
225 47
225 162
226 41
226 71
226 43
226 195
226 68
226 66
226 69
226 32
226 146
226 64
226 54
226 78
226 4
226 35
226 98
226 67
227 148
227 130
227 156
227 140
227 208
227 204
227 196
227 136
227 202
227 175
227 154
227 178
227 125
227 147
227 203
227 184
228 154
228 125
228 175
228 148
228 208
228 227
228 202
228 140
228 121
228 130
228 178
228 196
228 203
228 173
229 171
229 127
229 209
229 18
229 194
229 193
229 211
229 200
229 142
229 185
229 169
229 144
229 149
229 217
230 9
230 6
230 159
230 134
230 212
230 150
230 224
231 148
231 202
231 173
231 184
231 190
231 228
231 204
231 130
231 136
231 156
231 125
231 208
231 175
231 196
231 147
231 160
232 166
232 121
232 203
232 193
232 210
232 148
233 173
233 170
233 228
233 125
233 221
233 202
233 28
233 44
233 160
233 231
233 32
233 49
233 36
234 193
234 149
234 129
234 210
234 131
234 221
234 172
234 186
234 203
234 177
234 180
234 211
234 232
234 127
234 144
234 201
235 197
235 124
235 220
235 133
235 25
235 149
235 211
235 152
235 17
235 117
235 29
235 201
235 185
235 210
235 1
236 86
236 7
236 117
236 77
236 182
236 92
236 27
236 17
236 189
236 162
237 96
237 73
237 114
237 57
237 45
237 108
237 31
237 50
237 10
237 102
237 90
237 63
237 101
237 132
237 146
238 102
238 114
238 73
238 101
238 237
238 96
238 42
238 108
238 103
238 38
238 139
238 53
238 216
238 206
238 57
238 182
239 14
239 19
239 64
239 61
239 68
239 66
239 71
239 58
239 69
239 54
239 13
239 221
239 120
239 26
239 67
239 60
239 230
240 206
240 183
