164
0 0.1588034189858962552666100,-0.1876900817904305907024565,-0.0963907621737718073307022,0.7665912528150367055701508,1.5355911684266034811230384,1.7786105870169635068123171,0.9656290172390182835471251,1.0000000000000000000000000,1.9227814286354842909787521,-0.1937702463910776495836785,0.9578819207511292121992597,0.0000000000000000000000000,0.0000000000000000000000000,0.0000000000000000000000000,1.0000000000000000000000000
1 -0.3308710555702555344836924,0.0469140902286446920266272,1.0333102370543509884726063,2.0684195169485453114077700,2.6954741831876245505839051,1.3387221262504915841873299,-1.1247115703018415455716195,1.0000000000000000000000000,1.9227814286354842909787521,-0.1937702463910776495836785,0.9578819207511292121992597,0.0000000000000000000000000,0.0000000000000000000000000,0.0000000000000000000000000,1.0000000000000000000000000
2 0.2791906344862297162379150,0.8056560595648223355169648,1.5454685328763164697818411,1.7858577220889355618993477,2.5829154607576945146263370,0.5401693266072169485880750,-1.8608511220370886896091633,1.0000000000000000000000000,1.2935159811952692265890619,-0.2388328357780505339924559,0.9581180648450358106060776,0.0000000000000000000000000,0.0000000000000000000000000,0.0000000000000000000000000,1.0000000000000000000000000
3 0.3435819979743576779718239,0.1292964848375943998082249,1.1714081099540964991945202,1.7213883490770451878404401,-0.8078973424589936946915714,-0.5887390373222245454343238,2.2548815893661680043180695,1.0000000000000000000000000,1.2935159811952692265890619,-0.2388328357780505339924559,0.9581180648450358106060776,0.0000000000000000000000000,0.0000000000000000000000000,0.0000000000000000000000000,1.0000000000000000000000000
4 1.4051308144994520965553875,0.4045595577906631046261055,-1.4753096087036308148299213,1.3869155620656148375502426,0.6782750555047242224659954,-0.5426397763856871669929660,-1.9137603865797281343930081,1.0000000000000000000000000,1.9564141648385739991056198,-0.0079920906610750352960792,0.9555495161379452540018065,0.0000000000000000000000000,0.0000000000000000000000000,0.0000000000000000000000000,1.0000000000000000000000000
5 0.5753801086413531384877729,0.6565538569209605768151050,-2.3783241289644441174289113,0.7400644852219515623659163,1.0094597799026019391277487,-1.2691051013623853016554222,-1.6545883879361826807041780,1.0000000000000000000000000,1.9564141648385739991056198,-0.0079920906610750352960792,0.9555495161379452540018065,0.0000000000000000000000000,0.0000000000000000000000000,0.0000000000000000000000000,1.0000000000000000000000000
6 0.3364541665507014833735866,-0.4559560169596162393368388,0.2624237673581097385344663,1.5256466086724222996906519,2.7173882425220798886300599,1.0169434005007813581755727,-0.0293062849448108390937318,1.0000000000000000000000000,1.9051856057044052050741811,-0.0068674482437164896531101,0.9555628383418371951663062,0.0000000000000000000000000,0.0000000000000000000000000,0.0000000000000000000000000,1.0000000000000000000000000
7 1.2737290500528308800909372,0.4866292202478846307123206,-2.0636795270900223364662907,0.5234813361101077200387977,0.5207646058510729814017282,1.0552861150611594354131739,-1.3345705064712296561424409,1.0000000000000000000000000,1.9051856057044052050741811,-0.0068674482437164896531101,0.9555628383418371951663062,0.0000000000000000000000000,0.0000000000000000000000000,0.0000000000000000000000000,1.0000000000000000000000000
8 0.6200781050947812289564354,0.1515422393334509565399060,2.0407660539640288810403490,1.0647205134212376353985974,1.5436155027094400349341186,-0.3498004466992805649994125,-0.3459161827332132288503885,1.0000000000000000000000000,1.2632647175450180121458743,-0.0464151820616867383240134,1.2750877230777812876283406,0.0000000000000000000000000,0.0000000000000000000000000,0.0000000000000000000000000,1.0000000000000000000000000
9 0.6298687357484740179103255,0.1649654084246586494000297,2.0723258544745433162859172,1.0451920021564002905023472,1.6159726355556824906045676,-0.3764032048063368218748792,-0.4467883650441109577577947,1.0000000000000000000000000,1.2632647175450180121458743,-0.0464151820616867383240134,1.2750877230777812876283406,0.0000000000000000000000000,0.0000000000000000000000000,0.0000000000000000000000000,1.0000000000000000000000000
10 0.9282108049111968961497610,-0.1983348872880918156713648,1.0205808539354814801214388,0.5773116609516772967936049,2.6522360421699175958565320,0.1308629953446160953944855,-0.5226684413095468162424595,1.0000000000000000000000000,1.2507086311982518189722668,0.0699172810464712413125454,1.1743563701046426661633859,0.0000000000000000000000000,0.0000000000000000000000000,0.0000000000000000000000000,1.0000000000000000000000000
11 1.0723502248039828987913324,-0.3269842366387892829138195,0.6110509734484041999280635,0.5712368381833069497233168,0.3026788727926134070500552,-0.2363829786127353838054432,2.2546802631479749834397808,1.0000000000000000000000000,1.2507086311982518189722668,0.0699172810464712413125454,1.1743563701046426661633859,0.0000000000000000000000000,0.0000000000000000000000000,0.0000000000000000000000000,1.0000000000000000000000000
12 0.7595337220668637590037520,0.4625669538790452839371881,2.2918287160846499972421952,1.1814374241097604922856590,0.3385133474164044309340227,-0.4309637960656378385948528,0.4201171821673874706704055,1.0000000000000000000000000,1.2733362020986789264753725,-0.0197197641756943278790182,1.1998087477636563136229597,0.0000000000000000000000000,0.0000000000000000000000000,0.0000000000000000000000000,1.0000000000000000000000000
13 0.6314113267263677942153777,-0.3625034069925818780433247,1.1499409998487108985898431,1.1827813646377660639075202,2.8253864073542684920425927,0.2943618322230698858277265,-0.7422007367273881772717914,1.0000000000000000000000000,1.2733362020986789264753725,-0.0197197641756943278790182,1.1998087477636563136229597,0.0000000000000000000000000,0.0000000000000000000000000,0.0000000000000000000000000,1.0000000000000000000000000
14 0.7958823878360141712562381,-0.5226852550688680931756380,1.2331523821049250599912739,0.9655522784389358736945042,0.7104670952843965547884864,-0.4438533878158095191679422,1.4452023996774900904682681,1.0000000000000000000000000,1.2515311001108637700696136,-0.0158676856597269391735416,1.3545177924234967914429717,0.0000000000000000000000000,0.0000000000000000000000000,0.0000000000000000000000000,1.0000000000000000000000000
15 0.9509116351069264450046603,-0.6395614646775564793301783,0.3772022888993761258191739,0.6228130720970532774316553,1.1859167409668753823126508,0.6046644261128570896346446,1.6540233623783351379898932,1.0000000000000000000000000,1.2515311001108637700696136,-0.0158676856597269391735416,1.3545177924234967914429717,0.0000000000000000000000000,0.0000000000000000000000000,0.0000000000000000000000000,1.0000000000000000000000000
16 1.4443438727712623048660134,-0.8216792134678577719242298,0.0722923158035020524403436,1.0416214084671970852014056,-1.9469138464190671733433646,0.6226190070726995706706930,-1.1957799326566149744621725,1.0000000000000000000000000,1.2559144516363340837727947,-0.0368931456407965846500119,1.3172530378295355113493770,0.0000000000000000000000000,0.0000000000000000000000000,0.0000000000000000000000000,1.0000000000000000000000000
17 1.2198313275167511626762007,-0.8750511605382328417235271,0.3327781148051673909549208,1.1787454604449041362101980,-2.3028882176170082374255799,0.5197013060188391264659913,-1.0124717702232668425921247,1.0000000000000000000000000,1.2559144516363340837727947,-0.0368931456407965846500119,1.3172530378295355113493770,0.0000000000000000000000000,0.0000000000000000000000000,0.0000000000000000000000000,1.0000000000000000000000000
18 0.7839427608194697860710676,0.8165878877546058900449566,-2.8845136913368292219672639,1.5730148436795223787498799,1.2183781566130715834361808,-1.4515645580606371112253328,-0.8511401760069683408715946,1.0000000000000000000000000,1.5994281991615091342850974,-0.1442310232642251555112978,1.1960382207976831825391173,0.0000000000000000000000000,0.0000000000000000000000000,0.0000000000000000000000000,1.0000000000000000000000000
19 0.6169239944423202670620299,-0.2351436696927831915271412,1.8643799718790903252596536,0.6321026190964191826537899,2.6388840613325639239405973,-0.7825911207043524386861577,-1.0457490431678835296480656,1.0000000000000000000000000,1.3130345912943754971280441,-0.0698617038875173901324445,1.4100443708291483524419618,0.0000000000000000000000000,0.0000000000000000000000000,0.0000000000000000000000000,1.0000000000000000000000000
20 0.6191806689967810362063005,-0.0175890302585252206180044,2.1233451488626502445811184,1.2573936623808608104013729,0.6409143701143268367914629,-0.6805530810638112937382971,0.6217123506379066411042800,1.0000000000000000000000000,1.3130345912943754971280441,-0.0698617038875173901324445,1.4100443708291483524419618,0.0000000000000000000000000,0.0000000000000000000000000,0.0000000000000000000000000,1.0000000000000000000000000
21 1.4331642666055248724887861,-0.8233827349078685076122497,-0.9691927100127206706758898,1.9230107953720754210280575,2.8386226423932643392333830,1.0451108766929761983988101,0.7613844157875374607513663,1.0000000000000000000000000,1.7420523657892141855541013,-0.0682993626074396842362546,1.1831431774809690882221958,0.0000000000000000000000000,0.0000000000000000000000000,0.0000000000000000000000000,1.0000000000000000000000000
22 -0.0678137418480228015837952,0.2483689264557740195016322,1.9881789384315255997393024,1.0377867576244566016896442,2.5446436689521436669281229,-0.9631486246190725797333698,-1.3163201781508571119871931,1.0000000000000000000000000,1.7420523657892141855541013,-0.0682993626074396842362546,1.1831431774809690882221958,0.0000000000000000000000000,0.0000000000000000000000000,0.0000000000000000000000000,1.0000000000000000000000000
23 0.5412467219179409871898656,0.9649503601277709119443671,3.0480226494324180741557484,1.8266085757561456581754555,0.7529497812847231186239583,-0.9741362717347854527361051,-0.4350942341833377025039908,1.0000000000000000000000000,1.7301522896067016432652963,-0.0724217221478101191856069,1.1952012258093809293768572,0.0000000000000000000000000,0.0000000000000000000000000,0.0000000000000000000000000,1.0000000000000000000000000
24 0.5092666151598476131923121,0.7152866508136012102525569,2.2999893403861992879910758,1.7508149853376293592077673,2.4822356106968617162067403,1.3969321019933240712873612,-2.2476993775687077459224383,1.0000000000000000000000000,1.7301522896067016432652963,-0.0724217221478101191856069,1.1952012258093809293768572,0.0000000000000000000000000,0.0000000000000000000000000,0.0000000000000000000000000,1.0000000000000000000000000
25 1.0567990771685280559921694,-0.8133148545098287662824532,1.4724999503550535440155045,1.7031707449874431414826859,-2.2821654842643837035609522,1.9430245777792412020801294,-1.4120493932594881947295562,1.0000000000000000000000000,1.2839768859716025328765454,-0.4054297277496334839241854,1.3775511092634644683130318,0.0000000000000000000000000,0.0000000000000000000000000,0.0000000000000000000000000,1.0000000000000000000000000
26 0.2565198611176635057340434,-0.6189481617861976037175964,1.9351026410070804040230996,2.1539032614729292092192736,-2.4917364553850056552164460,0.9317335998321571999269963,-1.4930902122167992729373509,1.0000000000000000000000000,1.2839768859716025328765454,-0.4054297277496334839241854,1.3775511092634644683130318,0.0000000000000000000000000,0.0000000000000000000000000,0.0000000000000000000000000,1.0000000000000000000000000
27 1.2166645090403502837972383,-0.1162083092763447345063810,-0.1540264330763251587885776,0.6700022367886901974998182,2.4500259950528469055086589,0.7482450798844197947801149,0.6975362317927291666563860,1.0000000000000000000000000,1.2262524041190054902017437,-0.0136359343694690271497905,0.9575303947262141512908329,0.0000000000000000000000000,0.0000000000000000000000000,0.0000000000000000000000000,1.0000000000000000000000000
28 1.2991046307252378522179015,0.0053980084378991459101438,0.5429715996202454375563207,0.4895119697106466993830054,0.4693176372684549901848072,-0.7595847927777026331597199,2.1970366649044836826476512,1.0000000000000000000000000,1.2262524041190054902017437,-0.0136359343694690271497905,0.9575303947262141512908329,0.0000000000000000000000000,0.0000000000000000000000000,0.0000000000000000000000000,1.0000000000000000000000000
29 1.3799047574845959562850339,0.7043921312823947511461142,3.0445889575634983437169012,0.6102310884669847057537595,1.4291672123775989167171474,0.4447529462374528730350676,-1.3501753159201144161016828,1.0000000000000000000000000,1.2468123006573004207808708,0.0101200102456472929013387,0.9570361499497834767424820,0.0000000000000000000000000,0.0000000000000000000000000,0.0000000000000000000000000,1.0000000000000000000000000
30 1.3781650817541188924764128,0.7769414744179706788784756,-2.8063467024567891883179982,0.7854976846297786474693226,-1.7280677919893925320593553,0.2297572678559260950237331,1.4727621761999161176248663,1.0000000000000000000000000,1.2468123006573004207808708,0.0101200102456472929013387,0.9570361499497834767424820,0.0000000000000000000000000,0.0000000000000000000000000,0.0000000000000000000000000,1.0000000000000000000000000
31 1.1401902177758995726719604,-0.1236430430013289172297419,-0.1087952203019488250923530,0.6795231031221961037758206,2.3457047713319827408895435,0.7874992144235872792989994,0.7312782540348574666921877,1.0000000000000000000000000,1.2667465605152521401777221,-0.0013006470311901774383756,0.9567866195280974039860666,0.0000000000000000000000000,0.0000000000000000000000000,0.0000000000000000000000000,1.0000000000000000000000000
32 1.5182773764170152119845625,-0.1913112845917645798987650,-0.3613143870054757456067307,0.8631052784990221882210903,0.5953302722750964948161823,-0.6211394351539851754750998,2.9970364451505453473600937,1.0000000000000000000000000,1.2667465605152521401777221,-0.0013006470311901774383756,0.9567866195280974039860666,0.0000000000000000000000000,0.0000000000000000000000000,0.0000000000000000000000000,1.0000000000000000000000000
33 1.2866352634642324037628214,0.8649405101557448016791341,2.8199704560624438975935391,0.9362979134334652453475201,-1.3077591491982434313001704,-0.5900508342730118593877364,1.4841597729573761110799524,1.0000000000000000000000000,1.2500702673243686557924548,-0.0443731851197654361684819,0.9574956318607998895231503,0.0000000000000000000000000,0.0000000000000000000000000,0.0000000000000000000000000,1.0000000000000000000000000
34 0.8020421300468569825170562,0.6743255529342216947341626,1.5090373159035899153224136,1.6928425820441914684266749,2.4511030108149944872764081,1.7603074914125294014866085,-1.6147243990896655851940977,1.0000000000000000000000000,1.3269122809064166634840376,-0.3017653252704838862108261,0.9570019797664144345361592,0.0000000000000000000000000,0.0000000000000000000000000,0.0000000000000000000000000,1.0000000000000000000000000
35 1.0851405152767841233441004,0.7171398194396108038972670,1.7767047855979105630552795,1.3693855609750793522749746,2.3804156525250772524771037,1.9239327171463207477586366,-1.6065214300458452445496960,1.0000000000000000000000000,1.3269122809064166634840376,-0.3017653252704838862108261,0.9570019797664144345361592,0.0000000000000000000000000,0.0000000000000000000000000,0.0000000000000000000000000,1.0000000000000000000000000
36 1.4517210702439011793529744,-0.2143518971575466558476819,0.3509902218610497781625668,0.9418234044723399200904623,-1.7772504602554772823452822,1.8840063476860553492997497,-0.8738045384595839459862532,1.0000000000000000000000000,1.4888126644020958089242868,-0.2479944545766313013235305,0.9584133547839770450593733,0.0000000000000000000000000,0.0000000000000000000000000,0.0000000000000000000000000,1.0000000000000000000000000
37 0.7874333311310036664920631,-0.2094795050180824069752106,-0.1879381263379454602979735,0.8404519911711099133810876,1.5851620734333164985940812,1.8342955677464116703845320,0.9192148767251265839561825,1.0000000000000000000000000,1.4888126644020958089242868,-0.2479944545766313013235305,0.9584133547839770450593733,0.0000000000000000000000000,0.0000000000000000000000000,0.0000000000000000000000000,1.0000000000000000000000000
38 0.0873672580557871975015516,0.3703341370932642373503541,1.1697286114504763521182440,2.0613441642291139288545310,-0.5604887669848960252139136,-1.3470307313124791903646837,1.7123167873903830660253789,1.0000000000000000000000000,1.5537862527667480883053486,-0.2380047743385680092398360,0.9589306410187532492273021,0.0000000000000000000000000,0.0000000000000000000000000,0.0000000000000000000000000,1.0000000000000000000000000
39 -0.0976205208099649446307211,-0.1233341061562517049221555,0.9477096887147957726682534,1.7265607988168678588181137,1.1831666315309827819390875,0.6694478202468938654590147,0.3265249725512698875107276,1.0000000000000000000000000,1.5537862527667480883053486,-0.2380047743385680092398360,0.9589306410187532492273021,0.0000000000000000000000000,0.0000000000000000000000000,0.0000000000000000000000000,1.0000000000000000000000000
40 0.5716510345067002951680024,0.8517787587346705713287065,1.7198625659455650804829929,1.6176533286915757425816764,2.4144251149207387463491159,0.8107066093062544887004606,-1.7704886660800465136844650,1.0000000000000000000000000,1.2582274060734675025230445,-0.1997875109081098665697596,0.9557922685266435625095482,0.0000000000000000000000000,0.0000000000000000000000000,0.0000000000000000000000000,1.0000000000000000000000000
41 0.4842348356375792972627892,0.3740848177877089120180187,1.3609075263889747198220448,1.5926328029339218428361846,-0.5863622917443422899452798,-0.7530689932187408786035121,1.8282402470684924189470166,1.0000000000000000000000000,1.2582274060734675025230445,-0.1997875109081098665697596,0.9557922685266435625095482,0.0000000000000000000000000,0.0000000000000000000000000,0.0000000000000000000000000,1.0000000000000000000000000
42 1.4683873979559445288600728,0.9260974403698359891379255,2.2782433923257832120157218,1.2467478211986215974604875,1.9889227642696076792105941,1.9405898321143304485758563,-1.7094628552446320401969615,1.0000000000000000000000000,1.2885598861791938141152514,-0.3815936876608029271196187,0.9594987942764995336730749,0.0000000000000000000000000,0.0000000000000000000000000,0.0000000000000000000000000,1.0000000000000000000000000
43 1.1185733789213274658180808,-0.4224019433749267582456355,-0.1697522861731369514526335,1.3615148442395876848820535,1.6640862232543691678898767,1.6750248918193508806950831,0.6385990454490249046415329,1.0000000000000000000000000,1.2885598861791938141152514,-0.3815936876608029271196187,0.9594987942764995336730749,0.0000000000000000000000000,0.0000000000000000000000000,0.0000000000000000000000000,1.0000000000000000000000000
44 -0.2780197415655287773716964,-0.4230086159324311090301762,1.4385283585906867287462774,1.4839254896985016873856011,2.6042898834856647027891086,1.5363565781806531873598942,0.6737940843155585390888973,1.0000000000000000000000000,2.1185331567149541243111344,-0.2238494985246100021925031,1.5508126274021525325963466,-0.3390671652436852423484481,-0.5004984888057411041017986,-0.0192514157994389534245272,0.7963428442471325308105179
45 -1.2951657675194472307822480,-0.5136598451196494607984278,1.3673681661457717240182319,2.0295410923210628340029871,-2.9509062218274486610880558,1.9059858526190009975209705,1.5576422643291962799594330,1.0000000000000000000000000,2.4992859573555454844040469,-0.8554168022060806286788193,1.2921207597823591850527691,-0.1935018814689293265018932,-0.1103820528352260077475933,-0.2301662432250604073402656,0.9473088850779534109136648
46 -0.1203203116116737803054093,-1.1390960021410583280498940,0.8864045176595571895461489,1.0704096283374398002052885,3.0145676061704609338676164,1.8668263003512497455460561,-2.0416652625206230808885266,1.0000000000000000000000000,2.0407520934201159867882325,-0.5281340287948710354726245,1.8470748221342356831797815,0.7544512622577845828431009,-0.3646855298262834388367537,0.5430845657975971185749131,0.0535237832261324097959942
47 -0.8306263946629217631567599,-0.3206319353122411008882864,-0.3230828826622351712671843,1.4053904499632259295083259,-1.8590360905453731099612469,0.1456475154450809217365759,1.3812091935361783257008028,1.0000000000000000000000000,2.5019925275538583697709782,-1.2644254975650903727313334,0.6574841074474397917271062,-0.3302985863184929038460780,0.5245874934594333405257771,-0.0769928927167654042484912,0.7808845774028599917571114
48 1.5438588332276719228275397,-0.1561147938711169302905546,-2.1674552908480091417686708,2.0864653165770996601224851,0.6754925794007688999442962,-0.9389622048828175637780191,0.8158844300438112817630554,1.0000000000000000000000000,1.9344269094082340298967893,-0.4357621369134582200999262,1.7055339720624855814889997,0.1363857656280398344961213,-0.5284629656555057675149101,0.3314308812262415915306235,0.7695954827440381063041741
49 -0.5241059373709544555453022,-1.2567972202933379577416417,-1.2524269557655793860817539,1.2264730100093748088596612,-2.3851045298949373751895564,-0.5266072849048144544070738,1.3488997054602478442575375,1.0000000000000000000000000,2.4500093624943208858724120,-1.4286480199834474813513907,1.5231797072335344633842169,-0.5546041191694737193529363,0.2990173984994888289890014,-0.1840399112606048714901874,0.7544070186524391985471993
50 1.4818969436040401177478998,-0.1236022900653082068345157,-1.6632354956790980082814713,0.3474700442782929221685606,2.1578887351867228616697503,0.3406557004286101530965425,-2.7758355082472951913530324,1.0000000000000000000000000,1.2472252415403950465133676,0.0716909126814091746116020,1.2226695586113152103280299,-0.4742524608776494954298641,-0.7570569988249540305247365,0.4175480745108202107473971,0.1661351490036249156645454
51 -0.4750245864108106896850359,-0.0394185726830822424915368,-1.7899580627124354048618216,1.2172764017485435683596506,-1.9801310866526939946652419,1.3738756853169906690936841,-0.2328602703036088961141559,1.0000000000000000000000000,2.5384607287461613545076489,-1.0587699590221559819980257,1.5814948576938021584936678,0.6078343973351866269538846,-0.2457043387463986872099042,0.5159595004604905499334677,0.5513168898881972701531140
52 -1.0348145737450429315629208,-1.4505382430672355553724628,1.9502168019896286565995069,1.2117953028072578902651912,0.9072761974326688516612194,1.7801443092442501558991808,0.8375663284773784411640918,1.0000000000000000000000000,1.5547756637805238977279032,-0.5666415913169585705233544,1.4997375471283940218114594,-0.1754291299619078481342171,0.8200007187269926500761130,0.4990345091033577817896116,0.2185995723627805475963726
53 -1.4493133020280808409552264,-1.2651471227100801186793433,-0.8714862219700196810379111,1.6238371112075804525431977,-1.2512821939207066090915532,-1.3760153523762139737840471,-1.3550178517606192851729929,1.0000000000000000000000000,2.2196851701721422855939636,-1.5400184519521802339880878,1.4235500536067471344381374,0.9682675624573231498715131,-0.0997019425861090519136454,0.0319775372807979962885838,-0.2269200096112042874807457
54 -1.4950340302018461091648760,-0.5790644634515345057224067,0.3740036875872774224660589,1.4489551802589346607419429,0.8019317825049778747370510,0.3295716251204068303337635,-1.7498926208153797734468071,1.0000000000000000000000000,2.5558479835752656583736098,-1.1530196999681925351666223,0.7987639195470017661193651,-0.1329382428393401094357529,0.3958819182797670421791736,0.1677958370503150054009467,0.8929990639954805686784312
55 -0.9548208013226840984444266,-1.3302419422488853673058884,1.9845028959618895569860797,2.1118004188210703908623600,-1.7848620047857344239616850,-0.7098354141667623240508078,-0.4644894685547282797699609,1.0000000000000000000000000,1.5108257296449723039444279,-0.4299388813602639247690718,1.2776921183608884735605216,0.2633111336503028976352425,0.7049963629018665134395860,-0.6573865135581493657213059,-0.0385777475393414559512451
56 0.5961049861958014339791134,-1.2585336748554993846482830,-2.0912111492732692319407306,1.5097924678492320449407771,2.2885336188392404466185326,-0.0268065937314649893608021,2.0784855386267819810086621,1.0000000000000000000000000,2.3955003901301905600007558,-1.2219618989075187176496229,1.6729948905838916139998673,0.8496956695078611287996750,-0.2603164927365034797546173,0.2347530085583925396619520,-0.3938799293821603209053706
57 0.4966812692197390965986870,-1.2254158145731386397869755,-0.4543891694082149435018891,0.6424059507625203835345928,1.7996607575130934009166594,-0.0341028261701039614450792,-0.7419603822245077751063036,1.0000000000000000000000000,2.2076634855222958542242395,-0.2244346344150326966193632,1.8852613685619952210714700,0.4913665269865400420101764,-0.0509880208868980777658919,0.4925477828133695279433368,0.7164870351777077317478870
58 0.2630759491955245721328538,-0.0310207993155442451893578,-0.6322058693535241857830442,-0.0465228980186036325528143,2.4711698133918318376345269,-1.0268552058000377513735657,0.3071411704617279525564300,1.0000000000000000000000000,2.5055285722640201484523459,-0.2191961883299335389629903,1.0786955536556808166182009,0.8528313494260311156125454,0.0846681625260114478770390,-0.0688071829891204744811262,0.5106596718242168986279239
59 -0.8553859304331327129133911,-1.1874279365392528262646010,-1.1002877634192362865661607,0.1784742357695820458296510,-1.4206221197292314695204141,1.5543043564598479910898732,2.5685776133935798171137321,1.0000000000000000000000000,1.8932993759506324682462264,-1.2543625383148064855731718,1.9308053061510974668379959,0.1804494568127095743825805,-0.8556568921020627493945199,-0.4052532702297270694735687,0.2665649299809337291478073
60 -1.2387511875447370091052335,-1.8064785451048417375119470,2.0904827484774681778390004,1.0470642567542678413872181,2.6255192202555575065048288,-0.9558827777262410840819484,-2.8480256689009380011157191,1.0000000000000000000000000,1.8243574230688550663614933,-0.2391480780138291462044720,1.5541281986577553109185601,-0.2638636887605488867691861,0.0390096468923091799219094,0.5410549233295619542261079,0.7975660181965829043093663
61 0.9316773262517541454030834,-0.6982564469069503232390161,-0.8149002747356632880837424,0.8096271511817476618233513,-1.8355607198730861107094370,1.9418379278937312193420439,-1.9907692030387786896739044,1.0000000000000000000000000,2.0494264397274255529168840,-0.4108999375124751107790644,1.6185982331945967249708929,0.8231969214527606881759425,-0.4346254081177711725558765,0.3281678968927860262638774,0.1604716724917888692747425
62 -1.2660579820637281045492273,-1.3294582186632126763470296,2.7419133286495140922056635,2.1009496826897140486778426,2.1677095945052382575113370,0.2646896878065352343156746,0.9855561804662258396092511,1.0000000000000000000000000,1.3542651517710897479673804,-0.4946023747420984495448693,1.3948908933262909037864574,0.3153112467657923634334338,0.9431975488414765518285776,-0.0993841188209653031426782,0.0328302513778209736905467
63 -0.2143449338148224470046443,1.0105190217399595553615654,-2.8396063307431167466177158,1.0010210989578722795556587,2.3334854241406945973835718,1.7648533280146829760326455,0.0700132286273937864962136,1.0000000000000000000000000,2.3847494878491946046494832,-0.8797053260035155863860723,0.6159407176121743932029062,-0.3025967419967204308228759,0.6970029242505356714687537,-0.1719117633369416364708115,0.6269500135045721345150582
64 0.1200560139420669969467781,-0.9356993032892695350000167,2.6235149735831884143522075,0.0462593528145269078377666,-0.7132864439777502063577685,-1.5613701292244910323603335,-1.6569395136926043932135144,1.0000000000000000000000000,2.3079378615903487492744262,-0.6627020701973582728072643,1.7511315464622687620988017,0.4399062864982187237572475,-0.0027389099246263315379224,-0.1999128920993506752790125,0.8755042636810541623049176
65 -1.1772450267308489646467251,0.5547498739854201943444423,1.5474232592582470857678345,0.4743698518352442161649662,-1.4994608150275707814103043,-0.5745792317152279560232842,1.3333440157586453622684530,1.0000000000000000000000000,2.7822761234494901572134040,-0.9707983610731192314347027,0.7959225923348111075839029,0.7212542599461078118849855,-0.0206419441627264110827866,0.0060961134338379241448536,0.6923343467062712530690760
66 -0.1256744801072935402430630,0.6470337932175183048855160,-0.8778852832629824298749099,0.0047407648818291459047458,2.0684604148973990689341917,1.5424195080970948268372922,-0.5192138469015312729482048,1.0000000000000000000000000,2.0401062941066747669083270,-0.3867325575370594292756721,0.5770300379173025628887217,0.1632642774420976494731406,0.7461553702531457110680435,0.5553908735214472258689966,0.3288398644296527395525231
67 0.5074965002591369511719677,0.0823758066014277368083185,-2.4705360012237629341314005,2.3025128007738446811458743,0.5885080448032860012119727,-0.7874541934029721801380219,-0.2496886333500447641142728,1.0000000000000000000000000,2.1215509512653314416752437,-0.8061463007225811994160836,1.7395397590506385121500443,0.5933511862172932138648207,0.3932492288327515406187729,0.4535480630569607152224876,-0.5362661193985641672199449
68 1.3606632765593809075710396,0.8508491390467849413425938,2.0988736850066000982906189,1.2803882776025625744864556,1.5175338209367046360398490,-0.1883040371981739014017876,-1.8249828694509262483336443,1.0000000000000000000000000,0.8295667112712625801407285,-0.7172167618136339184431449,0.9738356908932328526162792,0.0601707132146358514290796,-0.8945734156354665511656776,-0.4417939890739918107342987,0.0305582437251806227074269
69 -0.4511055625239031030560000,0.3458939309142969875665585,1.4788902988026935148013763,1.6303260869701978741375115,-2.0029256348330184422934508,-0.8975859638384053873494395,-0.6879398684003112940388291,1.0000000000000000000000000,1.8669956683916932860256566,-0.1985685625486030836395202,1.2444947429310717623707205,0.1405334534811973901113902,-0.4903288764268755595132632,0.6487786193153858294024872,0.5647229973354935816942657
70 0.2110051941085868687508764,-0.4905892802745053238311357,-2.3064768603765131160798774,0.7140873848777670174214904,-0.9202736861367122322974410,-0.1791818109912546308493120,-2.8336156193905583933201342,1.0000000000000000000000000,2.5034485718683638921788770,-0.5342500983749058907079643,1.8625590957677149450688603,0.3542708759408891294739874,-0.2573796666982769987264135,0.2325395533503592238044888,0.8684301969282031130603627
71 0.6543945789653449196521251,-1.7225757665166516741095393,-0.9579603584842479868655118,1.8067767293829359864787421,1.3402977291081556998619817,0.2064520554970989962839667,0.4859607950779425422638269,1.0000000000000000000000000,2.3939756238678091548877092,-0.4850271361988469087656028,1.4170803005720229439390323,0.7646236352521778023572097,0.3379861524572074782390985,0.1188701869402528088492943,0.5357086225757896613686171
72 -0.2025550776816755771392309,-1.4728239004182739346759945,0.3111661824966485134780214,1.7268820118293546350685119,-0.4632692323533209588504178,1.4883991985132718482987002,1.0669568173885144446444428,1.0000000000000000000000000,2.1983736159323514769425856,-0.6650158266346969382354359,1.1246235350675435338274610,-0.1026675496217161476231183,0.6000510841991454347166268,-0.1650120579037517298814919,0.7759941206539123781382727
73 -0.0199884001459729176986002,0.3768345969737669776122857,0.3271650901212423967479026,1.7818312897979426967509653,0.4643250918133765559048243,-1.3295007530004863127714998,0.5969314397200622401840064,1.0000000000000000000000000,1.9738531242519186115202956,-0.6548136875504240173029302,0.4258096363262254269166363,0.2125951492965817424263264,0.4602440255811810487784896,-0.0140860512664318093811744,0.8618457706469893064848975
74 0.0015871307314225813200892,-1.0680178536507383135756299,0.9905214100470072224879914,2.3378032875600287532336097,2.4945618076955717867804196,-0.0700736485762329941451299,-0.5253031336852829191741421,1.0000000000000000000000000,1.6268174445844243436454235,-0.4014056811279820280446984,0.9029753669173130603553545,0.2352590441359877493354702,0.8349287998761534268510331,-0.0116966436969637849196957,0.4974013205278515759033553
75 0.1923468014726201769093450,-0.9434045065838863042273488,-0.7067302676857520893349829,2.4826742065980442752959334,0.1132570519541653553119431,0.7487670781887842963442381,1.0537588618783084726260313,1.0000000000000000000000000,1.9319435486414486824457981,-0.9461380159709351644892195,0.8296660831479907294294662,0.0735467383820414544182142,0.6770991839581131932490621,-0.5109537511348127836185995,0.5244536246797443235223568
76 -0.4088527172764646611113903,-0.7414756519135439205570037,2.7170502799769229440585150,1.0069125226516799642695332,3.0240719224592069735990663,-1.3960022115543817555760597,0.7185733136961114375651505,1.0000000000000000000000000,1.6251661788334335057015778,-0.6835834460919850696924982,1.7894931535804456945726315,0.0228876732843518448934361,0.8749121011136771208782648,-0.4830646643770337700374284,0.0255205207818746671044607
77 -0.0730648188881384275106257,0.0248261217725587179927516,-1.4293091050881747694489832,2.0620200236458425813168560,0.7212668324943010134120414,1.8032685156563967865395171,1.1382690162776363251850853,1.0000000000000000000000000,1.9295276089080568571176855,-1.0286507221731806538400633,0.9253350999653415787093991,0.2832421244843601471075090,0.3183078211641311439095148,-0.9039799285549521279392593,0.0356669840297698936826265
78 0.0433960461014741838425834,0.4244593037392290213460910,-2.0931403475665479874123776,0.6876721897393799354247790,2.7390959020397138701241602,-0.9155743632171317036849700,2.3955478516661319332570201,1.0000000000000000000000000,2.6823348241300126737485243,-0.6440497317837647894833708,1.2419211301083274978651616,0.9229262858018875137489090,-0.1441369576326459733817131,0.3496657161626816057165001,0.0718561300572305994283084
79 0.7391964583206700467599148,0.7745035246300990827705846,-2.3891481149805802175478675,2.1337378993778197688868659,-0.5942007910028106465460951,-1.0302984016017600055192815,1.5874841811156290560802518,1.0000000000000000000000000,2.3425675319027101650704026,-0.4416049983908942877519621,1.2402536741928671393253580,-0.6073472593299150679158060,-0.0973072297879457592806318,0.1676342264553308814001298,0.7704267230454684423079925
80 0.0913413651089276523720173,-0.3069150904016171299559801,0.7689488368986734379006975,0.5998305919737696445537267,0.5612584020468682766136226,-0.2691507629017793057357721,-0.4084688990635187977318310,1.0000000000000000000000000,2.2681577751932815445456981,0.0680791798241987961004540,1.1469967495700064130659257,0.3494878013407811678803228,0.2356045636183619618186924,0.4310112908747568694067809,0.7978570207906365840955232
81 -0.1500433943530643521313550,-0.4464472796243832419804676,-0.6108907736902695617686732,1.6822199890707709712955875,-2.5880967317899208346432260,0.7637165558225658124058555,-1.6424440992704798514267850,1.0000000000000000000000000,2.6495747914084502028231327,-0.9051031183368136723288444,0.9231190793342831657497527,0.5765832127708196974680277,0.0102921647422313244923942,-0.1455024349905252312176174,0.8039108820555209700131627
82 -0.0990242545726223166724367,-0.6041190848141528846326764,1.3588739399489648818075693,1.0379742810968188848619320,1.0221334212669797025796470,0.0533896704676306566028643,0.7656118643221501152140718,1.0000000000000000000000000,1.8994308392401659801862479,0.0461457888838341101500617,1.4673297032637628856122092,0.6381337069142460904913605,0.7404581762997508587176299,0.1997315660206675502763574,0.0679126803379654919723407
83 1.0487173262653168848146379,-0.7458648213878573685065021,2.1303659233163614317163592,0.3468791203298042802316559,-2.2624323113483528757683416,-0.5350072565964194559740008,-1.8497714620860161716109360,1.0000000000000000000000000,1.3757110988497684989084746,-0.4572575078271524096074074,2.0456638790081931311704011,0.0183528499331586068821220,-0.8038945396330654524774673,0.0243172625134326532425622,0.5939893678240477647989337
84 0.0279025185724164348499698,-1.2126013532968242802922987,2.1745591726392214937391145,1.9386728612485679690280449,0.5842346141893575151016194,0.1664541160230199601244294,-2.1644422271528478418645136,1.0000000000000000000000000,1.1477627740851172877256658,-0.7729479866921958874925735,1.3894195832223465991717148,0.0811096658906936829325218,0.5831712847504019192612645,-0.8028536716754436364240632,0.0935748986679911520791819
85 0.0983985767621777807079297,-0.7827636895784004789078381,1.1296244155126551333978568,1.6399971829215047591787879,-2.4750534980856131461735004,-0.9017777087360232535218074,-2.0560545918667014753111744,1.0000000000000000000000000,1.4306515415045213401867841,-0.3324664601186861356829638,1.1714548574976519912382855,-0.0251190408832132755501121,0.9777768503533601496258143,0.1364036147986650293617572,0.1572050846067666873828728
86 0.7957468868759982605354253,-1.5695610376785325001947058,0.0911085339556212403522295,0.4378731776009654463877041,-0.9482075871774959807680716,0.7798023047439457400287210,-3.0476524494610042204101319,1.0000000000000000000000000,1.9234486868070439502531599,-0.3837879466312298926133906,2.0220739303883439319520221,0.8677243855093718094551036,0.4148382221719623119682296,0.2729787249344587385380123,0.0210747707453370070052046
87 0.8249965669737107099024342,-0.1472401032188161984493036,2.1028998515702665983440056,1.4882174181296570214527719,2.8300256066308477898019191,2.0037702013448059901179477,-1.8345752713659664312473296,1.0000000000000000000000000,1.5465520503350200787195945,-0.2325520386560218089044838,1.4913701198065214548194035,0.8513666637647152590773203,0.4805300189280509726152957,-0.0564926461021900139236607,-0.2026625599951744072235726
88 0.8095771437130308001428602,-0.6154462388113355331142884,-2.3311515141338112755420298,1.0030451504853763466940109,0.8068151659824960297839880,1.8516937470414815969377287,1.6358817756655072983562604,1.0000000000000000000000000,2.2338472893832150845128126,-0.6562596022245446025777937,1.4548005902154146351534791,0.5798585619222969000929879,0.2000310401219129452510259,-0.4211671808815151685223555,0.6681076063038110524061608
89 -0.5542412252042490106163086,-0.6779033356452841552197697,-0.2091495351591734497276320,0.0307481573078539904830819,1.0462969503893040368325273,1.4481651231932013423886474,-2.0908407877049599576935179,1.0000000000000000000000000,2.5531226173598278172960363,-0.5063453419704675440016217,1.4061655026743555829682464,0.6051036691584885662820170,0.1907058599934876308434895,-0.5537089105593859805765078,-0.5393376097373664412870653
90 -0.0880682953135571988667607,-0.2706062592694562507489309,1.1294928437100528739733818,0.6741370636355769052627807,1.1227688547930529949780976,1.7376692455283011540245752,2.1011126360856522410358593,1.0000000000000000000000000,1.8790077603916688353535847,-0.2181738782208858251632222,1.4118261368415152556821113,0.0226276485897302509497919,-0.9266730943483114657510669,0.2111634856545925309490030,0.3101174752882718821389574
91 1.1422455470193657589561553,-1.1432727968852374189623333,1.0176190005329805998712800,1.1594678185197837549935684,-2.9818924198722900342772846,1.4537084501486803311820495,0.4913624134251670660944455,1.0000000000000000000000000,1.3362904937497950275115954,-0.4423246206106125066881418,1.8476137073369165442215944,-0.0726512874278426173946244,-0.5854775682897269684090702,0.2543540110065937165373384,0.7663156923733055458924923
92 0.0230942674214715815139698,-0.3976591091559542601174826,-2.2847017441122643433004669,0.4838118421797695245523130,1.4346377852846119438368078,0.8122541245230663342624666,2.0070791118489950122238952,1.0000000000000000000000000,2.6841916047403424627759705,-0.6192934217858324652539181,1.5556023874307707277608870,0.6944663637562393798674520,-0.0115800656427740844556240,-0.0482462660531401410501928,0.7178108873003126166878474
93 0.0913664843940662496635241,0.0892940707198786043363725,-0.0010583699402770818664976,1.5185745110998738471863589,-1.8578539414987220723674000,1.0527888517901744513949325,2.6695170917559964962606500,1.0000000000000000000000000,2.2861324527949942186921817,-0.7441505687556718706687775,0.5234018003373348548734612,-0.1908105895279795238828058,0.3041861347766518508528577,-0.1335399029251188030009700,0.9237028617011904252365184
94 -0.1304319998111360678905157,-0.9318314417166779772827567,-1.3292298508373736609655680,0.3693724647496698376691882,1.9973276093845857559472279,0.0334541444270461951759899,-1.8385146181758096339819986,1.0000000000000000000000000,2.5556626146360770235332893,-0.7060775240377186179330238,1.9263950014584092507163859,-0.3371910741118491205980945,-0.3650201543603538989479773,-0.0620598909284770516858742,0.8655685133695005806231393
95 -0.9564518955575378456046565,-1.5056651128310081233507844,1.4581436248429326951736584,1.4063302739413128250589580,-2.3460417325995126525128853,0.6129863181720307530042646,2.8915612753306332294300773,1.0000000000000000000000000,2.2052657004409703667136000,-0.3326198701221888542889360,1.7545815631962029534918202,0.4339573701116424264689897,-0.0774982750189304181454020,0.4159527844713349353789056,0.7953968065938950005033803
96 -0.5719857164391710657724843,0.5083456191585149497313978,0.4376087100300320997803283,1.4693237418734110821816330,2.7061594074904729012587268,0.9859122858900879471377721,-1.6154361841671338595460838,1.0000000000000000000000000,2.0891225238719322021552216,-0.4965134681568435515153226,0.4081284357824417896587477,0.6832793802618384315650246,0.5220897172425427168462875,-0.0906194384749531844924775,0.5023321367909274748342341
97 0.5005347973578668785421542,-1.1293058721405944133664434,-2.0688733143811113279753044,0.0743980890775090414335224,0.8729457882307221083806326,0.6424955323947729723954581,-1.2000256069987200735482702,1.0000000000000000000000000,2.2019658186364106100540994,-0.5185008246304377843571842,2.0511301280490652487742409,-0.6410091514037847826301686,-0.3508428763411045037123870,-0.0994857979806661463229034,0.6753643162229061580603684
98 -1.2357596074697734245262382,0.6640327505921166384439402,1.8673894936021344648224840,1.4858650553654249026891421,-2.1784814646372021584852519,1.7543706866275572409108463,-0.3832783187172741357073846,1.0000000000000000000000000,2.3312749302113711102890647,-0.7375878062994820627551462,0.6834367248541215467128040,-0.3868154141483008956470258,0.5845821607994177160350091,0.4489645193198025241443361,0.5541354980982207134587725
99 -1.1882072475858500570922160,0.1224722285296175883217984,-2.5344818713210046645656348,2.4480035851029695592728785,-2.3750708309291264086482443,1.5402339246761096447357886,-0.6613417812242832205527066,1.0000000000000000000000000,2.0638636641962482265455492,-1.1557183443963905400408976,1.6866796574644546957699731,-0.2702767672184407388158434,-0.4279895416647792050213184,-0.1250404682088196162137450,0.8533101581695676784988791
100 -0.5225937231245429970272198,0.2375192251124045306198695,-0.1919783226596099012795094,0.6875119333441890301372723,2.6807840379214766812765447,2.0498675056584456655173199,0.6450946938554267262588837,1.0000000000000000000000000,2.4512546637591547948886728,-0.6123767287868591147059760,0.9688784044990479404901862,0.7370815009680390383906001,0.5360266096597909868393117,0.3435271819726825048846308,-0.2266565236104726988042302
101 0.1309444649242208491557449,-1.6670017229365190480905312,1.6906857808568673817717354,0.9633034777498352685398686,-1.3447892755613615189957954,-0.9252664503937179096837440,-0.3487251300009548415914651,1.0000000000000000000000000,1.2107126561230763250875953,-0.8816054692440860041102724,1.8858338972598249760892486,0.3397977089327350319614141,-0.8408874936622381390805003,0.4124845208462700196783146,0.0854405448185205917965845
102 -0.0820951480118004006669707,-1.8755173890090159893873079,0.3427928285024579579953752,1.7800510847671193737085105,-0.8471144212056485045536647,-0.2571945925370635599449542,-1.4375564168591781211148373,1.0000000000000000000000000,2.0676476645257348963014010,-0.2745770677824584948822917,1.6281222227080589526337917,-0.7302101814059615003671411,-0.5741418698046505397769579,0.1282336890483498637038906,0.3474308293058574470535405
103 -0.6879401671315132915651702,-1.4855608900583163745068305,0.1723513515913892568676147,1.8721589830602325399411257,0.5687545347119469241192746,1.9037905435480459992447777,1.1426363670973280761700153,1.0000000000000000000000000,2.0214315255081825029037645,-0.6945048401495830248109087,1.1765929014211375935872184,0.2681057814988084264662405,0.8868365482751727757460003,-0.2771289771570973337055932,0.2546322009728550495033517
104 -0.9121577240754551452184273,0.8590215206407112447095642,2.1203264765231972788228632,1.3519475455833354082813003,0.2072933852217597738842869,1.9615721966343984128400280,1.0845694356623898357838698,1.0000000000000000000000000,2.1353386450077365132926843,-0.6884050426721400883778301,1.2423004870934386545400230,-0.1864513194606900181593545,-0.7181674492447972513176069,-0.5300388345803618284080017,0.4105217153035999322341354
105 0.8379883848627684983512154,0.3580878278450518870101860,2.4864172434480131812506443,2.1246623602261127672363727,-1.6412009207504805186061958,1.6981234933148150467729920,-0.0980212670029239063751447,1.0000000000000000000000000,1.2598706429795540895355543,-0.6639903694965838543140535,1.1834517572815446140310769,0.3285784488905667544145217,0.1606703650285061513169893,-0.9197035305908918267903118,0.1427042752234284062051728
106 -0.2658750806804421884521616,-0.5039783788756364568683921,1.0277233969659880230551607,0.6311905114730774757347831,-2.1854965236897099245538811,0.7599412646560246287208429,2.5561148120477401590733280,1.0000000000000000000000000,2.5920916491480556764770427,-0.2582775500288422843020442,1.3202076344603901336682839,0.5682250804764032992011380,0.1282548888897299677047670,0.1026041555632352664240159,0.8063133551335930349068803
107 1.5430123450147625874251389,-0.7318635751972268899123719,0.1470513250187046594419371,0.2382952343543503492817592,-2.3939913009596018866886880,1.6238929929798144868868803,-2.7043974214687001023094126,1.0000000000000000000000000,1.5294963289274166040598857,-0.3226778295049446132480853,1.7261261366067703892923646,0.9292801690764427302582362,0.1042489450459778421720358,0.3037391890153884888015057,0.1825128588691055930848250
108 0.7797304519013774637414826,-1.8724965529402233244127274,-0.2936856329018606714953421,1.1007054344893922870340930,2.0826824587591374893236207,1.7987343234387545010122267,2.3979196367100445996811686,1.0000000000000000000000000,1.5738819284338350090735048,-0.7285497672642308186752302,1.8897189491799009086747674,0.1161335002594292148403454,-0.9824235774149894240281355,-0.0240242355557978154445564,0.1441441700041294349254883
109 1.4496714697530848070528009,-0.5734351855890986726649317,-1.9376241465682013664917349,0.4180761835873481602199320,0.8218885256996788513106367,-0.3155817599145722684994553,-0.0147402602134927285248978,1.0000000000000000000000000,1.4534474279259532725205872,-0.1185612876509254398627036,1.8641837170422475011832830,0.0726799472531676205022677,-0.5767006775542097285480736,0.5687032570179104684626736,0.5819866418682736464162986
110 -0.7804667734274024493146271,-1.2595813371430062410638584,0.8844435357420508125869674,0.0149678141479230447652427,-1.4491212570518821056708703,0.4874514868812345191884106,-1.4589233705047162104051495,1.0000000000000000000000000,2.3397957541522238500419917,-0.9497663612801929833295844,2.0878482472587034379785109,0.7356270569795966274284638,0.1277011431323289980532820,0.3882462453909516497674304,-0.5401924417111874099362012
111 -1.1388510742133481912219395,-0.7133459295334041438962913,2.8399136909617670454508698,1.1552904478615568795163426,1.2074501521086551392158981,0.3866209243061984324185687,2.1159803040851752342632608,1.0000000000000000000000000,1.8551855342327556730452898,-0.8576008969343178467426014,2.1018104337137892834164177,-0.1037207389334700996519345,-0.8410074539972841600743436,-0.0746722173616625323200324,0.5257093991805016353069391
112 0.1276985604074976077271231,-1.7609995385156940184145924,-2.1060718993657285835752191,1.8059842459727002417224639,1.3878368000457230735378289,-1.2724260961321363083698088,-0.9437210519671075381609171,1.0000000000000000000000000,1.6984506143795738974944243,-1.5279044975190319011204565,1.3813752813880773029353577,0.0854543689695596020428070,-0.1309812390673756321568533,-0.9276358115984201235804107,0.3391623327224850825700742
113 0.3554944791728003039565920,-1.9616996419898695691585999,-2.6848535141448652829865296,0.4634694339975106713858111,0.5383683980951867731334914,0.1631631704164278051649717,-2.7303309306704117709330149,1.0000000000000000000000000,1.7043590505258148226630510,-1.6025098060711213676654552,1.9309107419193458632378224,0.6867092870044111396765629,-0.4704136274233460257576667,0.5322499822509885181176514,-0.1544319304055571384637346
114 -1.2391424699361741623704347,-1.5902173990538424064311585,1.9548551261621156527326093,0.5774339783542946635819249,0.0295218738636569000277632,0.6306776321366540649648869,-2.4094169120166530895232881,1.0000000000000000000000000,1.8572398768613636033109060,-0.3614897689182334783453143,1.9525246603772250519881482,-0.6214746987558603663615031,-0.6779139870067835138556234,0.1307764266833067179351957,0.3702665250467062074690716
115 -0.1038670800027206020388348,-0.3345206298863143690169863,-0.8304357313806320917137782,1.4888416317658690335434812,2.4153375315919234367356694,1.2487208165178778074277943,-0.0405262525573029108727496,1.0000000000000000000000000,2.5695899171555849349601885,-0.5922209888606725369797346,0.8861298433264470642001243,0.7235137289251685199786834,0.4711249692928455856666403,0.0655946905243992572920320,0.5002642381975985763631343
116 -0.6171864357902452358217715,-0.1854171507826152254239105,2.7767731861586586461498882,1.8769159272438451502296175,0.3622855502140174266401118,1.1740525271164918841293456,-2.6941933943765210557330647,1.0000000000000000000000000,1.6774279598207788577468591,-0.8842611161893696447577895,1.6222953126738444140642059,-0.2055407440268397500915398,0.8627022147359848514014402,-0.4558580186364055153447339,0.0754264225287437639622112
117 0.5114146840108793057311232,-1.9956943679203715813486042,-1.9645465260567518406276122,0.2146242872647122768015038,3.0232185468376702175419268,1.0068509890892771707626707,-1.4546109895145571400121298,1.0000000000000000000000000,1.6325658588098201917659935,-1.1623980208727455742945267,2.0825988609466143941517657,0.0980740908493996088601818,-0.7876923501242995007132208,0.4047228000437021466773047,0.4540038543782830560147090
118 1.2353668290149184549875372,-1.5713691722445044529621327,-3.0516515164862201281437137,2.5029850284014756311989913,-0.2078185913883232593946104,0.6036022929634352607308756,2.6727540298391847528591825,1.0000000000000000000000000,1.8478192177941088480963572,-1.1503332563784756104041662,0.9049452800169190958001764,0.6673435084920599225100091,-0.1808562340375408639125965,-0.7162643499154374149284763,-0.0943763332779183894416519
119 0.6689772986482216410308865,-1.6757843200884683376727935,0.3804476879780720466328603,0.7299465461410332700609160,-1.5051908278941135144179952,0.3740709397830150884090017,-1.2799058317108575888454425,1.0000000000000000000000000,1.7603318566871717365529548,-0.4049901120950943900211882,2.0873118236744647724378865,-0.5859504659442902330113156,-0.6302999756663739683304470,-0.0954877944946289081151747,0.5002637943390905173046690
120 -0.7237710951810820692031712,-1.3126070460796386285551307,0.7370127087318771863522215,0.9427729303412012429319589,2.7440198711711074608388117,1.0151522332318303476483834,-1.0259934998447977072544290,1.0000000000000000000000000,2.2346806740365314780660810,-0.5754115986433220308882142,1.9889708060594248895114333,0.6710316012750193737090854,-0.0668467403015345351668941,0.7027564737464860877835804,0.2266699737086445010092461
121 -1.6638750960991088856388842,0.0688119699572271592558081,1.3555033312570934356244834,0.3065532076733900046505710,-2.4587541074723722189787622,1.9446740530272537128553267,-1.9500311236237319878483731,1.0000000000000000000000000,2.1298023994001487047000865,-1.5839767832292162008656078,0.9508980818870352846872152,-0.3009334658729732048243477,0.8730011651133299244165187,0.3735910753211081347657796,0.0879518198658227889907835
122 -1.2791045235436904192738439,0.4960528197665947658379082,2.3594674436968761099819858,1.3263679880743695083111788,-0.6357043057078048953201233,-1.0887456413787393039172002,1.3248156610875465588605948,1.0000000000000000000000000,2.7011822854395708404240395,-1.1512301302689889048735949,1.2548529341260075131714302,0.9371307695817947536198744,-0.3198919824722707416775336,0.0941728985674381569026536,-0.1028805648271143430294572
123 0.9868826670095214304012643,-1.9005341684341121588630585,2.5439982621725167888371288,0.6112080481169781531747276,-1.4454240452900639635203106,1.0619332188257839533207516,2.2821018695901624795396856,1.0000000000000000000000000,1.3779155774083231555948714,-1.3594329126685882336289524,1.8663649688540000504133332,0.1209549784986376774753580,0.5980326475120782969696620,0.7737479542592168302306277,-0.1704074860235452737455830
124 1.1842079261658908784227151,-0.4241951405653705542420084,-0.0492024796292529487118372,0.2717695702043220196131301,2.9332609378855023507526312,0.5446879096885695048513298,1.5391809341088782403517143,1.0000000000000000000000000,1.3286574691706514173006326,0.0263563228912604141651599,1.5316027746068270332102657,-0.2117335843711495579899662,-0.7636810957835018509598513,0.3422786672585607092855753,0.5047802667092979866936275
125 1.2029458098494272277889650,-1.9115591506262117338366124,2.4581758008876031240674820,0.2420535052996377611833623,1.7364837059422786325058041,1.5924091697532052336327979,1.0464879246081633112908094,1.0000000000000000000000000,2.1318355371396422448526664,-1.2612425467459471573050678,1.7658728418122102699072684,0.7076399789072871371331530,0.0279691235346794520033598,-0.0859441780284047052163032,0.7007673738677502317528933
126 -1.5416614853284651420750606,-1.4188826495082500489530730,-0.6553774540741064136284422,0.6043677496753481204194713,-1.9978232836904115110598923,-0.8357578584298200885527308,2.6635534393082158644006086,1.0000000000000000000000000,2.1943073655577958191997823,-1.5007576350110714002994428,1.8838912261415807769537878,0.0252777868127525007224676,-0.1276323174047469533043397,-0.2858196016208231493571645,0.9494082172830105026406500
127 0.4102025436647234180043142,-1.4255688928582559427127308,-1.7754830936834411492242225,0.7570907115186985558707988,-1.5419091413053260808396772,0.8492763564171728063456612,0.7004018293160023667098812,1.0000000000000000000000000,2.1041901593753755683735562,-1.2311521053175336071205948,2.0030774964005648719478359,0.3040964674555063362859642,0.1301975614319443308453117,0.6887977242611647010761544,-0.6450810593070388510028579
128 0.5872500071153488043762536,-0.3930622693514738141828957,-1.1313298114667653671006065,1.7488010802505542518048287,0.0177847853753645424035312,-0.2614086847563787951997938,2.6853176429180045658995368,1.0000000000000000000000000,2.5342280026593511088606192,-0.5957517723068844750500261,0.9817146036117514462659983,0.6948485298829079059856895,0.1515720802327394367559066,-0.1144269657118320293598401,0.6936251346627473335360037
129 -0.0838009756857704957155875,-0.0357190581302710974398451,1.0629196506017946077804481,0.2086190313504165949609614,-2.0544833179635384468042503,0.4358413892722770022203349,0.4539033249388002566604428,1.0000000000000000000000000,2.5725484474291162584336234,-0.1719685065843506444061006,1.0093852496442976551804804,-0.3217221111994944537926244,0.0698052192592620857070074,0.2807688250227011739212912,0.9015480791559219442277140
130 -0.4261067738830155438023439,-1.4015490446493721332643645,0.6295905612009944363194336,2.0917143828541573391532893,1.0815024097638676892074727,0.4011737305802749453675915,0.5261486890330675514348968,1.0000000000000000000000000,2.0566384375032917830594670,-0.3247613214960110017415218,1.0625523277634769669930392,0.4347450207417011824873043,0.7016546694157719255002803,0.1141475324149131831408255,0.5528523084198833092983705
131 0.1257692123009310769532476,-0.2528128086094802995376085,-1.1300165510254249756627587,0.7173613023587321890772728,2.8971269456428139221770834,-0.4269249667986700913502318,2.2650632223738647041955119,1.0000000000000000000000000,2.7524166192485068904716172,-0.5708554724455275897199158,1.1317671257455850231110617,0.8947052508319616181964307,-0.1083327804941833227836412,-0.0548680976210832449524446,-0.4298301241159737107189187
132 -1.5115412991776997486681466,0.9580230181259210553434968,1.8223062800454785659098889,1.3649012581905819452288142,-2.2301659928928900811229141,1.8107584760796928691206631,-2.8417513991681633278574282,1.0000000000000000000000000,2.2147958748113811822122443,-0.8490827985170052993879608,0.5569265038634384490379148,0.5504663358147739993242453,0.1510376745890825989082629,-0.8207281936020255352914887,0.0240301835232228089278550
133 1.5031699764806631947067217,0.0482120598942099576333931,-1.0746225977878314239433166,1.8248002707244825870702698,-1.4810007098410282733169652,2.0365359587565690091537363,-0.2075211873746112267724584,1.0000000000000000000000000,1.8253674788650788851640527,-0.4061814746130302800075640,1.2873423748294676727255137,0.6967549515656400460628106,0.1172474296982288499702207,0.7055622936948370282905785,-0.0544541949525475590943024
134 -0.5778460028720411312264105,0.6994232599457834709255621,-2.8558018508318125938671983,2.1707523993946389317954981,0.4576498485834568086261243,1.0972359851579724931980309,1.6754243104320130086648533,1.0000000000000000000000000,1.9513199802783929293070742,-1.1233893895078623792471717,1.4998714886914459309963377,0.0151541565948128398311212,-0.6501048948791027237703588,-0.6618472678561806432639969,0.3729476938526631313308712
135 0.4494439035866402143426512,-2.1034174094704991553328455,-1.0143644359182184544465599,1.2880811672499778985923058,-1.7790401713643411163445762,-0.7340631362733303078016434,-1.1371448967960406939425866,1.0000000000000000000000000,2.3021713193719639534151611,-0.8204123746940326089571727,1.8618177663003354638249220,0.8454351757392883914832282,0.4375656849254071500965324,0.1939077420008182284227871,-0.2370088423757851225914806
136 0.1235366878936527967880465,-0.3326581753406945285433949,-2.0500546013890037500004837,2.1533567516316458601011163,3.0060858882503058708834942,0.7656903320281904790078897,-1.3251088458570228212352049,1.0000000000000000000000000,2.3894620389485599076806466,-1.1813114147012238053235933,1.5226481357582439812858865,0.1269546863913685041946877,-0.2493289953240752088170495,-0.2466175387725681178441306,0.9278443329010606088758095
137 -1.6741799856747645591781293,0.4226906367538920683557535,2.1410469248685508603102789,1.3834228142543798512065223,1.9061174147925887822907498,1.6198110682307929053536100,-0.9912272407190068079785306,1.0000000000000000000000000,2.3729262366461694178099151,-1.4191411239963369617100852,1.3899163302444237366728430,0.6568493156888633999201943,-0.5053554862622916532544082,0.5376820043315738706368734,-0.1551150352348387162493282
138 -1.5407376392262064346283523,0.3770403635315786594617293,0.8326606277429871028061825,1.4039791051084078432609203,-1.1905344640964337088462344,1.8581435390465235180101899,-0.9387216691867084072953276,1.0000000000000000000000000,1.9229097013989806530531723,-1.0032107137177372901959416,0.6270434316919442085946912,0.1741697624462843485559915,-0.7141768635959029332127557,-0.6757303611978292545714453,-0.0547956683419347223562568
139 0.1071283381872307760573904,-0.4293065164938130173766240,0.5840182769131998519185345,1.0485138831969880168770715,-2.6856027481623940822430541,1.2671215738986179033531698,2.3277435170508660178256832,1.0000000000000000000000000,2.3361032886184922574557277,-0.1192285036347605353679313,1.1891754378513266221517597,0.0901855266121923959676820,-0.1215344338052272155081823,0.2105566243900358902596537,0.9657948938806056871086980
140 1.4091173030884327488365670,-1.4386273106632878615585014,-0.0290889466142645325419380,1.1839185319738081414442377,-2.8187586975012717260824502,2.0074843876468424497261367,-1.6295873042710999900606339,1.0000000000000000000000000,1.6599049260886198364772781,-0.5943096314617790643097806,1.8671245308572452792361673,0.8224880333173871793661647,-0.0243568686534762213202754,0.4485113252951503093335361,-0.3489349116902947800511470
141 1.0329026617504695195748354,-1.0602533746190614394322438,0.1176782557299218545665553,0.7204875326466221308052695,1.0226351466698737624483329,1.4398177304234360818213645,2.3037240575983766177614598,1.0000000000000000000000000,1.2579373145008450052273474,-0.3094356853946886309891795,1.4513729931300596298626715,0.0172730975994765806325049,0.9700657557624579041544166,-0.1457074264985024902863131,0.1934973585902453052653982
142 -0.8614696041743118426481374,-1.3258621131576884266678462,2.2709638144030366291303835,-0.0490680291331689957812223,2.2693339607624025688892289,0.9108653326844429187758578,-2.6574839952227122807926207,1.0000000000000000000000000,1.9814662003428540337779395,-1.1769541844871223013058170,2.0938236613296186128252430,0.6724866379528642301721675,-0.6657191470373868824594865,0.2615902586533427331971779,0.1901265416640043059981480
143 -1.1520708325782991199304206,-1.6200032754731377160339889,-2.5340913002429341638332971,-0.0208393144285489440026282,1.2053523985735852264156165,1.2558307854380759138734902,-2.4461793209459536946326352,1.0000000000000000000000000,1.7026565975697349752948639,-1.2708273991315004458613203,2.0206326787067840911049643,0.6539368399654628127848355,-0.6547876574563979978904626,0.3638783342753649230338908,-0.1058777398173809114467758
144 1.1955377047625801445462912,-0.5823900696772101870379856,-2.6772384149160313171478265,0.3374218585972775241721422,0.3329068984677578946218546,-1.4179012710648268846824749,-1.9155022959860519282671021,1.0000000000000000000000000,1.3361920395328732436013297,-0.2447824004569296163502656,1.6336937757988689856603060,0.0840908356329202466561412,0.7802033059594630781674596,0.5805331689026356212224300,0.2172338895392417756902148
145 0.5770182027733494756205346,-2.0804024243668663984863088,-0.3663224611259341401137135,1.4784329943658935935246745,-1.0655219153848112245697166,-0.2420721676239565578470092,0.7187184944430917710178619,1.0000000000000000000000000,2.0829343376605851112515211,-0.5020134359799018897163592,1.9240003388058408706484670,0.0792153146569132826648740,-0.3520685264151692805967286,0.4719197433909773642390917,0.8044017869312167778872436
146 0.0299993655588748353579831,-0.0788104025133931074265092,2.5962727980423450091507220,0.1632052567513683771771582,-2.5619693225328670216356386,-0.0585160319000368467357021,-0.5008328504077312892661666,1.0000000000000000000000000,2.4583494712018127970054593,-0.0584622703577438104782793,1.4052093854398215455603349,-0.1542251371217966127158405,-0.2149969269524216741729106,0.3911486638337373644702666,0.8814711760935187712107108
147 -0.7166657147232582403262313,-1.0286839579929056842644286,0.8505002094123161882066597,1.6311978605898085348258064,1.0053950013399095553268126,0.1165120347927397492782120,-2.3951535645742687563597428,1.0000000000000000000000000,2.3495005008216796049680397,-0.2874272462661418003904146,1.1682932058336372715956486,0.4585687376188785080444177,0.0697464666173458480713521,-0.5569097336283177490656726,-0.6889844767405987058239702
148 -1.5816545679885825048671677,0.1779630162776277835234850,-2.5618878659302355416116370,1.3623642709052021793070253,-2.1181371241906368219076739,0.9273234874773854663487782,0.2681060304404732086425156,1.0000000000000000000000000,2.2292560893076691641567777,-1.5883701362539970336484885,1.6815406993233852350755342,0.4469707964637279484776400,-0.3923402592918276976519110,0.0559279211028814449147006,0.8019701271927952568319142
149 1.5144446955061039439272008,-0.9784433534878504978848923,-3.0053017195307853981489643,1.2498558879326355786076874,-0.5505546836776447072736573,-1.3896342488029016504214042,1.9660410530003913365248991,1.0000000000000000000000000,1.8137410937616391670701432,-0.6449379103144990965645889,2.0036769524797888308853544,0.0109786097055673548261723,-0.4286160644124448193537091,0.5743938971436024498729012,0.6973070898176729759398995
150 -1.1267844511023630271751017,-2.0252138188351938019593490,2.1100937850671730444673813,0.9384193610122516515659186,0.1426322565123587793323168,-0.3587807300898910867203995,-0.7082395469803550724918750,1.0000000000000000000000000,1.4156919732194686023518670,-0.2847450933894814517621796,1.8188515992081941696767444,0.0249650048587918282905207,-0.5473139670801200340477521,0.6216316323729157433675141,0.5598178669140302377016383
151 -0.3609869495394724125958419,0.4663792882260771044400371,1.4815683749197692264942816,2.6139101826492274760482815,-1.6133363537724765279790518,0.0411043434236981752860629,-1.3226323831014485943313730,1.0000000000000000000000000,1.4307168166753152505066282,-0.6216698178443318401065198,1.2300582142859797230016738,0.1096401005337238609982364,-0.4977409183845520335154333,0.8493015547628403050239854,0.1375414941576719451976629
152 -1.0091285151235132033775699,-1.9395985806531264028507167,-0.8708238431629378162313060,1.1503172244468318208276969,-0.8035234489471294594409301,-1.1716141401129207544329347,1.0773208025537055476661408,1.0000000000000000000000000,1.9387265011889360799557380,-1.1722413594357727895101107,2.0392724588841129040872602,-0.2763446949784755801715619,-0.5713956790199875568347920,-0.0129460224205255602925035,0.7726388611659408267584581
153 1.2506641107421203606975268,0.1642855407843764048436697,-2.3884873546523053278178850,1.6483368640552908956919964,0.8018390616927479896958175,-0.6039143518545063704650033,-1.9264147088301437626967072,1.0000000000000000000000000,1.8593209713530214344245906,-0.2119092157273438914444341,1.7003909422652214722404551,0.7093943922218978181959415,0.4958845519560277637083345,0.4766250439706146702079081,-0.1538975405669510410078260
154 0.1946336786245745908985327,-0.0062475064253653123103049,1.5570379705639441070275097,1.6873455996184354432898544,-0.8220941262520358172594115,-1.2311407017714384171114261,1.1215187875947538742593679,1.0000000000000000000000000,1.6097804362033643066354216,-0.1291258080634385407847731,1.3845821667877515892541851,0.7056205043552219446922891,0.5078317057070731443957357,0.4939744167449175993311883,0.0139184334350824223669463
155 0.9256639088531288805938857,0.2714701538674861858169152,-2.3200368370609560919604064,2.5551728786310055063779600,-1.7001730495845774893126645,1.6810099399572884237841208,-3.0584928331680099056200106,1.0000000000000000000000000,1.7140205604831340036042775,-0.6433971520015605571884976,1.5710265070992284197615163,-0.2343336663182303269969964,-0.8877925009635686537379229,-0.2185666794180348704301764,0.3303614272001981211346333
156 -0.0388560419739889528756294,-0.1824904324596234861388666,-0.8848866718260040009624845,1.9679987665405487273773133,-1.0198136232378027798972653,1.8360830651471706786992399,-1.9836904393810268487641224,1.0000000000000000000000000,2.1375490961456775629301319,-1.1104333143659386173851544,1.2325603693545188477287411,0.1019353121580630489040331,-0.7411034438375830868395155,-0.2746740537010878280277382,0.6040917349804043601224635
157 -0.2082601174235116925359534,-2.0270236593596746565992817,-1.0875000685016846802000146,0.6721180872480002621571771,2.8450359682738950439784276,-0.7977514620927280697415540,-1.6198754530161971754154138,1.0000000000000000000000000,2.0555648542093236663674816,-1.4288072266105462659879777,1.9045053277503616318000468,0.6818101848927140551381854,-0.3641711281085014406677658,-0.1649516878783107154404775,0.6126197821068763982310657
158 -0.3814667233154853676069251,0.0307252593663176476468379,-1.1753253788210740182762493,1.6081779241236753286159455,0.9226777465472357775411183,-0.7478128076224302978047831,-1.4853106236701414388789999,1.0000000000000000000000000,2.5297018263015820238592823,-1.3689540440391725351076957,1.0438521583174167339791438,0.8310539914922119297813197,-0.2794705072766393572081256,0.2549475433450341665952976,-0.4077317076499611392392808
159 0.6132675848322541867219115,-2.0410365899531339728412149,0.5202483943418756417997884,2.4859177477825049606963148,2.7599494554255858957958480,0.1385019017361621695982876,2.7867566273779411645250548,1.0000000000000000000000000,1.5770352891115810844979706,-0.3442079034914923840737799,1.2354528003239084732456377,0.4022053610266149714647099,0.2533569019660949495076352,-0.7488158765894472601587495,-0.4618589856648445124420732
160 0.2875911400910748927373106,0.1756974572710214843596077,-2.0823418825683122079794884,2.5865074671565122521599278,0.6948114902422815042370985,-0.6760322290621094687423920,-0.3197504089263967230749586,1.0000000000000000000000000,2.1401062082081159232416212,-1.0841937371786531940642817,1.5488632764224921078977104,0.6299654038158059021768054,0.0894160629857182753799094,0.5688591580383181023350403,-0.5211002986763120237156954
161 -0.3578789031461779845955107,-1.6140737667610278727181594,-1.3039033369630235181801936,2.1976777871063339908630496,-1.8928012036382226845887544,1.0344380469450125126229523,1.7027933569456417117748970,1.0000000000000000000000000,1.9689097079656516786627662,-1.5162253842174877593862448,1.2912662261554590514833762,0.1246864245357513500955804,-0.2381781105655431662881938,0.7563714810912609554094388,-0.5963425607539415418401063
162 -0.9412422714189985217814183,-1.1526428862873663305776972,-0.8510200483073422361712801,2.4566983297349409554044541,2.3500362885478116581339236,-0.1865230708512746193861176,-0.7994209105448897290102650,1.0000000000000000000000000,1.9494808274575365913960923,-1.3572603141162922213425190,0.8742908626858043596996595,0.5223984833965301666225400,0.0806381906906962209191647,-0.7718549517230987033755696,0.3533200335522294066592508
163 0.6631075794087180064195763,-1.6334913434649309671442552,-2.3810165247469754490339255,0.4632174871550954198262673,-3.0537106916097509490271023,0.3732625828034841219960072,0.5115734252001034043644268,1.0000000000000000000000000,1.9216900647598611495681098,-1.1335250755996306715189803,2.1904867512917047811527027,0.7157853159499280026878409,-0.1684495616073757306985215,0.6740032023761161061869984,0.0706658938335031350241877
1570
3 0
4 2
5 4
6 0
8 2
8 1
8 0
8 3
9 8
9 2
9 1
9 0
9 3
10 9
10 6
10 8
10 1
10 0
11 8
11 9
11 10
12 8
12 9
12 3
12 11
12 10
12 2
13 10
13 6
13 1
13 9
13 8
13 0
13 12
14 11
14 12
14 3
14 8
14 9
14 0
14 10
14 6
15 11
15 14
15 0
15 6
15 10
15 12
15 8
16 7
16 12
16 14
16 15
16 11
16 8
16 9
17 16
17 12
17 7
17 14
17 11
17 15
17 8
18 5
18 4
18 7
19 10
19 9
19 13
19 8
19 2
19 6
19 1
19 12
19 14
20 12
20 14
20 8
20 9
20 3
20 11
20 15
20 19
20 10
21 0
21 15
21 10
21 7
22 19
22 9
22 8
22 13
22 2
22 10
22 1
22 20
22 12
23 12
23 8
23 9
23 20
23 22
23 19
23 2
23 14
23 13
23 10
24 2
24 1
24 13
24 22
24 9
24 8
24 19
24 10
24 23
25 17
25 16
25 12
25 20
25 8
25 9
25 14
25 23
26 25
26 17
26 16
26 12
26 20
26 23
26 3
26 8
26 9
26 14
27 21
27 0
27 15
27 10
27 13
28 11
28 14
28 15
29 9
29 8
29 24
29 23
29 19
29 12
29 2
29 22
29 10
29 13
30 7
30 18
30 16
30 17
30 4
31 27
31 0
31 15
31 21
31 10
31 13
32 11
32 15
33 12
33 3
33 20
33 14
33 23
33 11
33 8
33 9
33 15
34 24
34 1
34 13
34 10
34 29
34 9
34 8
34 19
34 22
35 34
35 24
35 1
35 13
35 29
35 10
35 9
35 8
35 19
36 16
36 17
36 25
37 0
37 31
37 27
37 15
37 6
37 21
37 10
37 13
38 3
38 20
38 12
38 33
38 23
39 8
39 9
39 20
39 13
39 1
39 12
40 2
40 24
40 1
40 13
40 22
40 9
40 29
40 8
41 3
41 38
41 14
41 20
41 12
41 33
42 35
42 34
42 24
42 40
42 29
42 2
42 1
42 13
42 9
42 10
42 8
43 37
43 0
43 6
43 21
43 15
43 10
43 13
44 6
44 39
44 1
44 0
44 13
44 37
44 43
44 31
44 10
44 27
44 15
45 26
45 25
45 36
45 17
45 16
45 33
45 12
46 1
46 34
46 13
46 6
46 35
46 24
46 40
46 10
46 44
46 42
46 19
47 45
47 30
48 18
48 4
48 32
48 5
48 21
48 30
48 7
48 15
49 47
49 30
49 17
49 16
49 45
49 11
49 48
49 28
49 32
50 4
50 5
50 18
50 10
50 46
50 27
50 31
51 47
51 49
51 36
51 16
51 17
51 30
51 7
51 25
51 45
52 44
52 39
52 0
52 15
52 37
52 14
52 6
52 43
52 20
52 1
52 8
52 9
53 49
53 47
53 51
53 17
53 16
53 5
53 4
53 26
53 18
53 48
54 53
54 46
54 10
55 26
55 53
55 17
55 47
55 38
55 20
55 41
55 12
55 25
55 3
55 16
55 54
56 21
56 48
56 27
56 31
56 15
56 32
56 11
56 28
57 10
57 6
57 13
57 31
57 27
57 43
57 21
57 37
57 0
57 19
57 15
58 57
58 15
58 14
58 5
59 47
59 49
59 51
59 45
59 11
59 15
59 30
59 32
59 28
60 22
60 19
60 54
60 46
60 13
60 2
60 9
60 1
60 8
60 40
60 10
60 24
61 36
61 16
61 17
61 25
61 51
61 7
61 26
61 54
61 53
61 47
61 57
62 52
62 44
62 39
62 20
62 8
62 9
62 14
62 13
62 1
62 6
62 12
62 22
63 18
63 56
63 57
64 55
64 12
64 20
64 9
64 8
64 23
64 29
64 19
64 22
64 26
64 17
64 54
64 16
65 47
65 20
65 55
65 14
65 11
65 45
65 49
66 63
67 48
67 18
67 5
67 4
67 7
67 57
67 56
67 63
67 58
67 30
67 21
67 53
67 51
68 29
68 40
68 9
68 8
68 2
68 22
68 19
68 24
68 42
68 23
68 35
68 34
68 13
69 55
69 26
69 65
69 38
69 64
69 41
69 12
69 53
69 20
69 33
70 4
70 5
70 7
70 61
70 53
70 51
70 16
70 50
70 67
70 18
70 17
70 54
70 57
71 57
71 21
71 43
71 56
71 15
71 6
71 31
71 27
71 48
71 37
71 0
71 67
72 52
72 47
72 0
72 15
72 71
72 37
72 43
72 59
72 14
72 11
72 45
74 13
74 1
74 39
74 10
74 44
74 19
74 8
74 9
74 57
74 22
74 62
75 72
75 71
75 47
75 48
75 73
75 67
76 19
76 62
76 22
76 9
76 8
76 20
76 74
76 13
76 10
76 14
76 44
76 12
76 23
77 72
77 71
77 63
77 56
78 56
78 58
78 32
78 48
78 21
78 15
78 63
78 71
78 67
79 48
79 30
79 67
79 18
79 75
79 49
79 47
79 77
80 8
80 9
80 20
80 57
80 14
80 12
80 10
80 54
80 13
80 15
80 19
81 17
81 61
81 16
81 51
81 36
81 25
81 53
81 70
81 47
81 49
82 39
82 14
82 20
82 80
82 8
82 15
82 12
82 9
82 52
82 44
82 11
82 0
83 64
83 17
83 26
83 16
83 69
83 25
83 55
83 80
83 12
83 61
83 33
84 54
84 9
84 8
84 68
84 80
84 74
84 60
84 2
84 40
84 64
84 22
84 24
84 29
85 69
85 83
85 26
85 17
85 55
85 16
85 64
85 53
85 25
85 84
85 61
86 61
86 16
86 17
86 70
86 81
86 36
86 85
86 83
86 25
86 84
86 54
86 26
86 80
87 35
87 34
87 24
87 42
87 40
87 46
87 2
87 1
87 13
87 10
87 29
87 68
87 6
88 77
88 56
88 75
88 71
88 21
88 63
88 15
88 27
88 48
89 54
89 57
89 46
89 80
89 86
89 50
89 1
89 6
89 0
89 13
89 10
90 0
90 15
90 37
90 52
90 82
90 44
90 39
90 43
90 11
90 14
90 72
90 31
90 27
91 17
91 36
91 25
91 16
91 26
91 45
91 72
91 47
91 81
91 61
91 83
91 49
91 69
91 51
92 88
92 56
92 78
92 77
92 63
92 15
92 71
92 31
92 27
92 75
92 21
93 47
93 59
93 45
93 49
93 75
94 57
94 50
94 89
94 5
94 4
94 54
94 58
94 7
94 6
94 80
94 71
94 10
94 13
95 45
95 47
95 3
95 72
95 65
95 59
95 49
95 91
95 41
95 38
95 55
95 11
95 52
96 66
96 54
97 94
97 7
97 57
97 89
97 50
97 4
97 70
97 5
97 71
97 67
97 80
97 88
97 58
98 45
98 65
98 55
98 81
98 47
98 72
98 51
99 51
99 81
99 47
99 61
99 49
99 70
99 30
99 67
99 17
99 16
100 96
101 55
101 69
101 83
101 85
101 80
101 17
101 20
101 16
101 26
101 12
101 82
101 84
101 14
102 101
102 53
102 85
102 55
102 17
102 16
102 86
102 84
102 54
102 81
102 80
102 26
102 69
102 72
103 72
103 75
103 52
103 0
103 77
103 39
103 90
103 37
103 43
103 82
103 71
103 15
103 44
103 6
104 90
104 52
104 39
104 82
104 44
104 12
104 103
104 72
104 20
105 25
105 26
105 91
105 104
105 12
105 33
105 17
105 69
105 45
105 72
105 55
106 95
106 47
106 65
106 45
106 59
106 41
106 91
106 72
106 11
106 49
106 38
106 33
107 61
107 16
107 86
107 36
107 17
107 25
107 81
107 83
107 26
107 85
107 91
107 70
107 102
107 51
108 15
108 37
108 43
108 0
108 21
108 90
108 103
108 31
108 56
108 27
108 71
108 88
108 92
108 6
109 97
109 48
109 7
109 57
109 67
109 71
109 4
109 5
109 18
109 58
109 27
109 94
109 92
110 102
110 101
110 86
110 17
110 85
110 83
110 16
110 81
110 80
110 55
110 26
110 54
110 69
110 64
111 62
111 52
111 82
111 90
111 104
111 14
111 20
111 44
111 39
111 76
111 12
111 41
111 15
111 3
112 67
112 71
112 57
112 94
112 109
112 97
112 18
112 5
112 48
112 4
112 58
112 53
112 56
112 102
113 97
113 70
113 94
113 112
113 50
113 7
113 4
113 5
113 86
113 89
113 57
113 109
113 67
113 102
114 84
114 110
114 54
114 102
114 89
114 64
114 86
114 60
114 80
114 101
114 55
114 26
114 83
114 85
115 100
115 21
115 57
115 71
116 114
116 24
116 54
116 40
116 2
116 68
116 29
116 87
116 34
116 42
116 35
116 1
116 26
117 94
117 97
117 57
117 50
117 115
117 113
117 89
117 71
117 112
117 46
117 21
117 6
117 109
118 88
118 56
118 48
118 75
118 79
118 92
118 77
118 30
118 71
118 32
118 67
118 109
118 49
118 59
119 16
119 17
119 102
119 110
119 86
119 101
119 36
119 81
119 61
119 85
119 83
119 25
119 107
119 26
120 46
120 6
120 1
120 13
120 74
120 44
120 57
120 10
120 115
120 54
120 89
120 39
120 100
121 98
121 110
121 26
121 81
121 25
121 114
121 61
121 107
121 119
121 85
121 17
121 116
122 65
122 38
122 41
122 3
122 20
122 12
122 69
122 33
122 111
122 82
122 55
122 14
122 23
124 27
124 31
124 15
124 37
124 21
124 43
124 6
124 0
124 58
124 10
124 108
124 115
124 44
126 49
126 47
126 59
126 95
126 106
126 93
126 65
126 72
126 11
126 75
126 45
126 122
127 51
127 49
127 47
127 59
127 75
127 72
127 30
127 88
127 16
127 119
127 17
127 109
127 81
127 97
128 75
128 79
128 48
128 118
128 92
128 93
128 56
128 77
128 47
129 65
129 106
129 47
129 91
129 110
129 17
129 101
129 119
129 16
130 39
130 82
130 103
130 74
130 75
130 71
130 72
130 52
130 6
130 80
130 14
130 44
130 15
130 0
130 57
131 78
131 56
131 124
131 92
131 58
131 15
131 21
131 32
131 115
131 108
131 71
131 128
132 121
132 98
132 116
132 110
132 81
132 114
132 54
133 61
133 51
133 16
133 17
133 127
133 81
133 7
133 91
133 72
133 30
133 119
134 77
134 92
134 88
134 79
134 63
134 75
134 128
134 67
134 48
134 56
134 30
134 51
134 115
134 78
135 102
135 119
135 53
135 16
135 17
135 81
135 127
135 85
135 49
135 101
135 70
135 86
135 110
135 61
135 51
136 115
136 94
136 117
136 63
136 21
136 96
136 57
136 50
136 112
136 97
136 71
136 67
137 1
137 44
137 2
137 24
137 40
137 120
137 34
137 39
137 116
137 54
137 104
137 87
137 52
137 35
138 98
138 121
138 132
138 110
138 54
138 104
138 81
138 51
138 72
139 106
139 95
139 45
139 47
139 91
139 129
139 59
139 72
139 49
139 126
140 61
140 107
140 16
140 17
140 36
140 25
140 119
140 81
140 91
140 133
140 86
140 26
140 135
140 110
140 51
141 15
141 108
141 90
141 37
141 0
141 11
141 43
141 31
141 124
141 14
141 27
141 32
141 103
141 72
141 28
142 60
142 46
142 114
142 120
142 84
142 89
142 87
142 116
142 137
142 19
142 24
142 22
142 54
142 13
143 97
143 94
143 89
143 70
143 50
143 57
143 7
143 136
143 54
143 115
143 5
144 5
144 4
144 70
144 18
144 109
144 113
144 97
144 112
144 7
144 67
144 50
144 94
144 57
144 48
144 135
145 127
145 135
145 49
145 72
145 75
145 102
145 119
145 47
145 101
145 71
145 17
145 130
145 16
145 128
145 14
146 129
146 83
146 69
146 101
146 26
146 110
146 55
146 64
146 65
146 85
146 105
146 17
146 33
146 91
147 54
147 84
147 114
147 89
147 102
147 116
147 120
147 80
147 60
147 74
147 142
147 1
147 57
147 2
148 51
148 99
148 47
148 127
148 49
148 81
148 134
148 30
148 59
148 77
148 53
148 133
148 79
148 75
148 138
149 48
149 79
149 118
149 128
149 30
149 109
149 67
149 32
149 127
149 56
149 49
149 145
149 92
149 88
149 71
150 114
150 101
150 84
150 55
150 102
150 80
150 82
150 110
150 64
150 147
150 130
150 54
150 52
150 20
150 62
151 69
151 26
151 85
151 55
151 105
151 25
151 146
151 84
151 101
152 49
152 145
152 126
152 47
152 53
152 127
152 135
152 75
152 128
152 72
152 102
152 130
152 71
152 101
153 4
153 5
153 18
153 144
153 67
153 7
153 50
153 109
153 70
153 112
153 97
153 94
153 48
153 113
153 136
154 38
154 41
154 3
154 122
154 20
154 12
154 14
154 65
154 33
154 69
154 101
154 82
154 11
155 61
155 70
155 81
155 99
155 133
155 51
155 7
155 107
155 140
155 153
155 16
155 4
155 86
155 17
156 61
156 81
156 155
156 51
156 133
156 138
156 16
156 99
156 86
156 140
156 17
156 70
156 119
156 7
157 94
157 57
157 117
157 112
157 120
157 136
157 97
157 58
157 71
157 74
157 50
157 113
157 115
157 13
157 147
158 4
158 5
158 153
158 94
158 67
158 112
158 54
158 57
158 18
158 147
158 97
158 144
158 53
159 108
159 56
159 141
159 15
159 21
159 130
159 131
159 124
159 71
159 14
159 44
159 6
159 31
159 82
159 74
160 67
160 48
160 18
160 158
160 153
160 112
160 4
160 5
160 79
160 109
160 75
160 71
160 136
160 134
161 49
161 127
161 47
161 72
161 75
161 145
161 59
161 93
161 51
161 139
161 152
161 126
161 128
161 148
161 103
162 115
162 136
162 158
162 112
162 157
162 57
162 71
162 130
162 120
162 94
162 54
162 96
162 160
163 127
163 49
163 51
163 135
163 161
163 30
163 145
163 148
163 47
163 17
163 81
163 16
163 59
163 133
163 119
