189
0 1.5340192158478793693632269,0.2798000535551277700996309,-1.1766593678611962925373291,2.3797751580169723695235007,-2.1882647919125561841724448,0.1167612746901629527940258,1.0950780151447034871381447,1.0000000000000000000000000,1.0548999732383061989082762,0.4676951513475249844198345,0.9568029192703789709284479,0.0000000000000000000000000,0.0000000000000000000000000,0.0000000000000000000000000,1.0000000000000000000000000
1 1.0449989108080222077745702,-0.4378788072437939105086002,-0.8786335874864461548128247,1.8593372958921476900684411,2.3297624929470588384106122,-1.1002522716765534838145868,2.4297333633006941155940694,1.0000000000000000000000000,1.0548999732383061989082762,0.4676951513475249844198345,0.9568029192703789709284479,0.0000000000000000000000000,0.0000000000000000000000000,0.0000000000000000000000000,1.0000000000000000000000000
2 0.7368262242241934156794514,0.9834521439133581122149508,-1.2382097463837691275756470,2.3601707798675102267793591,-2.3824976041890986167004485,1.2404783893099420311045833,2.0869591049686113670702525,1.0000000000000000000000000,0.9184555689191704619389611,0.3129227771483932829532648,0.9563793966646210176207887,0.0000000000000000000000000,0.0000000000000000000000000,0.0000000000000000000000000,1.0000000000000000000000000
3 -1.3647959470235369039414763,-0.7579694125312906871627661,0.5226775692151442997968047,2.3433860127080992086234801,-0.8918724067101312380501099,-1.2460457702381750877407285,2.9581224324175079409826594,1.0000000000000000000000000,0.9184555689191704619389611,0.3129227771483932829532648,0.9563793966646210176207887,0.0000000000000000000000000,0.0000000000000000000000000,0.0000000000000000000000000,1.0000000000000000000000000
4 0.5523116124599455334376330,-0.4158827586157826106116886,-0.3100177758834486985151102,1.1206581826600729989706906,-1.1059666017143041649717361,1.7010635287505868618040950,-0.9067996405286566918846347,1.0000000000000000000000000,1.1859707943796975460060139,0.4027987977037200129082350,0.9559956643315943303207405,0.0000000000000000000000000,0.0000000000000000000000000,0.0000000000000000000000000,1.0000000000000000000000000
5 1.2197654869772462937760338,-0.0870189181672993694593998,-1.1193127652722514309147073,2.2069599664158787710732668,-2.2564151633964977250457196,0.6096678115938174435939345,0.7987324614410917789086852,1.0000000000000000000000000,1.1859707943796975460060139,0.4027987977037200129082350,0.9559956643315943303207405,0.0000000000000000000000000,0.0000000000000000000000000,0.0000000000000000000000000,1.0000000000000000000000000
6 -0.6066394049244082653515875,0.9060616321104281167819749,-3.0052677160664482691743160,1.1826660742777557189242543,-1.7214030751386499851207645,1.3314484189410920045304465,1.8508885731035653599008128,1.0000000000000000000000000,1.1596521022308858839267032,0.1660175361512310487910327,0.9554052149552876294080761,0.0000000000000000000000000,0.0000000000000000000000000,0.0000000000000000000000000,1.0000000000000000000000000
7 0.6785528594446266215101105,0.3374992797954822210115822,-1.4617201275411915162294463,1.7504902179321661925825993,0.4018223116599307642715644,-0.7078259993380987546984784,-1.6316943933109480102672251,1.0000000000000000000000000,1.1596521022308858839267032,0.1660175361512310487910327,0.9554052149552876294080761,0.0000000000000000000000000,0.0000000000000000000000000,0.0000000000000000000000000,1.0000000000000000000000000
8 -0.9573682488922599098657429,-0.6383890345475656813434284,-0.1402044746472916325608082,1.6160935331656116620280272,1.6495108333364860708769584,1.6580762991952133766915267,0.6042620286570825616223601,1.0000000000000000000000000,0.9188671017386331740794958,0.2545652448453778471382236,0.9555576436876122015107171,0.0000000000000000000000000,0.0000000000000000000000000,0.0000000000000000000000000,1.0000000000000000000000000
9 0.4101232349512776709232753,0.9236888372644188605065096,-2.3718727480213419589460955,1.4251930398833296820271244,-1.9502833603991696076462858,-1.3512475308269484841616759,1.2454988845730368129949284,1.0000000000000000000000000,0.9188671017386331740794958,0.2545652448453778471382236,0.9555576436876122015107171,0.0000000000000000000000000,0.0000000000000000000000000,0.0000000000000000000000000,1.0000000000000000000000000
10 -0.9662168709929506160705159,-0.7189392494047887050001577,-0.1612782226148358477590961,0.5176394091600113878115508,-1.2707840264179981470960001,0.8897539053064558167704945,-1.8402837028432676991229755,1.0000000000000000000000000,0.2746370658393190722357247,0.0676490052918200523990322,1.3653137308151059858829512,0.0000000000000000000000000,0.0000000000000000000000000,0.0000000000000000000000000,1.0000000000000000000000000
11 -1.1739623419764502187945254,0.0594689013841067024013221,2.8351262606412199751559911,0.7369980403127134316321190,2.3761784274521517978939755,1.0733552752404267316421738,-2.3174602715686765108671352,1.0000000000000000000000000,0.2746370658393190722357247,0.0676490052918200523990322,1.3653137308151059858829512,0.0000000000000000000000000,0.0000000000000000000000000,0.0000000000000000000000000,1.0000000000000000000000000
12 -0.2154210498967344677989644,-1.1148591268347058935717087,-0.8927143139182344144799686,1.5022508145905801857367123,-1.4931991909525867967545310,0.6564355816954914324412584,-1.2166267892584055054783221,1.0000000000000000000000000,0.4505816242660309889345172,0.1578231352650668051218474,1.3315600888717733507604635,0.0000000000000000000000000,0.0000000000000000000000000,0.0000000000000000000000000,1.0000000000000000000000000
13 -1.3010386681343155679257961,-1.4883651573186016392469355,0.0340775078520004146009903,1.8170342026437109606007425,-0.7748785028949553010946261,-0.4417807005540377307539757,-2.4163871714717726213450533,1.0000000000000000000000000,0.4505816242660309889345172,0.1578231352650668051218474,1.3315600888717733507604635,0.0000000000000000000000000,0.0000000000000000000000000,0.0000000000000000000000000,1.0000000000000000000000000
14 -0.3245889868187358806572718,0.8900039354160921289960129,-2.8784206491789117166035794,2.4099927779940824024151880,-0.6716080311891524656786601,-1.4180438860403579148794506,-0.0830511339938368037261185,1.0000000000000000000000000,0.7154498016300843143966404,0.2833343971443056941161842,1.2287210700468722546219169,0.0000000000000000000000000,0.0000000000000000000000000,0.0000000000000000000000000,1.0000000000000000000000000
15 0.4708972173348470735554372,-0.4142095472611475592827901,-1.5017186498782486570036099,1.5016962479725692869436671,-0.4337992322593552940723782,1.0377528411512044748121752,-1.5321376331136031812008014,1.0000000000000000000000000,0.7154498016300843143966404,0.2833343971443056941161842,1.2287210700468722546219169,0.0000000000000000000000000,0.0000000000000000000000000,0.0000000000000000000000000,1.0000000000000000000000000
16 -0.3222923091892974656325066,-1.0849812837691510392090777,-1.3022506371311817208180628,1.2561718512857289464790256,-1.1565003594138636433541478,-1.2068317160973474067020561,-1.3993074708131656436194135,1.0000000000000000000000000,0.7115415825795110560392231,0.1164405724575932193909367,1.4741010070424998001925587,0.0000000000000000000000000,0.0000000000000000000000000,0.0000000000000000000000000,1.0000000000000000000000000
17 0.0113282069416732085465060,-0.1384926273671434060474894,-2.3607119658118946858849085,1.3477168260906391417108807,-1.4804609270530670883658786,-0.8029951075105905555773234,-0.0387808561564788184528041,1.0000000000000000000000000,0.7115415825795110560392231,0.1164405724575932193909367,1.4741010070424998001925587,0.0000000000000000000000000,0.0000000000000000000000000,0.0000000000000000000000000,1.0000000000000000000000000
18 -0.6460442743344794180870849,-1.4806319029966357181393732,0.3386681275305910010509081,1.7327903276508356267271438,-1.5664369151578929617585345,1.6914662307554233500184182,-1.3208465103478341795550932,1.0000000000000000000000000,0.6566978725170240505093489,0.3340290542617575519912521,1.3649116490571346904658867,0.0000000000000000000000000,0.0000000000000000000000000,0.0000000000000000000000000,1.0000000000000000000000000
19 1.2264159648762094079188500,-1.5993377658981171585139691,-2.7541718465071207688765753,1.8151851888387451339212930,1.6843146458211677440885978,1.1521522594393007743462931,1.2777448166665055229174186,1.0000000000000000000000000,0.6566978725170240505093489,0.3340290542617575519912521,1.3649116490571346904658867,0.0000000000000000000000000,0.0000000000000000000000000,0.0000000000000000000000000,1.0000000000000000000000000
20 0.1147043469460342912658035,-0.8158479352009959661984340,-1.3856653542365229281330130,0.9221840795413054348017567,-1.0952018535618703864997769,-0.8454602048012708204183241,-1.0980323785212635634422895,1.0000000000000000000000000,1.1483456829555080958016333,0.0786858986311992220086253,1.4866525193614199551461752,0.0000000000000000000000000,0.0000000000000000000000000,0.0000000000000000000000000,1.0000000000000000000000000
21 0.1652976034344765532413390,-1.1076076639696255110578704,-0.9146680146230524721673305,1.0603162226250042454722688,-1.7669716577605691920638264,-0.3606488326846848391227240,-0.9697716573525453354065462,1.0000000000000000000000000,1.1483456829555080958016333,0.0786858986311992220086253,1.4866525193614199551461752,0.0000000000000000000000000,0.0000000000000000000000000,0.0000000000000000000000000,1.0000000000000000000000000
22 -0.6066124127107785923840311,0.6127657776239161524500787,-3.0516691577763794818167753,1.3208409980741362410583406,-0.5248102419267679508152469,-0.7529318410684037177205141,0.3262175689659225774619244,1.0000000000000000000000000,0.7723447650309395173806593,-0.0644909200000068766334138,1.1961727872473060241276244,0.0000000000000000000000000,0.0000000000000000000000000,0.0000000000000000000000000,1.0000000000000000000000000
23 -0.9676415882709082927348732,-0.6887232121568541698408694,-0.1472987677625996472130510,0.9274072899353066334882101,1.8556605331292059801739924,0.9603730458581694051645172,1.2894385998551156635727466,1.0000000000000000000000000,0.7723447650309395173806593,-0.0644909200000068766334138,1.1961727872473060241276244,0.0000000000000000000000000,0.0000000000000000000000000,0.0000000000000000000000000,1.0000000000000000000000000
24 0.0565664325869972076099579,-0.3711523302455434492053143,-1.5827446641440467978156903,1.0672372024505558663065585,-0.5563392852476811700768167,-0.6807598442215285761136556,-1.2694116211786072856426699,1.0000000000000000000000000,1.0417899232319509650324107,-0.0437632769922554829000738,1.3044453556670085880853094,0.0000000000000000000000000,0.0000000000000000000000000,0.0000000000000000000000000,1.0000000000000000000000000
25 -0.9596719489550460391313891,0.0936764035248935783561919,2.5943389484208863038361415,0.7232687713171774834819416,-1.5669577958983682552940309,0.7592545388076707979507773,2.3681736299131630474334997,1.0000000000000000000000000,1.0417899232319509650324107,-0.0437632769922554829000738,1.3044453556670085880853094,0.0000000000000000000000000,0.0000000000000000000000000,0.0000000000000000000000000,1.0000000000000000000000000
26 -0.0250245032537838481279113,0.5365246267817457281879001,-2.4441080046671990189111057,1.5836738144486162127577700,-2.8494453684921223768355958,1.1170112502840399137937766,2.4068442845598538859519522,1.0000000000000000000000000,1.1441207166733782241152539,0.0758032414297588191809396,1.2048596780304143827322605,0.0000000000000000000000000,0.0000000000000000000000000,0.0000000000000000000000000,1.0000000000000000000000000
27 -0.7008260687445785341864735,-0.5772373674639260654473105,-0.0330029827306188641711238,0.6769400107754008910632137,1.6336658282164280286963276,1.2709716792548872987822506,1.4674892158865395774824947,1.0000000000000000000000000,1.1441207166733782241152539,0.0758032414297588191809396,1.2048596780304143827322605,0.0000000000000000000000000,0.0000000000000000000000000,0.0000000000000000000000000,1.0000000000000000000000000
28 -0.9132158002901772375636824,0.2039824441977095004219223,2.4164173370092547621368340,1.3483107371360352200184707,-2.8832782720067577919564883,0.9166495329312280837541493,-2.5711962149484914874619790,1.0000000000000000000000000,1.0735426008810953213412631,0.0097577627421160106901965,1.3221965147518535133031037,0.0000000000000000000000000,0.0000000000000000000000000,0.0000000000000000000000000,1.0000000000000000000000000
29 -0.0836962832279374291388763,0.2744518360001968471095779,-2.8436709387046552599542792,1.0668862496924493843408754,-1.0671551698201642288665880,-0.8658131930817911658948560,0.4829041714788936956459509,1.0000000000000000000000000,1.0735426008810953213412631,0.0097577627421160106901965,1.3221965147518535133031037,0.0000000000000000000000000,0.0000000000000000000000000,0.0000000000000000000000000,1.0000000000000000000000000
30 0.0115745024894089582057077,-0.4880908649326031190085473,-0.8935187056124614946028828,0.5782533613286925389118664,-2.0921854527320045136207227,-0.0933913805491251025614474,-0.2807459204176101508210195,1.0000000000000000000000000,1.2632647175450180121458743,-0.0464151820616867383240134,1.2750877230777812876283406,0.0000000000000000000000000,0.0000000000000000000000000,0.0000000000000000000000000,1.0000000000000000000000000
31 -0.0267227876229155260345838,-0.5255819426266533644920287,-0.7929195931761080506916528,0.5931665060641302389399243,-1.5848469068499111411796321,-0.1201293822937317123944467,-0.8824259558350289189831983,1.0000000000000000000000000,1.2632647175450180121458743,-0.0464151820616867383240134,1.2750877230777812876283406,0.0000000000000000000000000,0.0000000000000000000000000,0.0000000000000000000000000,1.0000000000000000000000000
32 -0.4864870875064414290633863,-0.7898076587547072646700030,0.5898490806051854828950809,1.2976165621821817985903635,0.7217430991611545332276023,-0.7833769977015335728154355,2.1299977737102007147029781,1.0000000000000000000000000,1.2507086311982518189722668,0.0699172810464712413125454,1.1743563701046426661633859,0.0000000000000000000000000,0.0000000000000000000000000,0.0000000000000000000000000,1.0000000000000000000000000
33 -0.8981215292303305064436358,-0.1963947125720036657181566,1.5463609800422766227256943,1.3667656283345586132327298,-2.9319062360953038748334620,0.8796588228455086699852927,-1.5866545772773337219518908,1.0000000000000000000000000,1.2507086311982518189722668,0.0699172810464712413125454,1.1743563701046426661633859,0.0000000000000000000000000,0.0000000000000000000000000,0.0000000000000000000000000,1.0000000000000000000000000
34 -0.5552201647397129180561137,-0.4958967754949651918217057,0.8929477307573656652550653,0.8439244954907330065196902,-2.4821173048557301221705984,0.5680683071576377862754725,-1.3864783697434457376829187,1.0000000000000000000000000,1.2733362020986789264753725,-0.0197197641756943278790182,1.1998087477636563136229597,0.0000000000000000000000000,0.0000000000000000000000000,0.0000000000000000000000000,1.0000000000000000000000000
35 -0.7763882186795324491512815,-0.3293041119119758941558018,1.2944338909692563177600277,0.8935570471442422224583879,-2.7150467567589275930117765,0.3159024973008328629475727,-1.5668686204306578879652534,1.0000000000000000000000000,1.2733362020986789264753725,-0.0197197641756943278790182,1.1998087477636563136229597,0.0000000000000000000000000,0.0000000000000000000000000,0.0000000000000000000000000,1.0000000000000000000000000
36 0.0212730582189409114790557,-0.3776251845804369788872634,-1.5731027135902690972102391,0.5877703084447681858293322,-0.8025108942268003309195024,-0.5256484532848225699197542,-0.9093892390164666217344802,1.0000000000000000000000000,1.2515311001108637700696136,-0.0158676856597269391735416,1.3545177924234967914429717,0.0000000000000000000000000,0.0000000000000000000000000,0.0000000000000000000000000,1.0000000000000000000000000
37 0.0680674521339172389211569,-0.6153952790042668263836845,-0.9946937784462396292539665,0.6637962760412140506005585,-1.7608303980555330969792749,-0.2194575228353299323202918,-0.5947852819313181882421304,1.0000000000000000000000000,1.2515311001108637700696136,-0.0158676856597269391735416,1.3545177924234967914429717,0.0000000000000000000000000,0.0000000000000000000000000,0.0000000000000000000000000,1.0000000000000000000000000
38 -0.4801243724936109513734550,-0.5520252728079690918150391,0.8640615393475987726645826,0.5135038582842933463368240,-1.8709955039705923329762527,0.4328143936269053249077388,-2.0227532941902790497579190,1.0000000000000000000000000,1.2559144516363340837727947,-0.0368931456407965846500119,1.3172530378295355113493770,0.0000000000000000000000000,0.0000000000000000000000000,0.0000000000000000000000000,1.0000000000000000000000000
39 -0.6015733040591325631041286,-0.0345576653154515273103087,2.3776894033760700430946144,0.6052065894708754667519202,-2.4673381902888906758164467,0.4613591702475021705254221,-2.9545239602219792729442815,1.0000000000000000000000000,1.2559144516363340837727947,-0.0368931456407965846500119,1.3172530378295355113493770,0.0000000000000000000000000,0.0000000000000000000000000,0.0000000000000000000000000,1.0000000000000000000000000
40 -0.1576342740731672964482613,0.9477892941065417797830150,-1.9441732363598225319378798,1.7869954693410396995290057,-2.5222966787708465119521861,0.9172800902357698404898656,2.0778887582991178994973325,1.0000000000000000000000000,0.6775050253735412919553482,0.0692653077977082309857337,0.9599114239564684458727584,0.0000000000000000000000000,0.0000000000000000000000000,0.0000000000000000000000000,1.0000000000000000000000000
41 -1.4079165515983402823252391,-0.6174034191364102808208258,0.3459773772728059193504180,1.6576349789118487443317917,2.1480123040457499428157462,1.0120696325376954405328433,0.2847415017175954909944835,1.0000000000000000000000000,0.6775050253735412919553482,0.0692653077977082309857337,0.9599114239564684458727584,0.0000000000000000000000000,0.0000000000000000000000000,0.0000000000000000000000000,1.0000000000000000000000000
42 -0.9332719568262025644500568,-0.5275478615025661621729114,0.0881835722036313079952308,1.3282930207715111237121164,-1.3515966383062327782482726,1.8718156318049019581906123,-0.7266102142095702820512315,1.0000000000000000000000000,0.3918729134098966060406610,0.4122501121192472806065155,0.9554181598687628840238517,0.0000000000000000000000000,0.0000000000000000000000000,0.0000000000000000000000000,1.0000000000000000000000000
43 -0.9714584899359752778735810,-0.5944670742337621049955487,0.1653906138562566408012344,1.5040413224758071297770812,-1.4511832465100780176214812,1.8280706477016539501789794,-0.6368076138354735737934220,1.0000000000000000000000000,0.3918729134098966060406610,0.4122501121192472806065155,0.9554181598687628840238517,0.0000000000000000000000000,0.0000000000000000000000000,0.0000000000000000000000000,1.0000000000000000000000000
44 -0.5449597009204300013252009,0.7000763175873552235373154,-2.6757549778171751952982049,0.8809657739439109569445918,-1.8689230018511451270057933,-1.1686658543388666053886027,1.4416129783065627645299855,1.0000000000000000000000000,0.4698845384269415004219184,0.0894936074453842045350882,0.9574340037174681183884672,0.0000000000000000000000000,0.0000000000000000000000000,0.0000000000000000000000000,1.0000000000000000000000000
45 -1.0331115918724003144291146,0.3015667949547520820807733,-1.6975408788372772228569829,0.7974111743193800228013401,-2.8507884148371500643293075,1.6911582838237091408473134,1.4528283902448972941812144,1.0000000000000000000000000,0.4698845384269415004219184,0.0894936074453842045350882,0.9574340037174681183884672,0.0000000000000000000000000,0.0000000000000000000000000,0.0000000000000000000000000,1.0000000000000000000000000
46 0.5693418371559018087424420,0.9442385503539599822531159,-0.9545906366914106433441134,2.5382030611303370015718883,-2.3781341925825594252330575,1.1700234313821527010190948,2.1174635331969096085913407,1.0000000000000000000000000,0.6414395744872463112074001,0.3824355664348395578144846,0.9577173896705346578528406,0.0000000000000000000000000,0.0000000000000000000000000,0.0000000000000000000000000,1.0000000000000000000000000
47 0.1990818102051511162553510,-0.6668777947796158400706190,-0.6488747099794223149871186,2.3030218230682444335855052,-1.6321044593320175319917098,1.0699590661423088455705965,-0.0105535734350024230920884,1.0000000000000000000000000,0.6414395744872463112074001,0.3824355664348395578144846,0.9577173896705346578528406,0.0000000000000000000000000,0.0000000000000000000000000,0.0000000000000000000000000,1.0000000000000000000000000
48 -0.0624233364550865338360452,0.6336675213579685550513432,-1.1015454213264928018389810,2.4957130065904205018512130,-2.3477924403492944627203087,1.8020849096598499095023271,1.8383558947667939520442815,1.0000000000000000000000000,0.5801859769645081321698399,0.3921433582399708184240694,0.9555935771021030200600421,0.0000000000000000000000000,0.0000000000000000000000000,0.0000000000000000000000000,1.0000000000000000000000000
49 -0.2812587929564517863489925,-0.7937329025389575631876937,-0.2740094140596232019646550,2.1304475358141545804357975,1.6091601999217342022774346,-1.3788420978835047581156914,2.8862871837319055146053870,1.0000000000000000000000000,0.5801859769645081321698399,0.3921433582399708184240694,0.9555935771021030200600421,0.0000000000000000000000000,0.0000000000000000000000000,0.0000000000000000000000000,1.0000000000000000000000000
50 0.1297847150582866759815914,0.6681571366357100805188907,-1.8805061387618682289257777,1.4909790066780850281702442,-2.7068442226271129946724159,0.6245245063325968182255110,1.9047684486711518037083124,1.0000000000000000000000000,0.9402617489408058304434235,-0.0066513766006805891128906,0.9590722960112952888422910,0.0000000000000000000000000,0.0000000000000000000000000,0.0000000000000000000000000,1.0000000000000000000000000
51 -0.3040345416501609165926823,-0.5738095045253154280473495,-0.1951338954826230542849430,1.4754718185091644233608577,-2.5269105368922861742930763,0.9068583310148019549501441,-0.2214720157210733897379384,1.0000000000000000000000000,0.9402617489408058304434235,-0.0066513766006805891128906,0.9590722960112952888422910,0.0000000000000000000000000,0.0000000000000000000000000,0.0000000000000000000000000,1.0000000000000000000000000
52 0.0401554125548628723652023,0.5842665061828793415799055,-2.3269510555298493770237656,0.8357995272637185335540266,-2.0957129473606772585014824,-0.4166672946497180785030423,1.4356024492165511130536970,1.0000000000000000000000000,1.0669853509482858378021319,-0.0567061158906231252418984,0.9593846945717858787361365,0.0000000000000000000000000,0.0000000000000000000000000,0.0000000000000000000000000,1.0000000000000000000000000
53 -0.8938988322262415575636396,0.4222224598071980805613634,1.8480919203422589980334578,0.9803678288324317868784874,-0.5194431767905862695755559,-0.7886994666367300732545687,1.6035116084293634663993089,1.0000000000000000000000000,1.0669853509482858378021319,-0.0567061158906231252418984,0.9593846945717858787361365,0.0000000000000000000000000,0.0000000000000000000000000,0.0000000000000000000000000,1.0000000000000000000000000
54 -0.0792176904243873380995211,-0.2894598402855485530515978,-0.5785487098372876779706075,1.0242092655481258578475945,-2.7506079576962374488857677,0.5853380058358133020135483,0.2392845528097637952669174,1.0000000000000000000000000,1.1389495713584820713037971,-0.0558573369569412142565668,0.9551793051465318207249311,0.0000000000000000000000000,0.0000000000000000000000000,0.0000000000000000000000000,1.0000000000000000000000000
55 -0.5033873266911083055319409,0.6881588293956287794017612,-2.9446651397395409155421930,0.7939301291948767103079376,-1.8554157785788985002284335,0.6123818732390096108986199,1.7373746774657645719486254,1.0000000000000000000000000,1.1389495713584820713037971,-0.0558573369569412142565668,0.9551793051465318207249311,0.0000000000000000000000000,0.0000000000000000000000000,0.0000000000000000000000000,1.0000000000000000000000000
56 -0.6673657673091961672895422,0.7320264412582900837023203,2.6357389672067221830786821,0.9626716458302970735871895,-1.1530047010032422605263491,-1.3133968344486304236085061,1.4142079469916195577638973,1.0000000000000000000000000,0.7994016728128314763779372,0.0140527888825408980855158,0.9582882109020315342107210,0.0000000000000000000000000,0.0000000000000000000000000,0.0000000000000000000000000,1.0000000000000000000000000
57 0.0376608132612246751524943,-0.1899761808771966986597590,-0.9326872578906637567541793,1.1112009415099515230451743,2.0613363240306625812081620,-0.7230042320317608961488531,2.2966196965767813331638081,1.0000000000000000000000000,0.7994016728128314763779372,0.0140527888825408980855158,0.9582882109020315342107210,0.0000000000000000000000000,0.0000000000000000000000000,0.0000000000000000000000000,1.0000000000000000000000000
58 -0.6023887337643697437172818,-0.2374905535432742242907267,0.5926645399517820322898842,0.8664557002839845534225560,-2.2241515297159089037393187,1.5724070293700354028487709,-1.0885706243063608678056653,1.0000000000000000000000000,0.8193690039074835729238089,0.0431515753842664773198834,0.9565164838552085990741602,0.0000000000000000000000000,0.0000000000000000000000000,0.0000000000000000000000000,1.0000000000000000000000000
59 0.1712687391932531388860639,0.6827007262169717538569103,-2.0792120414324850585785498,1.2461671544607344497279655,-2.1081709435799824703394734,-0.6442772630342642470324677,1.3047822337063847975002773,1.0000000000000000000000000,0.8193690039074835729238089,0.0431515753842664773198834,0.9565164838552085990741602,0.0000000000000000000000000,0.0000000000000000000000000,0.0000000000000000000000000,1.0000000000000000000000000
60 -0.6009621484152446457827068,0.7208801210162696371241964,2.4979590921349967835851658,0.9948922625883963588577785,-0.7514692916682290668717314,-0.4050405451120067112924517,1.2009735934358423126155913,1.0000000000000000000000000,1.2262524041190054902017437,-0.0136359343694690271497905,0.9575303947262141512908329,0.0000000000000000000000000,0.0000000000000000000000000,0.0000000000000000000000000,1.0000000000000000000000000
61 -0.1212630553709017761088163,-0.0912340126439116771983606,0.1037235614201621747287874,0.3872213861664526302064360,-1.9516624851221291425673598,0.8394866561700995433170647,-1.1681692247816761742740255,1.0000000000000000000000000,1.2262524041190054902017437,-0.0136359343694690271497905,0.9575303947262141512908329,0.0000000000000000000000000,0.0000000000000000000000000,0.0000000000000000000000000,1.0000000000000000000000000
62 0.2600701401155258718489449,-0.0764312063444121808641896,-1.0729393017592487868938633,1.0819466143838607496974191,-2.6181950041871528966908045,0.5093145503240239513331744,0.6646920282237815946757564,1.0000000000000000000000000,1.2468123006573004207808708,0.0101200102456472929013387,0.9570361499497834767424820,0.0000000000000000000000000,0.0000000000000000000000000,0.0000000000000000000000000,1.0000000000000000000000000
63 -0.2887708215301987846324039,-0.2490948498715580827767013,0.4452042156364203751017783,0.8134466579629260341022245,-2.4658288910036381125223670,0.9286851524043293615306993,-0.9457907288726028482983565,1.0000000000000000000000000,1.2468123006573004207808708,0.0101200102456472929013387,0.9570361499497834767424820,0.0000000000000000000000000,0.0000000000000000000000000,0.0000000000000000000000000,1.0000000000000000000000000
64 -0.7925398110511887583840007,0.4503625646128699422376940,2.1430604800418722177823838,0.6498167495961604256393684,-0.5732357266324147326841398,0.3796583683600920355871722,1.4274950371181196473457931,1.0000000000000000000000000,1.2667465605152521401777221,-0.0013006470311901774383756,0.9567866195280974039860666,0.0000000000000000000000000,0.0000000000000000000000000,0.0000000000000000000000000,1.0000000000000000000000000
65 -0.2707453263033299251105745,0.7660064197738938318593682,3.0060041367073577767143888,0.9251876446972039369498475,-1.0632205342749330156948417,-0.3712759273458625663977273,1.1400072601512061254425134,1.0000000000000000000000000,1.2667465605152521401777221,-0.0013006470311901774383756,0.9567866195280974039860666,0.0000000000000000000000000,0.0000000000000000000000000,0.0000000000000000000000000,1.0000000000000000000000000
66 0.0039843579943671224991020,0.2220329195560656887487028,-1.5691898024889050500263465,0.6816931459306959650845670,-2.7211296662142623326019475,0.5684305790664772040088337,1.2467496697238487080028335,1.0000000000000000000000000,1.2500702673243686557924548,-0.0443731851197654361684819,0.9574956318607998895231503,0.0000000000000000000000000,0.0000000000000000000000000,0.0000000000000000000000000,1.0000000000000000000000000
67 -0.6728330197626171127467387,0.1691216341465554551248829,1.4791279154112948468480226,0.6653487736000046615103543,-0.4095022122425921451416286,-0.4820976827675931275507537,1.9941567054747577625306576,1.0000000000000000000000000,1.2500702673243686557924548,-0.0443731851197654361684819,0.9574956318607998895231503,0.0000000000000000000000000,0.0000000000000000000000000,0.0000000000000000000000000,1.0000000000000000000000000
68 -0.8245647863116435383190606,0.5840933289979155507154474,2.4172904510793875587637558,0.7690802865990610248658754,-1.0222536533575126149742118,0.7268919412637555588219129,1.6270066976695634064498108,1.0000000000000000000000000,1.2578234711558666791830774,0.0678526721884741834678323,0.9560664811316255118356366,0.0000000000000000000000000,0.0000000000000000000000000,0.0000000000000000000000000,1.0000000000000000000000000
69 -0.1115033094037622962702017,0.5904193350707269694055412,-0.3179167352889042952313048,1.9777452093734149141113221,1.4119416187121265338078047,-0.4687303156704083484385137,-2.1528291206293879156419280,1.0000000000000000000000000,0.3789998084365647779137021,0.8565610983897760100092000,0.6000195222399695715864709,0.0062753374407738399254342,0.9753279947197437405037590,0.0932725849259644773647793,0.1999848050801753540639538
70 -0.6699007533016838600303799,-1.2139643293679522884076505,1.1235945750307632096109955,0.0633270036640236899661005,2.4512142638928331450642872,-0.3696840421024736311750303,-0.7285204768458011237441951,1.0000000000000000000000000,0.9738655040783312788477133,0.3873306359038040658226976,2.0970274617076265499804322,0.6767432752890587543959100,-0.5729576974520533827472946,0.1798333232517242419312709,0.4259058301181942174373773
71 1.6446309138096468771550462,-1.2793498207369582431169874,0.7450188569024716045419154,1.0193904219443863379268578,0.6026771615080894761717900,-1.0639944902176432517393323,-1.6703892107947679868118485,1.0000000000000000000000000,1.1013492364353407726440537,1.5671685088765425764023576,1.8609629339219184718245970,-0.0022557969389408877303183,-0.3987093364884853885499183,0.1245853196262270284888629,0.9085714222326278788344212
72 0.0600744495181100290892573,-1.6073064078354770689571751,2.4234611997180373066385073,1.5324046836003681892890427,-1.1063828087092297813853747,-1.1603882433597130230396033,-2.0874590335360072579362622,1.0000000000000000000000000,0.4709709314019939196960252,1.4362678463071105738890765,1.6681858767395156828428071,-0.1881389593994105269292305,-0.9471229755345582645986724,-0.1950897302929675281024657,0.1717544978138207945050908
73 -0.9758203874045832115768917,-0.3829508614055581183777122,0.1317148218010335547489831,2.3780139964036708377648210,-1.7490931894137027313718136,0.2500800259868558583775666,0.9801601744830419349341355,1.0000000000000000000000000,0.7107043610893927221283661,0.7775131412548047515898020,0.6023865324358720352293517,0.4013924229739308513487117,0.7123709468893111296239340,-0.1846729772992730111980109,0.5452573388050496738799211
74 1.1828773156345597783456469,0.9459431631085197800246078,-1.6279862190847071978794247,0.3141366842613260157435207,2.2638718371423296460420715,0.8917496384909799900242433,-0.6131330014151212814965675,1.0000000000000000000000000,1.2322676555092759720366757,1.0269535491735879428887301,0.2695339694286696952119087,-0.0385939845947921300606254,0.7323462234755158117849305,0.1989055203125774939909576,0.6500876779105067004849161
75 -0.4822188400088236459595237,-1.7251471710140569015834444,1.9076609981108392233295490,0.9683829859003343365486671,-1.3555818003325641463163720,0.3626453933035476140389619,2.4011907475377389786785898,1.0000000000000000000000000,1.3449413036421444811452375,1.2618707055487612400668240,1.8774123672826728004281449,0.5261898095025121513401700,-0.1250222081068754209631777,0.2529626080971658086404830,0.8021854341305494351388461
76 1.1922434476029808436692292,-1.4390592736359959502578931,-1.6967470835427675979190099,2.4650643320228269317340164,0.5233511192846815873735977,-0.7697515086705393194677072,0.8863691271643010516356753,1.0000000000000000000000000,0.8849555181438683026939884,0.3579967995137899317015240,1.2062287171125645190983278,0.3841540121924579831436120,-0.3497046387342810369602830,-0.6547186315315067783870973,0.5490662190540432918695046
77 -0.3940725156376363447208178,-0.7737802712147963113409332,2.7864021651088082265346202,0.5266295329987207285427075,-0.2234374557968403784968814,0.9436926881547522683035822,0.6978610294958862425573898,1.0000000000000000000000000,1.0874524773700222635142154,0.8388592082485125667190573,2.0554146809763222947253780,0.5839402307614646181477269,0.0140865148812532869904146,0.6007496424167789728087996,0.5458141085954903992671916
78 -0.8220539512794180492250007,0.7454310050981263202629634,-2.2740871428575486490331059,1.0329152337736053901551259,1.8214901101284146633929595,-0.1503547387373209698324672,-1.5924385880629712275435850,1.0000000000000000000000000,0.2330499634593988789177388,0.0469970204217229556298285,1.0357594570839141479012824,-0.4358563581521809338070739,0.8057599886974096126124323,-0.3880228357305228747975434,0.1010750695885420102904106
79 0.6217633597200387107761799,1.0097259979288679687670083,2.2124104454690671772709720,2.3304260914942367399760315,-0.3959736913009423986409274,1.0128732859603113425350784,2.3303171563229136964423560,1.0000000000000000000000000,0.8363115524295843261626260,1.2218699387007505574587185,1.3923739233128415992979399,-0.1313423897449225163924780,-0.9384823332266807316415225,-0.0683099824348837175724825,0.3119801532003880217835956
80 1.2367842033004121660155761,-1.5729735362389931641047269,0.3552878205322738125460091,0.1249819105840203753432505,-1.2589798674331884598132092,1.7515817801304645051629905,0.9008231098045702545107360,1.0000000000000000000000000,1.1989085088302806614279916,0.8966812759210749383953498,1.8380924456371900976847655,0.3902163344278335443959804,0.0089214664492607287371584,-0.2592610788638591845511883,0.8834212453994750857688700
81 1.6961172564455364586422093,-0.4557812033010559815693341,-1.3170723187498141193430001,1.5730316135524915477361674,-1.5447973464596072012966488,1.0900435146020246435227818,1.7662831624882686654132158,1.0000000000000000000000000,1.4759218636638764543533853,0.7910773540475681819827969,1.4568103442206516984214204,0.4552214017296731252137931,0.0966543126055597889845217,0.5767266067277491137232914,-0.6714280788751244566370247
82 0.3261957713018990290265720,-0.9633408672038188402808601,-0.1337855018796263451008599,0.9972570621069785090639925,-2.0192086783676450600921726,0.0853362001523088054000254,-2.2388613965883203960061110,1.0000000000000000000000000,1.6273176791932251195049730,0.3697744655321805185010930,1.4302880697556346056842358,0.7821717934178710196491124,-0.2662251846104264352277369,-0.1756200971215367001576624,0.5352446389698386486344361
83 -0.2839736016937752793865002,-1.7078788432371236893914102,1.0944591917279957726805151,2.2903567995300311288531248,-2.9380853402601023738327513,-0.9498018914509678278790261,2.5807779327350566234144935,1.0000000000000000000000000,1.1320553706059570675535042,0.9119597791692882760017369,0.9909069033038049312267503,-0.1425510959644653019573468,0.6957444945012554171626107,0.1763018940828703362555530,0.6815674746311679577104314
84 -0.9662469349614638547407708,0.5021346406783604443546665,2.3769932424320092678726724,1.9181264560465354218621314,-2.0561186041548467073880602,-1.3685556559775824414515455,-0.0661728161150465510331742,1.0000000000000000000000000,0.7912569844335186619588285,0.5455787884082189398426976,1.5802635188846396729900334,-0.1708692358489930507303711,-0.8818245348810553885243735,-0.0643901033146083295877204,0.4347883687275052033704981
85 1.0997063958049877463452049,-1.3778377384463498245281698,-0.7742930738292717052217995,0.0884706917565645095669069,-1.2682780190842588563526760,-0.2395771808837123817426118,-2.6940527975349932710003031,1.0000000000000000000000000,1.1491715612885406994081450,1.0289865816235812534529259,2.1877347899233359207471494,0.5923332566566318346801268,-0.2719764845208227921347088,0.5282313531737475864602516,0.5441870629163682027140680
86 -1.1174923901212481247569031,0.8094541688684628866212734,-2.9256324842702521316084585,1.8045749398705428490075064,2.1349123407136243457671299,-0.0967848296522879625314317,2.5382537968090055358061363,1.0000000000000000000000000,0.3858135187532288346012876,0.2918476785759522851293468,1.5473273841846746368133836,0.0169321615818142923171052,-0.7263309950229673850330414,-0.3335081074336767592569686,0.6007718261225670763892026
87 0.3735238215163803054963410,-1.8489617070993227265773839,-1.2610898650004733756446740,1.6646148927056296784598999,-1.9938495419206327952110769,-1.1420493366074777608076829,-1.4545667002701976322498467,1.0000000000000000000000000,0.9629382848864662669541303,0.3459976331100074187219207,1.4818057253686471863574070,0.9620817606289386869633518,-0.2609175008639394999221395,-0.0655297633759975295397737,-0.0449938921770751398820920
88 0.8489305404011044942080844,0.4738730954485355084671028,-1.9829885686841952630032893,0.9007784843681279074445456,-0.5778923949668612891628072,1.9068173180432133051454002,0.4145294744742704651230270,1.0000000000000000000000000,1.2873366945260025229202938,0.6309218460023471308772969,1.3290545676790432860769897,0.5069818575925826298345100,-0.1790812609861046067472046,0.8385443422079086328579933,0.0879799054409712705249191
89 -0.2303255076421804048436570,-1.9207747964960404374323844,-0.5546190132987041110368409,1.2295846745835543600833262,1.2970383022697822283930691,0.7939774472542748817716074,-2.9978060416517808839387271,1.0000000000000000000000000,0.9209446099202100999292497,0.3990633504342612214443875,1.8843062543741355696624851,0.7877999930564760777684796,-0.2119519996355473945293113,0.3639095861290097544404887,-0.4494609243531524911396957
90 1.5769098424796248458790160,0.5389759480142854997097857,1.5275839090685856547224830,1.5749793317452904783948497,0.1046311988391130931574935,1.8613165157102384839049591,2.4352468830730051863042718,1.0000000000000000000000000,0.5926533330403721544499263,1.2623591102381779283092555,1.1715958297000874654969493,0.5745190942187905491778110,-0.6945951222361922416936864,0.4274095173763632349306363,0.0691689922104478105424619
91 0.4964972803611806817514207,-0.9334916858917527981986950,0.2815797413814982164126377,0.6427254907659838423228393,1.8787930934074301703162746,1.3862719400629202048946809,-1.1502558777570985881766319,1.0000000000000000000000000,1.4931076317855240809251427,1.1084850424966297133266835,1.7035822545553451767830211,0.2278319979168176856454409,-0.1364044788081049675021461,0.6407811372052432119517107,0.7203358179114460746461646
92 0.9555760883051922505160292,-0.6325360016653014394449883,-1.8867832245233113752647114,0.1180067413859100661222001,-0.8913236395215262675151280,1.7624974049285411226151155,1.2665707009069482325003264,1.0000000000000000000000000,1.1830997846155557606806497,0.7871295476037356575460535,1.8346298409623764680276281,0.1589266971727609223385969,0.4481458176919519975633932,0.8001731772183180435575878,-0.3655520575376451364313368
93 -0.3200127741639877676504966,-1.6255864359375955530140345,1.2598658569809186857924033,2.5900211585983732298643645,1.5171460493151780468679135,-0.4274788066414876297471892,-1.0383288549442446502268922,1.0000000000000000000000000,1.2373738843266985920621437,0.8041544409791427927558516,0.9809804333226159744896222,0.0523270880050063086352807,0.4016985141230821620972335,-0.2344385934158563777884865,0.8837061156338452683201012
94 -1.1182803749643857038620354,-2.0375147271074887100894557,-2.3370471972292072848631506,0.4112156951582132125011526,-0.5086366602767431466247672,-0.8228312067702949761383024,-1.7262013764005161853276604,1.0000000000000000000000000,0.7330920729496382959311518,1.3528323703349298678944024,2.0605434085033618174520598,-0.0311747355339825199527226,-0.7142857142973728645785059,-0.0460287647521197829103556,0.6976411703945808451265975
95 -0.4198952596210172583113263,0.7533272891316227237723524,1.0896144275970707226974810,1.4092557001371195379846313,0.2764386759947230487455272,1.7848029928533017951508555,-3.0471601796095075798120888,1.0000000000000000000000000,1.1698683672980096925897442,1.0250304161393948287894773,1.0226302541791374434154704,0.0932972566101551159523098,-0.5782292350475192188596907,0.4717373531055450985860489,0.6590965146802066909614837
96 -0.2726249955193296159450256,-1.5691043821834511629020881,2.5524465309667228041234921,1.2654045301449503568846922,-0.8669349406445094885498293,1.7594196624982987309238069,0.5646419310903367794196583,1.0000000000000000000000000,1.0835412089366665000511603,1.2864872330470911165889447,1.4261069944934694486704529,-0.3374474109613001537866239,0.3419637674278021011176065,0.1053137207770049599275808,0.8706875585671663975162460
97 1.5145362216231590402060192,0.4652078435524407140633230,0.4785454093282766052652732,0.4989937312998779517236869,-0.7804762019391526806089132,-0.0208510435917199643540698,-2.1273364270116839058744063,1.0000000000000000000000000,1.2198668125121958638601427,1.5944750502069719999553854,0.4078178428495655150065602,0.7903181591058969779339805,0.2536045565743446639217495,-0.5339112616699934754649348,-0.1613026809858083832072140
98 1.4391708018953903724934662,-0.1135882228922975301088627,2.5793914098706709481234611,1.6340231841541932311656637,-0.2300989900441368085637350,-0.1563488791776039832370770,1.5306338820036655690159932,1.0000000000000000000000000,0.8006638068404424712909417,1.4711232587226916734834958,1.8674454999261898002771431,-0.4499623395875841369573322,-0.7301355921032129936421029,-0.3466290759607404403652708,0.3798446913538277014410482
99 -0.2910367072663582188596365,-1.3249956617392577573610879,-0.4209047259087843606550905,0.9935466353816659879072404,1.8122416264746536995744464,2.0233254747795652583874926,2.3365926539383794491300250,1.0000000000000000000000000,1.1657696068610368111961861,0.5657899819628907644997184,1.6296659016376435769046793,0.9395963996425867881256977,0.2799647048712373131884590,-0.0755972435170412238036874,-0.1818276045529246542908908
100 1.5736309231396834462657353,-0.0757681921379491640777815,2.6468183861047789307008316,0.3631080921930764371374778,-0.8307787923839775601209112,-0.7107034902891323779883237,-0.3485833708017986865002058,1.0000000000000000000000000,1.5425716786181513651143860,1.6363978433704435833107027,1.4597505404791430994038137,0.7261483044415713017372127,0.0387238705016970663486120,0.1489910100814104132460614,0.6700809827912450611364648
101 0.5604599313473803690044406,-1.3477820231182415788850903,0.1712357475187600286403722,1.6865814189652821308840203,0.3162385704150603160655919,-0.6491144474662648988783076,2.4133981920175244795245817,1.0000000000000000000000000,1.6303937356069273523218044,0.8015577339850328275616675,1.4695955671325815483641009,0.9605929669969082151936846,-0.1558264179340526356387642,0.1069304826364517180259384,0.2038207567468956205036790
102 1.3830947870943983701863544,0.1314550385784616359785559,-0.8972568902330908535702747,1.8710230598994634920728686,-0.3839395150285862534644821,1.2311560605812861268759661,2.6933608186889266278285504,1.0000000000000000000000000,0.9813294638318161844381393,0.5774803666978636229600852,1.0015426210113551608316129,0.1125523602547645607430127,0.1896633377738893011521526,0.8712746213715076848416174,-0.4384496508760750144162444
103 -0.5039964598933941442027162,-0.2738661645263740229694349,0.1900453526564938044884912,1.0306799098237788836485151,1.3236811430634380926107951,1.4961622587373493153961590,-1.3685508055768680346631072,1.0000000000000000000000000,1.3307459716796246063097442,0.4206147155693666372933137,0.9387125973871801587478103,0.4357583563009500560170295,0.1225428803354501328115589,0.1836503483701944494654867,0.8725641870707273595186848
104 0.2123809242643905914604829,-1.1490509393345800237540288,-1.4556359213534193486339063,0.8945593482668321438922021,-1.6625772302353649667594482,-0.9541117196305656245058913,-2.1004650177068380223488475,1.0000000000000000000000000,1.0344424517505468319455986,0.1741856364941875845442354,1.6833260906118532318487269,0.7043733699488639032892934,-0.3534244838641583674743174,-0.3195699492952823184133138,0.5261388961657583740461064
105 -0.1160015394468960625573573,-0.0926424524232940527213032,-2.1987377555312095367412439,1.8919091404275545365010203,-3.0064348092076533802696758,-0.0905243217658704413253190,0.7708007056982260074562419,1.0000000000000000000000000,0.3914401690846228687448161,0.4511971627522418648581493,1.6131740196363735240225878,0.0241429683652371190882846,-0.9570901252135635139950409,-0.1238298908848017437778211,0.2608824874082207867509453
106 1.0789074153453501736521503,-0.4603728017822710238959871,-2.3019749207766482257397911,1.7465357067512976563250504,-1.6381395157627480774209516,-0.4637148036126617078878098,-2.1438216580975901770500514,1.0000000000000000000000000,1.0507353074122118830047157,0.3635363650656748268907847,1.6232293033583216068649335,0.4495315202464163495399418,-0.5214514065612070314870152,-0.4750813119822442920359151,0.5480013550781495101915652
107 -0.2295847423006645016130278,0.1813958688417431908135313,-2.1718382111004093104611457,1.9277303501878537694835813,0.9997830304488459773892828,-1.4112220892208702238690421,1.9460123746828230650862679,1.0000000000000000000000000,0.7977176220720763044624846,0.3349279876204793726657272,1.6169455180505374336519253,-0.3417924801905080633979139,-0.3218184811792373922756383,-0.3955693602306917244781914,0.7893880213336944562385611
108 0.0509624090239459981432901,-1.6024920724506914737617080,-1.6490308837214853188157804,0.5706105254015934047373548,0.1263509736076700029627773,0.6418669403769032832940411,-0.4827809777556830717060166,1.0000000000000000000000000,0.3867003283599618201904491,0.4869918974443685488751044,1.9666202335658360400572064,0.2373299483231306461483712,-0.0983361491272151388987055,0.8986773340348006566813410,-0.3555015836311876675779331
109 -0.1301710144005789882015733,-0.0092807512228749722282828,1.7946686381681704602897298,1.2467542854290241116643756,2.2730965921767509740902824,-1.5208233637625885315003416,-1.9618209284491934241145827,1.0000000000000000000000000,1.4149496961164444996938983,0.9787766371762411932166970,1.0494954160776113205599813,0.5020668872099518509344307,0.7175441823375821037700462,-0.0005481823795437934521146,0.4827593950905204045476182
110 1.6393218506751834340207097,-1.9757683575752973403893975,-2.8701751941827673419993516,0.7089656393877068474296266,-2.5373162385757623837889696,-1.0646385606782615695919958,-1.3874318466132655736089418,1.0000000000000000000000000,0.5602318378134095722131747,0.2365799785055843762471284,1.5397570846160475444008853,0.7398568889497518785702823,-0.5541420637797116466316538,-0.3541371968218087751267831,0.1418555565115213190630072
111 1.1233579872622883044641640,-2.0167654437933886235612135,-1.2140486419522387162572841,0.1512001169925555887907365,-0.2743324640287703175545175,1.6191441504282209074006005,-1.3493104393427777232261633,1.0000000000000000000000000,0.7623885264567569208793429,0.4609291363639234639926201,1.8095969930228814614991961,-0.3565712800013423056100237,0.2886872173418999487637393,-0.4300846170428395121021481,0.7775227693555355479304581
112 1.6968678080069721225697776,-1.3932514483780837899473681,-1.4326014266232871552375627,1.9052999201097058357134983,-0.8352462284631312350313692,1.9548109517390126477209833,1.0385661525333143018201554,1.0000000000000000000000000,0.9016252575480894204673632,0.6841035621099623709184812,1.2906846024387790272669463,0.0328136455378532643223366,0.5308664397201239282253482,-0.8088436594619751174306543,0.2507468453517258111240551
113 -1.2350558649434071334383134,-1.0117613924586963403129403,1.1403488343943797289625763,0.3272646934489089054487465,0.4258357214326204953636079,-0.3607964789856377141319399,-2.2032258791356467142463771,1.0000000000000000000000000,0.5906585319649679810538601,0.2154204493272049436569660,1.9951477327604614231404412,0.4835135594278872073203956,-0.0280491813849806925773578,0.8158579304395616738077024,-0.3159139038868546411897853
114 0.2916847039974723720945349,0.8639171500797000469162867,0.6608300437519498693461628,1.9707414976380490667651202,0.6795630475583318563792545,-0.2714407447500142289698033,2.6382385094870057784532946,1.0000000000000000000000000,0.6951491535436168378581101,1.4359438810397759933579209,0.6660120445627814023126234,0.2386287652453780161465602,-0.0161521928649544788125780,-0.8560450641480088496138023,-0.4582357726151347065979280
115 0.2184708469230023375473593,-0.9120519221923553132569396,-0.8350825746111611991295831,2.0606651004323106590732095,-2.5537307852128199314734047,-1.4056511109745575272000906,-0.8139567995131744559955678,1.0000000000000000000000000,0.9465009174756103815795427,0.6703298129727376375441850,0.9080826550319829326696208,0.4915732291443050683277249,-0.1050022875207066441749504,-0.6845494636018575329572400,-0.5279394602285027993104904
116 0.4106911510037716261933838,-0.1067132695949233323062799,-2.4516097091684798670030432,2.5032024295056247709112540,2.0528611937630278916344650,2.0802726333087524501763710,-2.7813515532959027787285322,1.0000000000000000000000000,0.9249709588943599847254973,0.4422116609156975797212397,1.2727295253532469043733499,-0.4662768239817917659273405,0.4718182749652862217892846,-0.2777145397987068053957671,0.6948711205687522207696816
117 -0.2710556043915788304587977,0.8270691051744250010813175,1.2936769288456355653238461,0.0029196121063640306791953,-0.8211129425718044494431069,1.3175365207015956592329076,-2.5280931387613962968430315,1.0000000000000000000000000,1.1394722286061280680513619,0.6975970771738636555525659,0.3583411231493213722210101,-0.2194432986542880492653040,0.3657835172372460585954457,0.5378243077400028937518073,0.7271794891714453701325738
118 0.4401243461009736179789797,1.0162093065824402415842087,2.9180437045219065339551889,1.0826822447426067697051622,-1.2004685735141247260315822,0.7939407273366758666099940,2.0899228357099568498256303,1.0000000000000000000000000,1.6937540537890547476251868,0.9856791291080020389614447,0.9910263455564181089840758,0.8828700495235919376568745,0.3259009797835685229294711,-0.0043165911619663099862976,-0.3380950374029539351461437
119 1.1288369534378777103711400,-1.8344481349454484497840667,1.0063225930366490601386431,0.9412687694389691994700797,-0.1646265727456781569060240,-0.6625690676133626499932916,-1.8923520863136986669417183,1.0000000000000000000000000,0.6771000939401498053271666,1.3454189145304362718036373,2.0941734823817341748508625,-0.2776707598081827321756521,-0.7707569010919332885833910,-0.2003506814678907566040778,0.5372989373170138360791270
120 1.5311655608159080443897437,0.8535469004849658425371217,-2.8136772279114494743623709,1.9168931026230064951221266,-0.6457934588188272151398905,-0.0490866140675525475245422,0.9915804549924009947403647,1.0000000000000000000000000,1.4223432821492756339409880,1.2175822392848612008009468,1.5285642682903339828470735,0.8132977124184965767028643,0.2223429512131959162601902,0.4010903989911675515678269,-0.3580988434228151717775290
121 -0.7801851062079460108478202,-0.0108142710886030002370717,1.3703568252169766594761313,-0.0429053718228383854094155,1.1773154807390255882637575,1.1776719979774035174102664,0.9713108353225097246763653,1.0000000000000000000000000,0.9853108121613410874672923,0.0013423991004261372206319,1.4355250650665274392281390,0.8472653373937011345162773,-0.3136055024707317673282603,0.3865607104874253519000149,0.1853689685132503539577442
122 -1.1836019174688754418411918,-0.6991651070407427503994313,0.5202738462722136247862181,0.0047587272742570935202266,2.7607344257308801260819564,0.7117603418029649908760348,2.7952022267441281044852985,1.0000000000000000000000000,0.4851086740774995798020086,0.2705145224241377599483371,1.9365227295649518612918882,0.5663179798350334026579844,0.2981674963844083148245545,0.6947252926340102829882994,-0.3282295273710228444841164
123 1.1275378521574697110452234,0.0326889410576267636088232,0.8587511660134459212656566,0.8369382557398350463984116,-1.5564113589382784219594669,1.4370504101250562989378068,-1.9245185474229598021622678,1.0000000000000000000000000,1.3887176917390946506714045,1.2321234482508860441640763,0.6464388871296213867623237,0.7617023139687181254586790,-0.1920771174724458241200864,-0.5887684643427729680453808,0.1904348658527971749343521
124 0.8375342361115283296157941,-0.4172488181145157515317123,-2.7862192542482415724691691,0.7161073005078859576855166,-2.6063422139079044370646443,0.3133635504243599267937270,2.3411535287565339302773282,1.0000000000000000000000000,1.5237643355644610032584296,0.8715182006935613401310547,1.9574171551307038008360450,0.9036565782904029120459199,0.0288762532689166261101743,0.4265587841790319245660612,-0.0248263377644824777268351
125 1.4022479472373214903768712,-1.1937091270362534256577192,-1.4176942896197923804635366,1.9496314649133157370641811,0.7888982094339551665029830,1.0440436135517070503908599,2.0195106548911478938634900,1.0000000000000000000000000,1.2847322047394560406985420,0.7480450252187560433725366,1.0427766393342206008298945,0.8186787316003739656267157,0.0192329159875586630512601,-0.5731899842826425617303698,-0.0290925649798437976900622
126 -0.0786978399754290069978424,0.6065842750610710432113137,0.0533782516609599966272981,0.9343036647961955321051164,0.5909195266393565404428045,1.5018605800264301919355603,-0.5555855013945070197678433,1.0000000000000000000000000,0.9665718740359872107603678,1.0266489999864207849356035,0.5133447908498737222160457,0.6404742452668548136074378,0.7073570895726084550858559,0.1956863581164479115592769,0.2261490550416111744436165
127 -1.4879141281030301424692652,-0.0660899846167719573486465,2.2024300575079998054661701,1.1010415951102232590130825,2.8023765401874562996908935,-1.4992070460817590316082715,-1.1427898695272347140416969,1.0000000000000000000000000,0.9395501338326176510307164,0.3529338747849164459324811,1.4375670038568826303304604,0.9895580194616317992739596,0.1166798703264892156372667,-0.0085649887983798578261485,0.0841731167270243219036274
128 -0.4068584425532699722083407,-1.2255679393702036961144586,0.7642965864129394049086841,1.1319597488371466731393866,1.3838849635892014333649058,-0.7455983407787856176440755,-0.5327844576862568182207269,1.0000000000000000000000000,1.3232616508324541726437928,0.2505676251212213268004803,1.5982730192372589517191273,0.4318573168011456409054460,-0.3615380171934664543798021,-0.4628290944103449766622305,0.6845265568149984103385464
129 -0.1095715000826960050517300,-0.8789463962726042911555169,0.4052819254523640779552807,1.6124825571768366394564964,1.6380520113152696737301994,0.1059493321417646072291063,1.0232315415433754779428455,1.0000000000000000000000000,1.5378328809478700733848200,0.5123015646768899200580449,0.9920399718662918919775962,0.9445185771283508557871755,-0.1079297833106517834345084,-0.3102141389785409431034680,0.0008990650424659241135572
130 -1.2638164765215045282076289,-1.1079524534414297853857079,0.1474784697356086304864675,0.7059370592646005970749457,-3.0173685689775129326051228,-0.2245250728123935335389660,-2.5106965708628745659325432,1.0000000000000000000000000,0.4022358436555024674419201,0.0517728626318604071010476,1.6903619881794584856038455,0.1574371448982954113660071,-0.3693470188052951908019850,-0.7241592282704114591496136,0.5607027508747279842538092
131 0.3783099502634610367124424,0.1811570153153301276915954,2.3675276245975425126744085,1.7996362671636210173176096,1.4555295711199427444171306,-1.4135528355191535609947096,-2.2690310327010374535916526,1.0000000000000000000000000,1.3462060886053197616973875,1.3012568858339779165333994,1.2481279154617253013270783,0.1545895910549462126670761,0.4344807392200827900197169,0.3996356705118120355990641,0.7922232577741742387544832
132 -0.0717346124841078403022721,-1.3516865248720564274265143,2.9462728648477174431263848,0.2071280074199325915706993,1.6611716207834765768325269,1.9852364812397125248821794,-1.8154540467888369281723726,1.0000000000000000000000000,0.5813919268856178046434025,0.7088425428849579601475739,1.8007641448464404287932439,-0.1248535155320763534447792,0.7770881936806440792864237,-0.5291737714703679262839842,0.3170464938222169459791644
133 1.3524798952443819466395780,-0.4664963376184438903493401,2.4480364236947274036992894,0.5135393096876977869769121,-3.0471264911806801300997449,0.6947299215060849242320273,2.1672411159492295240625026,1.0000000000000000000000000,1.4696585581442698220655529,1.5428398781814434137515946,1.7452680661177786269888657,0.7059715977521539009842400,0.0744618718927502754034720,0.2677727730311750820035854,0.6514254174043536682603417
134 -0.1508669091175596221887645,-0.6598334111323733708331929,0.3095471575600510227843642,0.5137243454380538976167259,-2.0338135794712295378872113,-0.3606768495659364859307061,1.1532831926188817917022789,1.0000000000000000000000000,1.5640559852474802404742604,0.2218515797251606747053643,1.4331740216878090521390732,-0.3331421204106063127525772,0.0372377531915903392523148,-0.2152960902210027116510105,0.9172104629620314586446739
135 0.6021986791244029468828103,-0.9620657874099283191071663,-1.9080286317317971533924492,1.5688423073081494418801185,2.1845454729914415281655238,1.1827515484655966027105478,2.7770801083762570726776175,1.0000000000000000000000000,1.0663875971472909220949532,0.2476514609502024066856052,1.5914589749919518801846152,0.8019934765210747773522826,-0.3323345244650691698851119,0.2413508585960268959524910,-0.4337139466471821025450595
136 -0.5726799786145155835015430,-0.8603256509245025274168484,0.3036679351621147660011957,0.0427318087875525332020032,-2.0695022605408461835452272,-0.5138236066140928759438111,-0.9343383274028722595971885,1.0000000000000000000000000,1.1095189371807094858013443,0.1641528873852161618529522,1.8693476502861805510491422,0.8948441877645849640288134,-0.3345417577514648299619182,0.2777548637514710150320241,0.1009243947715759287531156
137 -0.6703434549490401295201991,-1.8087445860038251499446460,2.5545394971287080920774315,0.6217341728320968652354850,0.4454188093833715278435648,-1.1030050791128367393412191,-1.0901486582668260538753202,1.0000000000000000000000000,0.9321390195597947236905156,1.1776522149644221837405667,2.0700108740857028344350965,0.2199980770083367898060089,-0.6544492607835531439164356,-0.0172476830779016016004235,0.7231855528517961984036333
138 1.5682059515410449179739771,0.5935767147497168494396647,-2.6738995414931330252272801,0.8358763687451723489729716,0.3442624744024418426135981,-0.7019752612721508189252972,-0.1758141082333466442833014,1.0000000000000000000000000,1.5965324336085751077973782,1.5918094903883974744474017,0.9784786489627227412668731,0.8670777692738771413871746,0.3671302023898065369778010,-0.2780972854439020536254645,-0.1898716904893219536987203
139 0.1062909975146251184696666,-0.8607701698708207782573254,-1.7675708172836332998656417,0.1446015865386470755638015,2.3730523969065639988684779,0.6507452266674129681689465,-2.2177714487196746873109987,1.0000000000000000000000000,1.3882664397242443499180808,0.3776550028329276331717779,1.8516688152734421812795063,0.7546435043581724011474421,-0.0556684021698832798286105,0.2639695088435410896821054,-0.5981070998377204794849149
140 0.6952573721024180031236028,0.8166145943177931521006485,1.2191603555313283990813034,2.5895596687326021267949727,2.0852390985508630905087557,1.8846605467273858103283146,2.7856906058353798627535980,1.0000000000000000000000000,1.1206583891541694875115809,1.3276618048153210338568897,1.1148716460002865424883112,0.7733069933438301291062089,0.1412758061773181084141982,0.1740528050708770591015195,0.5930774269335865600538682
141 -0.5663946580289722643186678,-0.7352943113019194676382995,-0.1749699934120405586668312,0.1485602590434999537016836,1.9910415166514185969504069,-0.9515485628931835693222752,2.5174471622167375883805107,1.0000000000000000000000000,0.6807520614126705282842522,0.0136671739336301778511285,1.6283416646474151434631494,0.3352031885878443695503393,-0.6235765597690343664538659,0.6649502840028405081795881,-0.2379704954191446120148612
142 -0.4124999598227452324294973,-0.7778209730073906147396201,1.1836270003510334092311496,0.5374904467423866627484585,2.3342380535543147956900611,2.0125131442684449645241784,-1.2489697574898459553338625,1.0000000000000000000000000,0.9928626287671578065641143,0.5907191549844817979320055,1.7925497438777087122474541,0.0758428329319953964393619,-0.6169864436695575715674522,0.6694053484826087974113307,0.4067798590064048980252664
143 -1.0694125838874946055057080,-0.9946388743089691342191827,1.7488182485905952034954680,0.8300007854513826721642999,0.2641679969807935179915148,-0.8145201055731314809804644,-1.0210190308326945185513068,1.0000000000000000000000000,0.9534169586573161270237620,0.2836280044511343967350570,1.9602825762824460653632741,-0.0431090345104336303272419,-0.5148963315762877801518016,-0.5470489045255779725351886,0.6586035656846165320388309
144 -1.3930545123352437997255038,-1.8212625391978127797898424,-2.7606120438113639359301033,1.9369879893357806466269722,2.9469515506997483456075315,-0.8844930631231250339752137,-0.4131525906399602376950497,1.0000000000000000000000000,0.8677226096291653645309339,1.3556930281656853765070991,0.9818915663001884785998641,0.4613351404292508894933178,0.5601782105461741156915423,-0.3856485931072309303324630,0.5697747680054521257630995
145 1.4029442379732319778895544,0.2069588450174588700747336,0.9663758253494592054266832,1.1746229069254465748883831,-0.1119110247264201163375219,-1.3333408727318720732313295,2.9765593008555280007954025,1.0000000000000000000000000,1.2585446769194215121956404,1.6816009771152835572394224,0.8268773505778457266757187,0.8956114913674593225323406,0.2452104414477646321390836,-0.1145293402937650473205622,-0.3530336144228875538964019
146 1.3450404441423446932901697,0.3682487056130772096196324,-0.7688133227206290776223341,0.2949702512253868924574363,-2.2540923811165116674715136,-0.8613482005840730204582201,0.4671105223317213450684449,1.0000000000000000000000000,1.4629632438242854419740979,1.2164451322560865254018836,0.4744889601421728442254278,0.7465314883137345036701049,-0.0354376817195937027227259,-0.6600050732898116168101410,-0.0763282613576129059795861
147 -1.0290334724908445362956400,0.3033878552347366586161570,-2.6091858639122382790276333,0.9908108144257266047816302,0.3791831219709402844841861,-0.9515721611187987205582317,1.8553386394746311793824134,1.0000000000000000000000000,0.3879431146786834760931129,-0.0254665426470217087784320,1.3001299039334124341138477,-0.1452961896151900300644400,0.2029611911603808327431153,-0.6851939830339550674409566,0.6842534350016713506903443
148 0.3865732774673436011880767,-0.4345024838696709412744212,-1.5017431399088714272238576,1.2604408817861416647332362,-2.5088840707158133191967408,-0.6720146243249071060787969,2.2804171148256484613625616,1.0000000000000000000000000,0.9500530574698398122990284,0.0849593230479926131426538,1.1972618296045034469443635,-0.1827229396034181219121706,0.6435361419398636373401246,-0.5236469665005505369492766,0.5275084512267261827034304
149 -0.6324846097671334987921909,-1.9351454131939191949385304,1.7729169343802970715273659,1.6488993075857398817873900,-1.9934806044811759218049474,-1.0924915951793168211736429,0.2285093434832572434345366,1.0000000000000000000000000,1.2235547947909981569836191,1.3606999017656078443394563,1.2350629543506486118786825,0.6813271641031578562675008,0.2201211404016762962498888,-0.6126957280098125346867732,-0.3345771347233503778539898
150 -0.3397466065994143580297759,0.1225717854125294437039884,0.6655270911141797363086425,1.7674633226718114986653063,-2.6598529085595408183451127,0.3084246353262976025888520,-1.6367304933097821528775739,1.0000000000000000000000000,1.2818225807024430373814994,0.8356730825790505967631816,0.5061300824777292817202579,0.8416543968704939260305764,0.0820347427539434292942389,-0.5251713636435271226332588,-0.0952947022142205391048719
151 -0.4358912616023704611478706,0.7726835539544394393374205,0.1960093361264161337942369,2.1238980106086926546993254,-0.5093801389729510908921384,-0.9783642806273440406528152,2.6479610156868407244701302,1.0000000000000000000000000,0.9377655393306749687099000,1.1897909547399656560173753,0.5387848430564998736258531,0.7299825254552364528493058,0.0120461881989240571222410,-0.5359673934030532160832649,-0.4239305728297233510915021
152 -1.3615480427592903112099521,0.0636393118941409596800440,0.0189619341443636457711364,1.7463359065057408869847677,2.8975211273247936105690314,-0.1232155863987549615501393,1.2338318926220903648527383,1.0000000000000000000000000,0.6349807829187824603778267,0.7368602035014509832322460,0.4094414637367020937119833,0.1050050622949255663129975,0.6314671575894356125857598,0.1094082157441126079699956,0.7604280264852046888890413
153 0.5718065105460730102038269,-1.2409792666118493187354943,0.1825738941328571840472250,2.2111846402702783898064354,-1.3661186206699902356831444,0.5601182463929355037635105,0.0987079895994198430742017,1.0000000000000000000000000,1.3415624233748315585756927,0.7313942541494289351078351,0.9272113437883111597415109,-0.5601943866863250409693364,0.5522258199164942205072748,0.1036456873329877903522345,0.6086742066082879709654208
154 -0.4514900635007592644143415,0.6691190517563927464550488,0.4282026630244728515606312,1.7881391669260984222944444,-1.1488940675360590493170321,-0.3701191245745696356550525,-0.6998710449723857252024573,1.0000000000000000000000000,1.0965408865265542370792673,1.1794386337581816981412430,0.5128648007235618866417326,0.1517838468391299322490795,0.3735150530270934243759484,0.3378560768896937127614422,0.8504700537734628529307201
155 1.5829323471956624480583287,-0.2874154269008037942967348,-1.6238214549844265377487318,1.5394014044391928219823740,-0.6434347161112512480940495,1.7092660624602462604570974,0.5172299246444507225817233,1.0000000000000000000000000,1.1181770347523278807955194,0.7364784678255269501079283,1.4175863914288713285571930,0.2871910058727264458688921,-0.3752610843964666598182589,0.8579205757613181937415447,-0.2016692072883993491760890
156 1.3463200062639852916390737,-1.8070816036686678796030492,1.0317412663368967784549568,0.7781104949620134547672023,0.9885312747021819390624842,-1.0819168579111129169234573,-2.8522138229195093117596116,1.0000000000000000000000000,0.8740753176732460882902842,1.1979408822362966891006408,2.0872196265248725843832744,-0.2213423624273612999591165,-0.4212410800303817426382125,-0.1626984118449613381240937,0.8643440223324895255174738
157 0.9576857247320966770587347,0.7029841560739953365555266,1.6498904467224413394887961,0.3033860408223169047303713,-2.1619652174054482252074649,-0.5455212934533628654776294,2.9340568565740516859818854,1.0000000000000000000000000,1.5967693012423049836456812,1.4225950641104625482569190,0.6707088178326272576157407,0.9141295738863944864149857,0.3419804048778712912692868,0.0177991845180988095265207,0.2170196678816378454968117
158 -0.2261633974063941288079604,-0.1513665461588493688083190,-2.2558117409698037469922838,1.7914621113769064741916281,-1.5599847197853888847163262,-1.5553329187800082333836826,2.5464270455266468928812174,1.0000000000000000000000000,0.4819100395546942472435603,0.3566562593765850164295728,1.2504123886028770673561894,0.3605452808836698275207766,0.2071264331565499383636109,-0.8372702865318060183597026,0.3550802525888085425798124
159 -0.3763421292379023341823086,1.0114937055914170471737634,-2.0526118775474846422923747,2.0565573629301772129451820,-1.7987131710963852881945968,-0.8970600124973961975172188,1.8329690241729696964512186,1.0000000000000000000000000,0.2562604690888781733271173,0.5793336381032132553769998,1.1634206286183730316707852,-0.0867421645030975463352974,-0.8682153957520724052443484,0.4714557703217268080919666,0.1280822345155477326450466
160 -1.0566399852487071697737520,-0.7530795370703931013167676,2.3489081295644185232163181,1.1831237961208089792819464,-2.8580291978488814308434485,-1.2232027027197787116818972,-2.5236329873598335460371800,1.0000000000000000000000000,1.1552828596228039703674995,0.8969278645339551214732410,1.7314834979286430893807847,0.5244776852353066898260181,0.2957769837784767208432868,0.3822560521387607379573126,0.7009403443429470526027103
161 -1.4959000512342719435565641,-1.4629064883626559101514886,1.4470541778351302397709333,0.0394148265390725782708614,-1.4286271997986490500665013,1.5870223218331127590374763,2.8547039291326443688490144,1.0000000000000000000000000,0.5062527068438855692988909,0.5046414167750972179504743,1.8659049830104468270519646,0.4260275658872724191539305,-0.8878541195880175207477691,-0.1733789409279227478055674,0.0123758604837655994401757
162 1.0611199962822541742468729,0.0487709449901112535030734,-1.4357276307932185233084965,0.3000366832809693296013620,-2.7688400839221851690297171,-1.1684297722027503496633472,-1.3471001165993978787582819,1.0000000000000000000000000,1.6771009532512055617559099,0.7148478495890885353603039,0.9639406368940892644303631,0.2662681638117134763632521,0.1041322721614837965020683,-0.5696689772276580798759937,0.7705405615575313671428148
163 -1.0315462092592984078009977,-1.0022769428562730009701909,0.5764528726636823918738628,1.5393690974774623114740280,-1.8885511483780814678823390,-0.1548064771027197750186133,1.9806655603422163025584268,1.0000000000000000000000000,1.0011181463912304234753492,0.0540149674946241234452238,1.1540859244688699281056188,0.3077568434478342718207955,0.0682725929532051467596432,-0.5025553791812360504565049,0.8050220403420924597526209
164 1.0766320994038109937207537,-1.2151735981312454804026402,-1.0951898965094448712420672,0.2495865149943095051554565,-1.6038939871568671513557547,-0.1806190040258452977894876,-0.3317388202160311827526584,1.0000000000000000000000000,1.3724230786147704197475150,0.9154001611781722447247489,2.0941534497206895082399569,0.8812945177731514867502938,0.0993817190874293487912183,0.4322594552435874981632935,-0.1630729915472790836350470
165 -0.4814600743619068534684402,0.6609442294668146367087047,0.3282997660750641699678454,2.1074143039926021003793721,0.4774406566798878870372391,-1.2185033621735668063479352,0.8503747716785294841201903,1.0000000000000000000000000,0.8104955825966640992064072,1.0046414868448498847186556,0.4624740058620007698841903,0.6033767987789511177965096,0.2557388416490927740554184,-0.7294675126088261407630853,0.1959821101282462618708990
166 1.5226729206881239875315259,1.0462292161170529958269526,2.7126841418422014129419040,0.9713740000489043957543345,-2.3233292531354026166923177,2.0582041727377280437849549,2.0675931935452824816934481,1.0000000000000000000000000,0.9028248228441503320240713,1.4110224504591242222772962,0.6195170808425057851209772,0.0671444284320473483429481,0.7941856550197005093494340,-0.4702068130661845035689339,0.3790305099704861513387755
167 0.9742848336179679158419731,0.6144973613729223238522081,-2.1512125106092732096385589,1.2636677302949443912893912,-0.5055305529518663298915726,1.1301768588789107283787416,2.0978139420555974581361625,1.0000000000000000000000000,1.3942340238866959278851709,0.5930551360283923267857631,1.4101487952424465177614366,0.4500193800156712109483692,0.3755479302621781978466231,0.6134189486920237355249697,-0.5293027722944319002351676
168 -1.3595999051104779020704427,-1.1481779660085109640021983,2.1704859535686660265696446,1.3854343015493053581366212,-0.1047807498228650047167321,0.8210479875982747977047893,-2.0966204001948334223470738,1.0000000000000000000000000,1.3589372228491296556995849,0.7617887582332988349875791,1.5357180529428884341314188,0.7822591005181074308438838,-0.0706116350943445936216847,-0.1909320513428449661574859,-0.5887507626859544984654349
169 1.6135001146328340482227759,-0.4327624359371895490511406,-0.5474589739906550178716316,0.4309715625238471625735315,2.2542384136893032220427813,-0.8100312872072866765549293,2.5642509878246348975494584,1.0000000000000000000000000,1.6991924002240985647205207,1.3820854377444156124710162,1.2610680597721470874716942,0.8275067269796132496395558,-0.1075735163937807103984312,0.0102911953657865429256901,-0.5509559341396093046228088
170 0.8490374740695862953998585,-1.0334507570743796112111568,0.3425689294527800576872778,0.1364225978769467162443618,-0.8287218125312225680545453,1.6743854855863760100476156,0.7335116034683362151724850,1.0000000000000000000000000,1.5281174956305512147025638,0.8628942703711439676794726,1.5403282027867630787909548,0.2317314779849499184471995,0.2627553226996064417164689,-0.3144324912135154082015731,0.8822642103189826112696892
171 -1.1903930009935694833700381,0.7803508216102379435596959,2.3069076004487980569024330,2.3479477120572456172453712,1.9106058730211135099352759,-0.8340585319090133564756684,1.3985014540820861483894078,1.0000000000000000000000000,1.1623077936221815065209739,0.6716434450528492305920736,1.3434405764489649737214449,-0.6106203799692392353293258,-0.2025897303214073130739337,0.0654557957385778488301753,0.7627670054061412852064450
172 1.5457524121061263500109817,0.9655066297550249920789156,-1.9699627127613656973892375,0.4747469192020347672489322,0.7967870138556638615057182,-0.1593035125249964156779470,-1.8351549744420476706352474,1.0000000000000000000000000,1.5434216965319811354362400,1.2348248597061914910710811,0.4448582395179450643674102,0.9162005623671413134800900,0.2086726360011845748942960,-0.3114879839206338152379772,0.1414400891429632989293452
173 1.4223652204097456674958266,-0.0878157454928456537857073,0.2347826753900785767825710,1.2804814775467296961153352,-1.0085226550146577650934887,1.9015575605959313953974288,-0.3294065382380066964174148,1.0000000000000000000000000,1.1717516404634016335961633,1.0190977750831655690433308,0.7718747679077181400586483,0.7143589799271226059573792,-0.6947892293325662604885906,-0.0785829440404772761041841,0.0279585446873903409326090
174 0.1974766365266038548043070,0.1200304188733132271238446,-1.6117157995514819202043100,2.3622373766695323737963008,2.0169901393512219556214404,0.0910444894219961664560969,-1.1462189242445022241412289,1.0000000000000000000000000,0.3937330632594365220633392,0.4891776138642319193827745,1.1794774035308444037895015,0.0578711415535211881611133,-0.3658182251286506980747504,0.9235590357395411231777871,-0.0993201189022064057088102
175 1.3437219922959084961178178,-1.2638327582761794687371548,-1.3830220789417129179099675,0.3480944219092346747501665,1.7495210481288472337269013,0.9158835325643868152667437,-2.5730628124624783659157856,1.0000000000000000000000000,1.3925406505714081895064282,1.1314293548588945093058555,1.9587712031628370379365833,-0.7835413748205900530408030,-0.3492843824353516479774839,0.0045397584782839173200841,0.5138487412037551216315023
176 0.5494542406581794935505059,0.7282860045867440845768215,2.5031635924609068055701755,2.3305306754058836560261625,-2.4832899015677583065553335,0.4668402252747170244617791,1.4494620642971538515553220,1.0000000000000000000000000,1.2291593130691178537006181,1.2954544182136749075340276,1.5166204745768658845861410,0.5527921517626270819789625,0.0128986915619372921604224,0.5997381099504008883371853,0.5784172308576107646160835
177 -0.9888587924548986052286637,-1.6231030511651667325168091,1.6734287292475888975218368,2.3444003321222961488956571,-0.2100895988862445662448408,-0.2714579928890288318399371,2.1542978933925267526205971,1.0000000000000000000000000,1.3609773691837236953006141,0.8174437138973731364899322,1.1043978100177958001637535,0.7969829804118275795588033,0.1190503434451818665085199,-0.2297702661182284278318377,0.5457550187791586626673279
178 0.5486259381737852436344838,0.4393826569432315309882142,1.1289473879079388041191123,2.0059811907838942524051618,0.6280202785017996447436417,1.2121371365196940139696835,1.3348451493558686209439657,1.0000000000000000000000000,0.8655179039910926297451965,1.3699511036123248608475933,1.2030009424017351626901018,-0.1135069220986962418296073,-0.8407555320253372599381692,0.1661664640774727086380835,0.5026259013175964351916036
179 1.2087190805428766893214743,-0.2811453214158048385939992,-1.6627151334095544576996417,1.4994159125394261877772806,0.0441240115189569515052881,1.0488690940202753942855907,2.8146962746818067202525526,1.0000000000000000000000000,1.1623390249764988801928212,0.4305904793843490230287330,1.2466853989734127949873255,0.4021394118182659016547120,-0.5505275013611018453119073,-0.6695873383734225470220736,0.2947099215834438901140402
180 1.4675477714652469529710288,0.3193765624232485222933065,-1.7940971131951199968312949,0.1807736903553706087066644,1.5487937200161603357173590,-0.6452811198189077890319254,-0.1567989430920215809805995,1.0000000000000000000000000,1.6855928105586925891401506,1.5111439485394497772574596,1.0708157994657998557386236,-0.1568472055747210935905400,-0.2303084597057103999340200,0.2854096396782696554161873,0.9170038593388796233085714
181 1.2557142281202833267172991,-0.0296749289364899304644041,-0.1310612976943472673951874,2.3194643321733288132691087,-0.7222568734536212176067238,-0.2531182294467981819252600,2.8112268536771773952409603,1.0000000000000000000000000,0.7899888278574345168436821,0.9156662233721089005911153,0.5582716488274965804805561,0.3452193023140133210091562,0.5087283578451275989351643,-0.6905243628332913274903149,0.3810419660934806218577364
182 0.6352496455864065083574133,-0.2676499759567201319754304,-1.5818737810062142301603672,-0.0134286671650729536042768,-0.7328965994771090564086080,-1.0916696796300349170394384,-1.1825495913864811914351094,1.0000000000000000000000000,1.7470326957412527502100374,0.9312320970373687556431719,1.2217449907508244333342873,0.8969455640895367398712779,0.3517741889554113488003395,-0.1810374573833942180023371,0.1974002420126348689155549
183 -0.6729643361830637271481237,-1.6261835630606782387985731,0.3917758193656704079899100,1.1810286354846453171774101,2.0460825263443789268080764,-0.1990313915705697045410716,-3.0263225602094654398399598,1.0000000000000000000000000,1.0711366412553262605911186,0.2446955904645271850927912,1.8175752732725887206299831,0.4501223130427301488687419,-0.1347928693951964684849543,0.5773980895763934917397364,-0.6677050832718014472533241
184 0.9971509268036373718757659,0.3618217173874480607764781,0.3358338218976424371930989,1.3864323088696375307904418,1.6506106530360931117229484,1.9396002843432538220724837,2.5244228948361344677664420,1.0000000000000000000000000,1.0753854334215224852755455,1.4146178456701397063710601,0.8377293926106694765820748,0.0920177007763981757992866,-0.3431558265007138008861887,0.5852809007751346159764694,0.7288490082902312483525975
185 1.3474022813616661764513083,-0.7062411641409809259783970,-0.9127077621605304003082892,0.5031684979205803820434539,1.0478211260171699237275789,-1.5308627636440148567231745,-2.2148393702627346968370148,1.0000000000000000000000000,1.3824161270015868918648039,1.0162056186338088714649075,1.7914028943093560641841577,0.4355872718951404043430387,0.2989944917126298173926102,0.7252031729445755914298388,-0.4415248185233473510180602
186 0.4543894185561603293876942,-0.7532828168255660816754471,1.9233446920545933522816995,1.3773689575080612090829391,1.0733302664255397473880294,-1.2480523578713822452357363,-2.2922092871001034097844240,1.0000000000000000000000000,1.4741928673805877458846680,1.2943105354851252020154107,1.5274756651673715435180156,-0.1275767824077419787531795,0.0741244235229492343108859,0.1067088813372440575522049,0.9832806747794151647212857
187 -0.8932368784921467241844084,-0.9364649484741802698550828,2.4471898739460389293753906,2.3030721892812624496116314,-2.3245527883812568958887823,0.7343987060075010120385741,1.7003602546878902046501025,1.0000000000000000000000000,1.3158440515278126969889172,1.0728418700483568493098119,1.4526770163176334627053166,-0.1279966489825201392260823,-0.0555519294826984366686418,0.1283417599002170395028344,0.9818641207659244418692879
188 -0.0697219856270392401853542,-1.5463086491875854822097835,2.2615334276379890354746749,0.0910707909227678330532640,1.0520369686479851267790764,0.6002463088858842610306965,0.2820448237019799186953151,1.0000000000000000000000000,0.6956448049778305442458759,1.1167820617267367744318562,2.1807253801879826760057313,0.4830011280730962530682859,-0.0034614746972322502083230,0.8390215704463720447492392,0.2504766316677332071982676
1861
2 0
3 1
5 2
6 2
6 5
6 0
6 4
6 1
7 1
7 6
9 0
9 5
9 6
9 2
10 4
10 6
11 8
11 10
11 3
12 10
12 4
12 5
12 9
12 2
13 10
13 12
13 11
14 9
14 7
14 0
14 5
14 6
14 12
14 2
15 12
15 4
15 7
15 10
15 13
15 5
15 14
16 12
16 13
16 7
16 15
16 10
16 14
16 4
16 9
17 9
17 14
17 16
17 12
17 5
17 0
17 7
17 15
17 6
18 12
18 10
18 4
18 13
18 15
18 16
18 17
19 1
19 15
19 7
19 17
19 5
19 4
19 12
20 16
20 17
20 12
20 15
20 7
20 10
20 13
20 4
20 14
21 20
21 12
21 16
21 17
21 10
21 15
21 4
21 13
21 18
22 14
22 17
22 9
22 20
22 6
22 7
22 16
22 15
22 21
23 8
23 19
23 15
23 12
23 10
23 22
24 20
24 16
24 7
24 21
24 17
24 15
24 12
24 22
24 10
24 14
25 3
25 23
25 18
25 10
25 21
26 6
26 2
26 5
26 0
26 9
26 17
26 22
26 14
26 21
26 12
27 23
27 8
27 19
27 15
27 25
27 24
27 12
28 18
28 10
28 13
28 25
29 22
29 17
29 9
29 14
29 24
29 20
29 6
29 16
29 21
29 7
30 21
30 20
30 12
30 17
30 24
30 16
30 4
30 10
30 29
31 30
31 21
31 20
31 12
31 24
31 16
31 10
31 17
31 4
31 15
32 3
32 23
32 27
32 25
32 30
32 31
32 20
32 24
32 21
33 28
33 18
33 10
33 13
34 33
34 10
34 18
34 31
34 28
34 12
34 30
34 21
34 13
34 20
35 34
35 33
35 28
35 10
35 18
35 31
35 30
35 12
35 21
35 13
36 24
36 20
36 31
36 16
36 21
36 17
36 30
36 12
36 15
36 29
37 31
37 30
37 21
37 20
37 36
37 12
37 24
37 16
37 17
37 10
37 4
38 34
38 35
38 10
38 33
38 31
38 18
38 12
38 28
38 21
38 13
38 37
39 28
39 35
39 33
39 38
39 34
39 10
39 18
39 13
39 31
39 12
40 26
40 2
40 6
40 5
40 0
40 9
40 29
40 17
40 22
40 37
41 8
41 23
41 27
41 11
41 10
41 18
42 18
42 10
42 12
42 30
43 42
43 18
43 10
43 12
43 30
44 9
44 29
44 22
44 17
44 14
44 6
44 40
44 26
44 30
44 37
45 6
45 30
45 5
45 44
45 43
45 42
45 37
45 17
45 0
46 2
46 40
46 0
46 26
46 6
46 9
46 44
46 17
46 29
47 12
47 4
47 18
47 15
48 2
48 40
48 26
48 5
48 0
48 6
48 47
49 19
49 22
49 29
49 14
50 40
50 26
50 48
50 6
50 5
50 0
50 9
50 44
50 17
51 30
51 43
51 12
51 42
51 34
51 37
51 31
51 21
51 4
51 18
52 44
52 9
52 50
52 29
52 17
52 40
52 26
52 6
52 22
52 30
52 0
52 45
53 25
53 32
53 3
53 34
54 51
54 30
54 37
54 31
54 21
54 12
54 45
54 43
55 6
55 52
55 50
55 26
55 40
55 44
55 45
55 29
55 9
55 22
55 17
55 2
56 53
56 25
56 32
56 3
56 35
56 34
56 33
56 38
57 19
57 22
57 29
58 34
58 51
58 35
58 38
58 18
58 10
58 54
58 12
59 52
59 9
59 44
59 50
59 29
59 17
59 55
59 40
59 0
59 22
59 26
59 5
60 53
60 25
60 32
60 3
60 35
60 34
60 33
61 34
61 38
61 10
61 31
61 51
61 30
61 37
61 12
62 30
62 37
62 47
62 52
62 45
62 31
63 58
63 34
63 35
63 38
63 10
63 31
63 30
64 60
64 53
64 25
64 56
64 32
64 27
64 3
65 60
65 64
65 53
65 25
65 32
65 35
65 34
65 3
65 33
66 62
66 54
66 45
66 26
66 55
66 30
66 5
66 6
67 56
67 32
67 65
67 25
67 3
68 64
68 25
68 60
68 65
68 53
68 56
68 32
68 3
70 41
70 23
70 11
70 27
70 8
70 32
70 57
70 13
70 67
70 64
70 53
70 10
71 20
71 24
71 70
71 16
71 21
71 36
71 31
71 13
71 15
71 37
71 38
72 38
72 13
72 71
72 39
72 35
72 34
72 33
72 28
72 18
72 10
72 63
72 21
72 61
74 19
74 70
75 25
75 67
75 64
75 68
75 53
75 32
75 3
75 60
75 65
75 56
75 51
75 54
76 19
76 1
76 17
76 57
76 24
76 49
76 7
76 29
76 20
76 36
76 32
76 0
76 47
77 64
77 68
77 60
77 65
77 25
77 75
77 67
77 53
77 56
77 32
77 27
77 43
77 42
78 7
78 24
78 36
78 22
78 15
78 14
78 20
78 29
78 16
79 68
79 64
79 60
79 65
79 25
79 67
79 53
79 77
79 56
79 75
79 32
79 73
80 4
80 51
80 54
80 47
80 62
80 61
80 30
80 42
80 63
80 43
80 75
80 58
80 37
81 5
81 0
81 2
81 46
81 62
81 50
81 66
81 48
81 47
81 40
81 26
81 80
81 59
82 38
82 21
82 12
82 31
82 61
82 34
82 10
82 63
82 37
82 35
82 20
82 30
82 16
83 75
83 3
83 73
83 25
83 67
83 53
83 54
83 56
83 51
83 32
84 56
84 60
84 65
84 53
84 35
84 64
84 33
84 68
84 73
84 34
84 67
84 72
85 82
85 21
85 20
85 31
85 16
85 24
85 36
85 37
85 12
85 10
85 38
85 15
85 61
86 57
86 1
86 49
86 22
86 19
86 29
86 14
86 6
86 76
87 16
87 21
87 20
87 37
87 12
87 82
87 31
87 24
87 36
87 30
87 85
87 17
87 13
88 4
88 81
88 15
88 6
88 47
88 5
88 62
88 55
88 66
88 50
88 48
88 36
88 2
89 13
89 15
89 10
89 85
89 71
89 12
89 7
89 24
89 70
89 18
89 82
89 78
89 16
90 79
90 68
90 64
90 77
90 80
90 25
90 27
90 60
90 65
90 75
90 32
90 53
91 70
91 8
91 89
91 41
91 74
91 27
91 23
91 71
91 15
91 4
91 11
91 10
92 88
92 81
92 80
92 66
92 62
92 55
92 6
92 4
92 5
92 45
92 52
92 50
92 30
92 47
93 70
93 41
93 71
93 69
93 91
93 13
93 89
93 72
93 8
93 23
93 32
93 11
93 77
95 11
95 91
95 39
96 77
96 75
96 68
96 64
96 25
96 80
96 43
96 18
96 42
96 58
96 60
96 65
96 63
96 67
97 82
97 85
97 38
97 71
97 31
97 37
97 36
97 21
98 79
98 65
98 60
98 64
98 77
98 67
98 53
98 68
98 56
98 75
98 32
98 25
98 96
99 27
99 23
99 8
99 41
99 57
99 19
99 32
99 92
99 49
99 1
99 91
99 90
99 80
99 88
100 98
100 65
100 60
100 77
100 97
100 71
100 56
100 64
100 53
100 84
100 67
100 68
100 38
101 32
101 49
101 57
101 1
101 3
101 76
101 67
101 75
101 98
101 27
101 23
101 53
101 99
102 81
102 2
102 46
102 92
102 0
102 48
102 5
102 101
102 88
102 40
102 50
102 26
102 47
103 91
103 8
103 41
103 89
103 70
103 23
103 27
104 16
104 20
104 87
104 21
104 24
104 85
104 82
104 36
104 31
104 37
104 12
104 30
104 17
105 59
105 62
105 66
105 50
105 52
105 17
105 5
105 40
105 54
105 9
105 26
105 0
105 44
105 55
106 104
106 24
106 20
106 87
106 16
106 21
106 15
106 36
106 17
106 7
106 12
106 37
106 85
106 82
107 57
107 86
107 1
107 49
107 22
107 76
107 29
107 14
107 32
107 101
107 44
107 9
107 17
107 59
108 36
108 15
108 24
108 20
108 12
108 31
108 37
108 21
108 4
108 16
108 30
108 92
108 10
109 70
109 93
109 71
109 11
109 91
109 103
109 72
109 89
109 97
109 95
109 100
110 87
110 106
110 104
110 20
110 21
110 16
110 85
110 17
110 37
110 36
110 24
110 30
110 31
111 108
111 15
111 4
111 85
111 12
111 80
111 91
111 31
111 21
111 10
111 36
111 89
111 37
111 92
112 81
112 92
112 88
112 5
112 47
112 102
112 80
112 4
112 0
112 19
112 108
112 76
112 111
112 62
113 13
113 10
113 70
113 38
113 103
113 72
113 89
113 109
113 93
113 71
113 11
113 91
114 79
114 101
114 98
114 60
115 87
115 21
115 16
115 20
115 37
115 104
115 30
115 31
115 17
115 12
115 82
115 24
115 106
116 15
116 78
116 89
116 7
116 91
116 108
116 95
116 111
116 24
116 4
117 95
117 97
118 68
118 79
118 65
118 25
118 64
118 60
118 98
118 56
118 67
118 53
118 90
118 77
118 75
118 96
119 71
119 72
119 85
119 97
119 82
119 113
119 13
119 93
119 38
119 21
119 100
119 20
119 16
119 31
120 29
120 9
120 59
120 0
120 22
120 52
120 17
120 88
120 14
120 81
120 5
120 55
120 44
120 50
121 27
121 23
121 77
121 64
121 8
121 41
121 67
121 68
121 103
121 70
121 32
121 53
121 91
121 60
122 27
122 23
122 99
122 121
122 57
122 32
122 41
122 8
122 101
122 67
122 70
123 4
123 97
123 38
123 117
123 82
123 34
123 35
123 18
123 33
124 26
124 50
124 52
124 66
124 55
124 59
124 40
124 105
124 81
124 6
124 62
124 44
124 9
124 92
125 19
125 102
125 112
125 76
125 81
125 101
125 99
125 92
125 1
125 57
125 27
125 88
125 23
125 120
126 91
126 95
127 109
127 70
127 11
127 93
127 113
127 41
127 103
127 121
127 91
127 71
127 23
127 32
127 53
127 8
128 70
128 93
128 113
128 109
128 41
128 71
128 91
128 103
128 119
128 127
128 32
128 23
128 8
128 121
129 23
129 27
129 32
129 41
129 8
129 128
129 101
129 121
129 99
129 93
129 114
129 70
130 38
130 35
130 34
130 82
130 10
130 33
130 63
130 13
130 61
130 21
130 58
130 104
130 31
130 39
130 12
131 109
131 127
131 93
131 71
131 128
131 113
131 72
131 119
131 11
131 70
131 100
131 97
131 95
131 103
132 11
132 70
132 113
132 95
132 121
132 126
133 118
133 25
133 75
133 68
133 98
133 65
133 80
133 83
133 64
133 60
133 96
133 79
133 77
133 100
133 67
134 54
134 30
134 62
134 37
134 51
134 31
134 66
134 67
134 75
134 63
134 21
134 53
134 61
134 64
135 125
135 19
135 99
135 57
135 1
135 27
135 23
135 86
135 129
135 49
135 8
135 107
135 101
135 76
136 31
136 34
136 38
136 30
136 37
136 61
136 21
136 63
136 35
136 82
136 10
136 130
136 134
136 20
136 51
137 72
137 113
137 128
137 119
137 93
137 70
137 109
137 131
137 77
137 71
137 127
137 100
137 13
137 132
137 136
138 120
138 7
138 29
138 22
138 24
138 36
138 17
138 14
138 74
138 20
138 88
138 76
138 15
138 106
139 89
139 78
139 91
139 74
139 103
139 108
139 116
139 7
139 15
139 111
139 70
139 24
139 128
140 90
140 114
140 79
140 99
140 129
140 121
140 122
140 125
140 41
140 98
141 57
141 32
141 122
141 49
141 23
141 129
141 1
141 27
141 101
141 107
141 67
141 99
141 121
141 135
142 91
142 103
142 132
142 11
142 41
142 70
142 8
142 121
142 128
142 23
142 27
142 89
142 95
142 113
143 137
143 113
143 128
143 72
143 93
143 70
143 119
143 13
143 109
143 77
143 131
143 127
143 136
143 38
143 71
144 94
145 114
145 101
145 98
145 32
145 67
145 53
145 79
145 102
145 1
145 3
145 56
145 60
146 30
146 37
146 134
146 31
146 21
146 36
147 107
147 22
147 29
147 86
147 44
147 57
147 52
147 14
147 55
147 59
147 17
147 9
147 6
147 120
147 141
148 59
148 52
148 124
148 50
148 66
148 105
148 62
148 9
148 44
148 40
148 0
148 26
148 5
148 134
148 81
149 84
149 134
149 72
149 83
149 136
149 75
149 143
149 34
149 35
149 137
149 53
149 115
149 51
149 56
150 123
151 114
151 145
151 101
151 73
151 79
153 51
153 12
153 4
153 21
153 18
153 54
153 43
153 37
153 30
153 31
153 42
153 134
154 150
154 73
154 84
155 88
155 112
155 81
155 92
155 5
155 4
155 47
155 125
155 102
155 15
155 120
155 0
155 153
155 62
155 108
156 71
156 119
156 131
156 113
156 109
156 89
156 72
156 128
156 85
156 137
156 93
156 97
156 143
156 91
156 70
157 133
157 118
157 145
157 56
157 134
157 98
157 75
157 151
158 148
158 44
158 9
158 59
158 52
158 29
158 147
158 107
158 124
158 105
158 50
158 17
158 55
158 22
159 59
159 9
159 44
159 52
159 158
159 50
159 40
159 148
159 105
159 29
159 55
159 22
159 17
159 14
159 26
160 39
160 35
160 72
160 28
160 130
160 33
160 38
160 34
160 150
160 84
160 136
160 149
160 82
160 13
160 63
161 75
161 25
161 68
161 64
161 67
161 96
161 77
161 134
161 80
161 53
161 121
161 133
161 118
161 32
162 37
162 146
162 104
162 30
162 31
162 21
162 20
162 115
162 106
162 36
162 87
162 17
162 82
162 110
162 16
163 134
163 75
163 3
163 83
163 67
163 53
163 149
163 25
163 54
163 161
163 148
163 153
163 32
164 37
164 21
164 30
164 31
164 20
164 36
164 146
164 12
164 24
164 104
164 162
164 62
164 87
164 54
164 108
165 151
165 114
165 154
165 73
166 118
166 133
166 79
166 90
166 25
166 157
166 98
166 65
166 64
166 60
166 96
166 77
166 80
166 75
167 102
167 88
167 81
167 120
167 92
167 155
167 6
167 55
167 2
167 40
167 50
167 125
167 52
167 26
167 46
168 113
168 143
168 137
168 38
168 13
168 72
168 18
168 95
168 10
168 103
168 11
168 93
168 39
169 1
169 57
169 141
169 49
169 101
169 135
169 129
169 32
169 145
169 125
169 107
169 27
169 122
169 23
170 80
170 4
170 92
170 153
170 155
170 134
170 112
170 164
170 42
170 61
170 43
170 96
170 81
170 47
170 126
171 165
171 152
171 53
171 114
171 129
171 60
171 67
171 127
171 64
171 56
171 121
171 65
171 128
172 138
172 74
172 24
172 15
172 36
172 97
172 139
172 106
172 20
172 108
172 88
173 4
173 123
173 170
173 155
173 153
173 80
173 126
173 88
174 78
174 7
174 116
174 139
174 15
174 172
174 24
174 138
175 139
175 89
175 91
175 111
175 172
175 15
175 108
175 74
175 103
175 116
175 174
175 7
175 156
175 85
175 71
176 118
176 79
176 65
176 166
176 133
176 68
176 60
176 25
176 98
176 56
176 157
176 84
176 64
176 53
176 73
177 75
177 3
177 32
177 163
177 101
177 67
177 53
177 149
177 129
177 64
177 83
177 151
177 77
177 60
177 25
178 90
178 79
178 114
178 129
178 140
178 98
178 126
178 121
178 27
178 64
178 165
179 102
179 167
179 125
179 81
179 135
179 92
179 155
179 112
179 120
179 88
179 101
179 19
179 2
179 99
179 76
179 57
180 138
180 74
180 172
180 7
180 174
180 78
180 36
180 24
180 108
180 139
180 169
180 57
180 76
180 120
180 175
180 107
181 102
181 101
181 145
181 81
181 125
182 36
182 20
182 24
182 31
182 37
182 16
182 104
182 164
182 21
182 162
182 17
182 30
182 7
182 85
182 138
182 106
183 89
183 113
183 156
183 93
183 128
183 70
183 109
183 103
183 91
183 139
183 13
183 175
183 142
183 143
183 119
184 140
184 178
184 90
184 99
184 27
184 114
184 125
184 135
184 129
184 121
184 79
185 71
185 7
185 156
185 182
185 172
185 24
185 175
185 180
185 119
185 85
185 20
185 36
185 139
185 97
185 16
186 131
186 109
186 156
186 71
186 119
186 143
186 137
186 93
186 128
186 113
186 72
186 183
186 127
186 70
186 168
187 75
187 25
187 176
187 163
187 96
187 68
187 73
187 177
187 83
187 149
187 64
187 60
187 65
187 118
187 77
187 133
188 77
188 121
188 70
188 137
188 128
188 143
188 96
188 129
188 142
188 91
188 64
188 27
188 170
188 23
188 41
