189
0 1.1276770803488735950281807,0.1929190981397248261242083,-0.8183374104370333412816763,2.4682124818102866292690578,0.8487123095733732913714675,-1.1783663570780149587591268,-1.8615314850579010030884319,1.0000000000000000000000000,1.0548999732383061989082762,0.4676951513475249844198345,0.9568029192703789709284479,0.0000000000000000000000000,0.0000000000000000000000000,0.0000000000000000000000000,1.0000000000000000000000000
1 -1.1789812340997070094772425,-0.3118491519263897338021252,0.5833863053409565901930023,1.4163255393716120966729477,0.7155664800795015212386829,1.5456245662856962219677825,0.7394221061765211544525300,1.0000000000000000000000000,1.0548999732383061989082762,0.4676951513475249844198345,0.9568029192703789709284479,0.0000000000000000000000000,0.0000000000000000000000000,0.0000000000000000000000000,1.0000000000000000000000000
2 1.2390809427149245269816902,1.0066025578613126967297831,-1.0481121727861257841851739,2.2263221497533978165961344,-2.7122370396292323491138632,0.4945849615589645864588419,2.2705254335778377594579069,1.0000000000000000000000000,0.9184555689191704619389611,0.3129227771483932829532648,0.9563793966646210176207887,0.0000000000000000000000000,0.0000000000000000000000000,0.0000000000000000000000000,1.0000000000000000000000000
3 -1.2401842248137542323860316,-0.4552260499848360675301251,0.2665178825998901213090164,1.5428955066481575553183347,-1.8739904847813706467718475,-1.4738155663822849472666121,-2.6012171216992960864899942,1.0000000000000000000000000,0.9184555689191704619389611,0.3129227771483932829532648,0.9563793966646210176207887,0.0000000000000000000000000,0.0000000000000000000000000,0.0000000000000000000000000,1.0000000000000000000000000
4 -1.3798132136847660600409426,-0.0102582918500091352376202,1.0563861530474900618514766,1.7266777787431770718740154,-2.3831040037568889111696535,-0.6513592683017995765837327,-2.5140365085314941850924697,1.0000000000000000000000000,1.1859707943796975460060139,0.4027987977037200129082350,0.9559956643315943303207405,0.0000000000000000000000000,0.0000000000000000000000000,0.0000000000000000000000000,1.0000000000000000000000000
5 0.9860803286408612589042377,-0.0861450556563285729794188,-0.9335867747245095715769025,1.3559714851288648951310734,-0.5863773223831771908010069,1.1204186089431953377015816,-0.8968185179857374178524765,1.0000000000000000000000000,1.1859707943796975460060139,0.4027987977037200129082350,0.9559956643315943303207405,0.0000000000000000000000000,0.0000000000000000000000000,0.0000000000000000000000000,1.0000000000000000000000000
6 0.6928306049233475816251371,0.8438780259537543848580299,-1.6415949522038670860268894,1.6959084056430915321556085,-2.5343928279115277568678266,0.5515052129288693372188845,1.8440790375072875217909996,1.0000000000000000000000000,1.1596521022308858839267032,0.1660175361512310487910327,0.9554052149552876294080761,0.0000000000000000000000000,0.0000000000000000000000000,0.0000000000000000000000000,1.0000000000000000000000000
7 -0.0832503169929183078901147,0.5445587951444110785814701,-1.7567862612806135480525427,1.0654676656674189061391189,-2.5877044985091282036648863,1.6820002355063334853468859,1.4599270767119043590298588,1.0000000000000000000000000,1.1596521022308858839267032,0.1660175361512310487910327,0.9554052149552876294080761,0.0000000000000000000000000,0.0000000000000000000000000,0.0000000000000000000000000,1.0000000000000000000000000
8 -0.0656651342940337001685691,-0.3475766896203367206652501,0.0123818759034873739771632,1.1776932048573436340177523,-1.4190440636539889407430337,1.7176338609855781314195156,-0.7265613156536421257669645,1.0000000000000000000000000,0.9188671017386331740794958,0.2545652448453778471382236,0.9555576436876122015107171,0.0000000000000000000000000,0.0000000000000000000000000,0.0000000000000000000000000,1.0000000000000000000000000
9 0.4231187733715439658332969,0.2260098210628406212308050,-1.0350136991763434490820828,2.1841644924394647553356208,-2.5987960104989640264250284,1.4625824857328937333988961,1.2919552978730044490163209,1.0000000000000000000000000,0.9188671017386331740794958,0.2545652448453778471382236,0.9555576436876122015107171,0.0000000000000000000000000,0.0000000000000000000000000,0.0000000000000000000000000,1.0000000000000000000000000
10 -0.6820106401063433798626079,-0.1606099837411238684392600,-1.8296766301375941843332384,1.2186317385650611289094059,-0.3822194638238085584447390,-0.7830891936473032277632456,-1.1369157568754304499236696,1.0000000000000000000000000,0.2746370658393190722357247,0.0676490052918200523990322,1.3653137308151059858829512,0.0000000000000000000000000,0.0000000000000000000000000,0.0000000000000000000000000,1.0000000000000000000000000
11 -0.9883846504679051347963537,0.1286554090167384145626528,-3.0356441437976280361965564,0.5875004044024764171538777,-1.3722461405079571239440384,-1.0144905033588831333446478,1.0237269636001498085420280,1.0000000000000000000000000,0.2746370658393190722357247,0.0676490052918200523990322,1.3653137308151059858829512,0.0000000000000000000000000,0.0000000000000000000000000,0.0000000000000000000000000,1.0000000000000000000000000
12 -0.1142560329920329076358598,0.0993111890532877711335047,-2.0011275006589963609826555,1.5577053431477660971893329,-1.8623972518399189990390141,-0.4641264662910842275778123,0.3698714991359524639769063,1.0000000000000000000000000,0.4505816242660309889345172,0.1578231352650668051218474,1.3315600888717733507604635,0.0000000000000000000000000,0.0000000000000000000000000,0.0000000000000000000000000,1.0000000000000000000000000
13 -0.3461154114524147562548251,-1.0917565416910590680998894,-0.6708478534127139125686767,1.6054379831517553434139245,-1.6811521817825965108283981,0.7911691704258179136388662,-0.9912584537808817319870514,1.0000000000000000000000000,0.4505816242660309889345172,0.1578231352650668051218474,1.3315600888717733507604635,0.0000000000000000000000000,0.0000000000000000000000000,0.0000000000000000000000000,1.0000000000000000000000000
14 -0.2215511673413060600434932,-0.7924944997475299457434517,-0.2243682757137433758654055,1.2431353677251062439523821,-1.2597987238637702311905286,1.8507488662613318375349536,-1.1193337693818221634245447,1.0000000000000000000000000,0.7154498016300843143966404,0.2833343971443056941161842,1.2287210700468722546219169,0.0000000000000000000000000,0.0000000000000000000000000,0.0000000000000000000000000,1.0000000000000000000000000
15 -1.0401220722789601413893479,0.8415400213342005830696735,-2.6622086821806649759025731,1.8071066712024721478968559,-1.7128041856536433407143249,1.8537843224377299478078385,2.4707629277611862228525297,1.0000000000000000000000000,0.7154498016300843143966404,0.2833343971443056941161842,1.2287210700468722546219169,0.0000000000000000000000000,0.0000000000000000000000000,0.0000000000000000000000000,1.0000000000000000000000000
16 -0.8313129781973379595072515,-0.8905448073299337963248945,0.8285445846635627331622231,0.9329870039478662668841480,-2.0583682667934963816946947,1.6199643109552397390871192,-1.6909508019382830656951455,1.0000000000000000000000000,0.7115415825795110560392231,0.1164405724575932193909367,1.4741010070424998001925587,0.0000000000000000000000000,0.0000000000000000000000000,0.0000000000000000000000000,1.0000000000000000000000000
17 -0.1945107797284596762299458,-1.0877126427175249911982746,-0.4017989261711619186634437,1.1040646692190279054557323,-1.3765887643816301366683774,1.1727640149988065587649544,-1.5888632105857247722724424,1.0000000000000000000000000,0.7115415825795110560392231,0.1164405724575932193909367,1.4741010070424998001925587,0.0000000000000000000000000,0.0000000000000000000000000,0.0000000000000000000000000,1.0000000000000000000000000
18 -0.5053715188642454725354014,-1.6131305662536492562253443,0.1494309983740088332293539,2.1067514854663134116208312,-1.6403394953082228724383640,1.4207125543247500765176028,-1.0696821773534543886796655,1.0000000000000000000000000,0.6566978725170240505093489,0.3340290542617575519912521,1.3649116490571346904658867,0.0000000000000000000000000,0.0000000000000000000000000,0.0000000000000000000000000,1.0000000000000000000000000
19 -0.4341793466759401587395928,0.6637714846241296040574298,-2.9655467291722628075945067,2.4845913147937088716332710,2.4214153516440606317416950,1.6648587445564841935663480,2.8814483789434084393121793,1.0000000000000000000000000,0.6566978725170240505093489,0.3340290542617575519912521,1.3649116490571346904658867,0.0000000000000000000000000,0.0000000000000000000000000,0.0000000000000000000000000,1.0000000000000000000000000
20 -0.1893975298747098134910516,-0.7983758455486424931990541,0.4166074233872369969589045,0.5682335052305518274806673,-1.7423858159025265024411055,1.1448028146497919443902447,-1.8578132439236554329653472,1.0000000000000000000000000,1.1483456829555080958016333,0.0786858986311992220086253,1.4866525193614199551461752,0.0000000000000000000000000,0.0000000000000000000000000,0.0000000000000000000000000,1.0000000000000000000000000
21 -0.8738409002519567092548414,-1.1303424392080645421998497,0.5566246941938589598564135,1.1720929240045476760201382,-1.8364855533725776837172816,-0.3717558066694790497308531,-1.5247826218398050635016716,1.0000000000000000000000000,1.1483456829555080958016333,0.0786858986311992220086253,1.4866525193614199551461752,0.0000000000000000000000000,0.0000000000000000000000000,0.0000000000000000000000000,1.0000000000000000000000000
22 -1.2063677545972364413273681,0.5951759809734263884095640,2.7691276641132200886374903,1.1447736261206462593520428,-1.8721079139927099266316191,0.7207276894341818618272555,2.3670283321822789268651377,1.0000000000000000000000000,0.7723447650309395173806593,-0.0644909200000068766334138,1.1961727872473060241276244,0.0000000000000000000000000,0.0000000000000000000000000,0.0000000000000000000000000,1.0000000000000000000000000
23 -0.1861160443169943001784361,0.4583274565173688364083660,-2.4166269098399251191722215,1.0331079984864941501143676,-1.6797140318399570446672442,-0.6042244232279362359250285,0.9045645192851330396166532,1.0000000000000000000000000,0.7723447650309395173806593,-0.0644909200000068766334138,1.1961727872473060241276244,0.0000000000000000000000000,0.0000000000000000000000000,0.0000000000000000000000000,1.0000000000000000000000000
24 -0.7507577046529148034892387,0.1338912716316716100539708,-3.0203527276492554420883607,0.4385176193971640490332220,-1.8797502258241096662061409,1.0319233206249416312516587,1.9252497336779093028980014,1.0000000000000000000000000,1.0417899232319509650324107,-0.0437632769922554829000738,1.3044453556670085880853094,0.0000000000000000000000000,0.0000000000000000000000000,0.0000000000000000000000000,1.0000000000000000000000000
25 -0.8959223081254298337583464,0.3895562240042020341057594,2.7682385856674014412703855,1.0696020277309847834601442,-2.0686132419045106800581380,0.7177321457852294805945803,2.6275962128764240866019009,1.0000000000000000000000000,1.0417899232319509650324107,-0.0437632769922554829000738,1.3044453556670085880853094,0.0000000000000000000000000,0.0000000000000000000000000,0.0000000000000000000000000,1.0000000000000000000000000
26 0.4831582235073619835397096,-0.1826515317915517744307152,-1.4898599501129616839989467,1.5623806498257912789284774,-0.0746411471820388888742670,-0.6261332992585996182199892,-1.7004973899560642536243904,1.0000000000000000000000000,1.1441207166733782241152539,0.0758032414297588191809396,1.2048596780304143827322605,0.0000000000000000000000000,0.0000000000000000000000000,0.0000000000000000000000000,1.0000000000000000000000000
27 0.5137281962015808334243161,0.2986791175849948798415312,-1.9501954643336827377453346,1.3527151374991914778433966,-1.6924853556482908345515170,-0.3264945230104470130783056,0.4923671923979799913695388,1.0000000000000000000000000,1.1441207166733782241152539,0.0758032414297588191809396,1.2048596780304143827322605,0.0000000000000000000000000,0.0000000000000000000000000,0.0000000000000000000000000,1.0000000000000000000000000
28 -1.2285220389834545784424336,-0.6149183766079476809451876,1.1398353186715499685277564,1.1805040395912196338201738,-2.0045343220903486525230619,-0.2446958067569395822715705,-1.9852261233521948380342792,1.0000000000000000000000000,1.0735426008810953213412631,0.0097577627421160106901965,1.3221965147518535133031037,0.0000000000000000000000000,0.0000000000000000000000000,0.0000000000000000000000000,1.0000000000000000000000000
29 0.1535379363226651305840420,0.2324182356404663751803241,-2.3998855075926970314981190,0.9899143282204962979164975,-1.7336032506973579891962345,-0.7104728132069449975105613,0.7586417131576544958804220,1.0000000000000000000000000,1.0735426008810953213412631,0.0097577627421160106901965,1.3221965147518535133031037,0.0000000000000000000000000,0.0000000000000000000000000,0.0000000000000000000000000,1.0000000000000000000000000
30 -0.7602925558304072239934612,-0.2436783545364457626014598,1.4020279997573115160491852,0.6967182757237766477231844,-2.1974436800123751112323589,0.1282077683732880668543430,-2.2303563010386042719801480,1.0000000000000000000000000,1.2632647175450180121458743,-0.0464151820616867383240134,1.2750877230777812876283406,0.0000000000000000000000000,0.0000000000000000000000000,0.0000000000000000000000000,1.0000000000000000000000000
31 -0.5973544132702836018111725,-0.5252984056067006024548505,0.6643641655380805310926462,0.7224781526419393751226039,0.2025343250892975566213039,-0.1049053094372642824794184,2.3816061773645555987855005,1.0000000000000000000000000,1.2632647175450180121458743,-0.0464151820616867383240134,1.2750877230777812876283406,0.0000000000000000000000000,0.0000000000000000000000000,0.0000000000000000000000000,1.0000000000000000000000000
32 -0.2065238491389255470753739,0.6839184113261170816500112,-2.7045291025788014138697690,1.2830033793586885781934370,-2.3726393812341135536314596,0.9489398204949406334662854,2.2248909084123429380497328,1.0000000000000000000000000,1.2507086311982518189722668,0.0699172810464712413125454,1.1743563701046426661633859,0.0000000000000000000000000,0.0000000000000000000000000,0.0000000000000000000000000,1.0000000000000000000000000
33 -0.2956703631904777362926495,-0.8289482609250305999992747,0.0843265315961388567389534,1.4927807811100972656959129,-3.0070829446477351787336829,0.6723359346726609508948513,-0.1583372177311244133335322,1.0000000000000000000000000,1.2507086311982518189722668,0.0699172810464712413125454,1.1743563701046426661633859,0.0000000000000000000000000,0.0000000000000000000000000,0.0000000000000000000000000,1.0000000000000000000000000
34 0.1350884556808265302141336,0.2632669408057107807152875,-2.3298602886647632459471424,0.6418618633428828657017107,-1.9095915738836060082661561,-0.4144857097018910252472779,1.0840659572668527310668196,1.0000000000000000000000000,1.2733362020986789264753725,-0.0197197641756943278790182,1.1998087477636563136229597,0.0000000000000000000000000,0.0000000000000000000000000,0.0000000000000000000000000,1.0000000000000000000000000
35 0.2342704360520322104388669,-0.0487152197528246330704427,-1.5589929226529377626064843,0.8846010198386289324901099,-0.1086262789630125374928937,-0.3153949663114710144640185,-1.4993395813865455501456836,1.0000000000000000000000000,1.2733362020986789264753725,-0.0197197641756943278790182,1.1998087477636563136229597,0.0000000000000000000000000,0.0000000000000000000000000,0.0000000000000000000000000,1.0000000000000000000000000
36 -0.2372900474876480092500941,0.0516963981845356343458597,-2.4467984377184017752426826,0.6131510014580405787398831,-2.7639870622122337806558789,0.8116357910035345568644516,2.1541479361673778747388042,1.0000000000000000000000000,1.2515311001108637700696136,-0.0158676856597269391735416,1.3545177924234967914429717,0.0000000000000000000000000,0.0000000000000000000000000,0.0000000000000000000000000,1.0000000000000000000000000
37 0.1543720691109764509008073,0.0026970120350518480764612,-2.1727859957913353561309577,0.6903627728483442416163030,-1.5248824548974948545065899,-0.4021989553711371456756751,0.4160565203376813125935030,1.0000000000000000000000000,1.2515311001108637700696136,-0.0158676856597269391735416,1.3545177924234967914429717,0.0000000000000000000000000,0.0000000000000000000000000,0.0000000000000000000000000,1.0000000000000000000000000
38 0.0945763539475178438564740,0.0051190432169513086849144,-2.1389946589953212630064172,0.5369782858500662392486902,-1.8470244137185853894322918,-0.3774599080800358219534019,0.7484929583588942891836382,1.0000000000000000000000000,1.2559144516363340837727947,-0.0368931456407965846500119,1.3172530378295355113493770,0.0000000000000000000000000,0.0000000000000000000000000,0.0000000000000000000000000,1.0000000000000000000000000
39 -0.7989468626677476148501000,-0.2129941973536272625810994,1.6147785905132414630003268,0.6578494653247599632805986,-1.3374997842630331756907935,0.1945391114310077718130287,3.0121533782475937712774794,1.0000000000000000000000000,1.2559144516363340837727947,-0.0368931456407965846500119,1.3172530378295355113493770,0.0000000000000000000000000,0.0000000000000000000000000,0.0000000000000000000000000,1.0000000000000000000000000
40 0.0376784640611744561788932,-0.0893786572291320052796593,-0.9467662419628269931948239,1.5198119274558945512865193,-1.7973393604617946550661145,0.6129386553601077203268233,0.0689630366677189271529258,1.0000000000000000000000000,0.6775050253735412919553482,0.0692653077977082309857337,0.9599114239564684458727584,0.0000000000000000000000000,0.0000000000000000000000000,0.0000000000000000000000000,1.0000000000000000000000000
41 -0.6946291190852122987564599,-0.3738321511245731865180630,0.2684222293417401483672791,1.3011420536954882987146220,-2.1485917178807656391370529,1.4157654528579515229580466,-0.6793492005142400813610948,1.0000000000000000000000000,0.6775050253735412919553482,0.0692653077977082309857337,0.9599114239564684458727584,0.0000000000000000000000000,0.0000000000000000000000000,0.0000000000000000000000000,1.0000000000000000000000000
42 -0.8073904752155643960165321,-0.5966295140984764211466995,-0.0496558084957327769415336,2.0014737223143472810704679,-1.7749632439426692442907552,1.4915012542584449306559691,-0.1547496695295831892202898,1.0000000000000000000000000,0.3918729134098966060406610,0.4122501121192472806065155,0.9554181598687628840238517,0.0000000000000000000000000,0.0000000000000000000000000,0.0000000000000000000000000,1.0000000000000000000000000
43 -0.3519975312906163389392589,-0.3062156965188427282242856,-0.7042187837077636958227345,1.6146388766991144336770958,2.1873835733493307564856423,-1.1257918968916833524218646,2.5251845597349489302985148,1.0000000000000000000000000,0.3918729134098966060406610,0.4122501121192472806065155,0.9554181598687628840238517,0.0000000000000000000000000,0.0000000000000000000000000,0.0000000000000000000000000,1.0000000000000000000000000
44 -0.2689435360130863483796304,0.6295158971774873490900859,-1.5374871830470124844936208,1.6041098826597670612414959,-2.5077921057752434741416891,0.8678948690033960744472097,1.5669662667108634757084928,1.0000000000000000000000000,0.4698845384269415004219184,0.0894936074453842045350882,0.9574340037174681183884672,0.0000000000000000000000000,0.0000000000000000000000000,0.0000000000000000000000000,1.0000000000000000000000000
45 -1.0743076955241599446111422,-0.3821120283345115775652800,-0.4351049231367234981782133,1.4689836519519765545283008,2.5495364764390004985727955,1.3723031877876739059729516,0.6223431929204474855055196,1.0000000000000000000000000,0.4698845384269415004219184,0.0894936074453842045350882,0.9574340037174681183884672,0.0000000000000000000000000,0.0000000000000000000000000,0.0000000000000000000000000,1.0000000000000000000000000
46 0.5061677682123827404225835,1.0359447207657375145117840,-0.8545872179023271675291085,2.2888419174496652530592655,1.0626588550160331880789499,-1.3041071492732070336018069,-1.2345844954909479529447935,1.0000000000000000000000000,0.6414395744872463112074001,0.3824355664348395578144846,0.9577173896705346578528406,0.0000000000000000000000000,0.0000000000000000000000000,0.0000000000000000000000000,1.0000000000000000000000000
47 -0.1531005532843087157957029,-0.4603958793258740023190967,-0.3681804314759939966705815,2.4905328999207587692410470,-2.2067657931504083279605766,1.5387036518839671828118298,0.5381257606815706973080182,1.0000000000000000000000000,0.6414395744872463112074001,0.3824355664348395578144846,0.9577173896705346578528406,0.0000000000000000000000000,0.0000000000000000000000000,0.0000000000000000000000000,1.0000000000000000000000000
48 -0.2644003108317856121090017,-0.3771850020299744032925560,-0.4515886797685326747853196,2.5109635127633507245548117,-2.3472321684052510626372623,1.6069899574420367649452146,0.6609868993941283576987189,1.0000000000000000000000000,0.5801859769645081321698399,0.3921433582399708184240694,0.9555935771021030200600421,0.0000000000000000000000000,0.0000000000000000000000000,0.0000000000000000000000000,1.0000000000000000000000000
49 0.3728054086425689472861222,0.8628405074990532774847907,-1.7261801972754939882293002,1.6144389970737114126109191,-2.2261017481781428806186796,-1.2468025273395713092838832,1.4268184281773885757615972,1.0000000000000000000000000,0.5801859769645081321698399,0.3921433582399708184240694,0.9555935771021030200600421,0.0000000000000000000000000,0.0000000000000000000000000,0.0000000000000000000000000,1.0000000000000000000000000
50 -0.7738760311159369464917290,-0.1819855969640916948382170,-0.2179210887062208723552459,0.8126226983990986196815243,-1.0113061356439574378640600,-1.1785900409699370250393713,-2.2373023953969148891474106,1.0000000000000000000000000,0.9402617489408058304434235,-0.0066513766006805891128906,0.9590722960112952888422910,0.0000000000000000000000000,0.0000000000000000000000000,0.0000000000000000000000000,1.0000000000000000000000000
51 -0.9799055041908399932282236,0.7380071011079101239715783,2.0129261458883553892462714,1.1587515085130561942605709,-0.8232014371921774209539535,-1.0216626618158364259159043,1.5494316201258788723293947,1.0000000000000000000000000,0.9402617489408058304434235,-0.0066513766006805891128906,0.9590722960112952888422910,0.0000000000000000000000000,0.0000000000000000000000000,0.0000000000000000000000000,1.0000000000000000000000000
52 0.1096769114451976584456716,0.1483156898914575749781619,-1.1894745980452763323143017,0.9513022728966876728762259,-2.1106490555320363000646466,0.4317378473615915979166857,0.4069994902078155618596611,1.0000000000000000000000000,1.0669853509482858378021319,-0.0567061158906231252418984,0.9593846945717858787361365,0.0000000000000000000000000,0.0000000000000000000000000,0.0000000000000000000000000,1.0000000000000000000000000
53 -0.1651859054104933555162660,-0.2131682711171501987124088,-0.4741828451515460729481788,1.0372714606439601414678009,-2.6616887718947603858055118,0.7005602457563209206625743,0.1123024020278797219241085,1.0000000000000000000000000,1.0669853509482858378021319,-0.0567061158906231252418984,0.9593846945717858787361365,0.0000000000000000000000000,0.0000000000000000000000000,0.0000000000000000000000000,1.0000000000000000000000000
54 -0.2981923016593602815405006,0.8206905920819663746712536,-2.7546366995257409726605147,0.8692229776441715571877467,-1.8605485066965594675991724,0.2899209560313824596278209,1.6063339682369235372760841,1.0000000000000000000000000,1.1389495713584820713037971,-0.0558573369569412142565668,0.9551793051465318207249311,0.0000000000000000000000000,0.0000000000000000000000000,0.0000000000000000000000000,1.0000000000000000000000000
55 -0.9085152179513333869920189,0.2975148868630056453454813,1.5214915247796771957666806,0.5230120093286678706334669,-2.5728243954985363650678210,-0.4345425443884649574499690,-2.2931211603497185791411539,1.0000000000000000000000000,1.1389495713584820713037971,-0.0558573369569412142565668,0.9551793051465318207249311,0.0000000000000000000000000,0.0000000000000000000000000,0.0000000000000000000000000,1.0000000000000000000000000
56 -1.3401052354560638590896815,0.8623627947048666531060235,1.9300424247294800661478575,1.4238035617393458576174226,-0.8108229864036725631493141,-0.8728054754309381157995062,1.4224517020022175994853342,1.0000000000000000000000000,0.7994016728128314763779372,0.0140527888825408980855158,0.9582882109020315342107210,0.0000000000000000000000000,0.0000000000000000000000000,0.0000000000000000000000000,1.0000000000000000000000000
57 -1.1765301067480227192874054,1.0338026337874710591790972,2.2413970382713697127030628,1.4293446252838652998917723,-0.9557678200217608610600450,-0.8043545683866155648900076,1.3005568046088269440474505,1.0000000000000000000000000,0.7994016728128314763779372,0.0140527888825408980855158,0.9582882109020315342107210,0.0000000000000000000000000,0.0000000000000000000000000,0.0000000000000000000000000,1.0000000000000000000000000
58 0.1959547176027680859267122,0.1327903542341660192427355,-1.1576333242517367061452660,1.5856538232448487146797333,-2.3792672003776704769961725,0.6419318542545342509697548,0.8553618949024575091044653,1.0000000000000000000000000,0.8193690039074835729238089,0.0431515753842664773198834,0.9565164838552085990741602,0.0000000000000000000000000,0.0000000000000000000000000,0.0000000000000000000000000,1.0000000000000000000000000
59 -1.0590020086001037391554291,-0.2168480159180284916331516,0.0025468036394274656646075,0.8769895924611738058374044,-1.3589561944442314356251700,-1.3073604790528121633030878,-2.2566980027333820579826806,1.0000000000000000000000000,0.8193690039074835729238089,0.0431515753842664773198834,0.9565164838552085990741602,0.0000000000000000000000000,0.0000000000000000000000000,0.0000000000000000000000000,1.0000000000000000000000000
60 -0.6781371944105680782399759,0.7708652377687461587640882,2.5035437522285985956216336,0.8771583105927265311407837,-1.3180601925110355665538009,-0.0208114313524270233557445,1.7637731036590273969721920,1.0000000000000000000000000,1.2262524041190054902017437,-0.0136359343694690271497905,0.9575303947262141512908329,0.0000000000000000000000000,0.0000000000000000000000000,0.0000000000000000000000000,1.0000000000000000000000000
61 -0.1096068523042939835132614,0.6751268865487626280597055,-2.3044644902463247149171366,0.7872025453894042623659288,-2.0834310165660183677971418,0.6008144945841351614035375,1.4459651718552042343191033,1.0000000000000000000000000,1.2262524041190054902017437,-0.0136359343694690271497905,0.9575303947262141512908329,0.0000000000000000000000000,0.0000000000000000000000000,0.0000000000000000000000000,1.0000000000000000000000000
62 -0.4718870958702472973023134,0.3965351388911723118368968,1.7709196984298676280644713,0.5567303173283891792877398,-0.5856976358578488417450103,-0.8547526052476617230979627,1.8856874993503482951240358,1.0000000000000000000000000,1.2468123006573004207808708,0.0101200102456472929013387,0.9570361499497834767424820,0.0000000000000000000000000,0.0000000000000000000000000,0.0000000000000000000000000,1.0000000000000000000000000
63 -0.5466583683132698601170318,0.7382334735220285049095423,2.3818852388385303164852758,0.8723368186414991454213919,-1.0730847644467915724675322,-0.5413009994855620954368192,1.6183116592255799570665431,1.0000000000000000000000000,1.2468123006573004207808708,0.0101200102456472929013387,0.9570361499497834767424820,0.0000000000000000000000000,0.0000000000000000000000000,0.0000000000000000000000000,1.0000000000000000000000000
64 -0.5370655075047308102398347,0.7798816492249548426585193,2.7833649047404520615600632,0.7886499347989871511188653,-1.1820185179174758083320285,0.1832525661137198724759401,1.4361423378352660140677699,1.0000000000000000000000000,1.2667465605152521401777221,-0.0013006470311901774383756,0.9567866195280974039860666,0.0000000000000000000000000,0.0000000000000000000000000,0.0000000000000000000000000,1.0000000000000000000000000
65 -0.0040691017410762076594866,0.7253539842204128618163850,-2.7167296165260497176063836,0.7142214510605611188509556,-2.0654453959085632419601097,-0.2957927423044073300673062,1.7639444064727560768091053,1.0000000000000000000000000,1.2667465605152521401777221,-0.0013006470311901774383756,0.9567866195280974039860666,0.0000000000000000000000000,0.0000000000000000000000000,0.0000000000000000000000000,1.0000000000000000000000000
66 -0.0070915554887675301756755,0.5083782536483586467213058,-2.0872774138714969005548028,0.5196773301409545187112826,-1.3196632679032200829993826,0.2310955884079894939731048,0.4247518567353961160826259,1.0000000000000000000000000,1.2500702673243686557924548,-0.0443731851197654361684819,0.9574956318607998895231503,0.0000000000000000000000000,0.0000000000000000000000000,0.0000000000000000000000000,1.0000000000000000000000000
67 -0.2699822384610216507994096,0.6143821373660317552989341,-2.7253007243890929878205043,0.4770402860719197835059902,-1.4091261727455672847497681,0.3448186744213190824126514,1.0459069599164037001060024,1.0000000000000000000000000,1.2500702673243686557924548,-0.0443731851197654361684819,0.9574956318607998895231503,0.0000000000000000000000000,0.0000000000000000000000000,0.0000000000000000000000000,1.0000000000000000000000000
68 -0.8702482701692639821544617,0.7149160117421955451533222,2.2774790276046856796199336,0.8812319884776892431332840,-0.8750952952548681773592421,0.4704000267527996825833725,1.4820694947007801989258269,1.0000000000000000000000000,1.2578234711558666791830774,0.0678526721884741834678323,0.9560664811316255118356366,0.0000000000000000000000000,0.0000000000000000000000000,0.0000000000000000000000000,1.0000000000000000000000000
69 -0.2412180569506037208782345,-1.2541157137989602521344068,-0.5790928249293592067203917,0.3249115417706368025285713,1.5049237534375503599903823,1.1251016652225080960647574,0.4142867183626104399252199,1.0000000000000000000000000,1.2216324461411030011248613,0.4034110874996169604500551,1.8605432745484069556596296,0.4559892637776732371435173,-0.1447316121296882696078967,-0.0988773456743359258069859,0.8725523438193798497763964
70 0.9586448757122751906933900,-0.1382252294790116131650848,-1.3376272612817330376344671,0.0885238496542553460200153,0.7804374395913620254816578,0.1538067538348213414423071,-2.1745075946662146826326989,1.0000000000000000000000000,1.8993530696834675097761647,0.9700467050004788482908680,1.2350344276344704663728180,0.9775617752230167933902294,-0.0004895351046323853649866,-0.0095004792144298688683079,-0.2104288458232283498539061
71 0.6243034773016997718286802,-0.4467287196459845954876755,2.5596378475910430694284514,0.6963961800981294247847586,2.4733388781372180886819478,-1.1781246905520510459552952,1.9471911164262296622950998,1.0000000000000000000000000,1.2819256245092565116294736,1.3215040149154875237513806,1.7685923389719748755055662,-0.0855600099286437099088687,-0.2837642812137007863881877,0.7039301752529740774377842,0.6454745839968323295465780
72 -0.3187036552809698886079559,-0.1407147985369499032515250,-1.9499686456688380964408225,0.5099042472373247480987857,-2.4291227369560504101286824,-0.2486662538704242919607168,-0.7552217346570553324625052,1.0000000000000000000000000,0.8085179945909166665529710,-0.1413186123937212601564539,1.4321215603873584942817843,0.3095405487897991969603595,-0.5286297287793459975802079,-0.5888302515544295845373313,0.5272684527661499753747876
73 -1.3139673416655164306376946,-0.0308922872449697294428006,-2.6098641259981540940771083,1.3477325754061957319152043,2.9475433673656281641228816,1.4089474422907306561114638,-1.2030957040284273595887043,1.0000000000000000000000000,0.1079830403639895630707457,0.3492225309331131732903941,1.5257003640568196356497310,0.1054771344648599562532354,-0.3382825235001593600081549,0.8329267214165926302982257,-0.4250535480258911813500333
74 -1.2295376587993616102068017,-0.2105078798651265348240713,2.6010503796584467650632178,0.5511238466878997099840376,1.6200575984451255351359578,-1.4815083580982697508687806,-0.1188711139493952018142409,1.0000000000000000000000000,0.8249029270993165630088129,0.0907145168800366635819543,1.4082872649092335048948144,0.8648792234970330561338869,-0.3403591596523672380136816,-0.1025835036302805147734318,-0.3544206287965626089864202
75 -0.0388080997976656405512585,0.5737066232556045086710128,0.0291018347117568687565381,1.4786921607035639070204525,2.8047978906677091259780354,0.8894623461714958878587822,2.5090360090909689105842517,1.0000000000000000000000000,1.0322292759031121978097190,0.7923297871781773693555806,0.2887281398195635229164679,-0.0521207504335418347896081,0.5279415991787017592429265,-0.0165584327180609107432741,0.8475168378976285499248888
76 -0.3425274905481123788320019,0.9753929404171151062996614,-1.8337518379015751435190396,2.5579965187646429569667816,-3.0005467812286443773928113,0.5516753719394005273102266,1.8142902020259246143041310,1.0000000000000000000000000,0.3310946584667043834926403,0.5488979609310520313414372,1.3441876296365395937471021,0.1333587427994683549670185,-0.9159078106808067332167411,-0.2060445221163555995502747,0.3176033162961602873686218
77 1.4739722782474649065420635,-0.5541933865664494529568174,-0.4020884733457941173639938,0.3864434464315154027502786,-0.8278007723115385907419750,-0.0472403617993968349964007,-2.2690942330481922439844311,1.0000000000000000000000000,1.6893246658179177366321255,1.5322648867488857238328137,1.4457351287079496238163756,0.9465630552706718603417357,0.2648808228003233788960813,0.1417070733282566052935181,0.1173602408819943709872291
78 0.5792244446427896598095231,0.7788856724565316191899456,-2.0281572060642636401439631,0.1527239075669664103429568,-2.7271547314711637177708781,0.7207066291417882908376669,2.9681549366960098268464208,1.0000000000000000000000000,1.5885165941611973927649615,0.8389287994466347875288648,0.5067400375139988755179843,0.6284475183537304721070882,-0.0760405225065350354185512,-0.3728203999740778984417489,-0.6784351954330801737214074
79 0.6095699246318342368056165,0.3213750578641776378674422,1.3589810269263171704778870,1.8240928769736048931093819,1.8459099704459820401325487,0.1602917742294620584431186,2.3573114536089407877739177,1.0000000000000000000000000,1.1221612286241733347225136,1.6293104045650781408482999,1.0140361801648751782778390,0.0448349249768256741255357,0.0562093774462938400304779,-0.7166771172544956769456803,-0.6936872590488195600144650
80 -0.7183116634098219988047163,-1.4384079782401246738743339,0.9124476706252004909458719,0.1555163116741535289655474,0.8866291534032804122489324,-0.8596525738718526765680394,-0.9017490473104401438320110,1.0000000000000000000000000,0.6816675631089831322029227,0.5825034865060747524267981,2.1171870737931182127056218,-0.0091589636782407890525093,-0.7846513529967069633386245,-0.4454810756020546325117948,0.4310254390293359882946334
81 -1.2685225199161620501797643,-1.8748763784458284398226624,2.6214071566692709325252508,0.5809112977529461430137303,-0.5499290104969074555185671,1.2446637306590662142014025,2.3695624665573999934053973,1.0000000000000000000000000,1.3726330624389826429165851,1.1803850279572953851925377,1.6378426173683264810421178,0.7733462530898451703365026,0.0882441922309398774082467,-0.1362403170145153885606248,0.6128498614987134551768122
82 -1.1828325002941721955096455,-1.3390660237903082574462132,-0.6591479578748540291144309,2.2733424668458019901606804,2.0703061533445987763002449,1.8007918914347831318423232,-1.0517523078344539477768649,1.0000000000000000000000000,0.5063114004735226325593089,0.3750247680137142047840371,1.3475882561000811499241081,0.4176633907951265434199684,-0.4807232936250865340532812,-0.3663992978187650684240850,0.6783891184418499031849592
83 -0.8590417277996768019576734,-1.3587093492251396398273755,-2.8840340546942191402024491,0.3559642308102753949228259,-0.8465513557975885561290852,1.7467866711994481931924383,0.9577885877316765217415195,1.0000000000000000000000000,0.9248539709746905757015156,1.1618230122935520043370161,1.8372161368691388716456458,0.3089872666472197049181148,0.2621398108039498242582965,0.3402647034008502990864997,0.8485442399520277678703906
84 -1.4787911302121816703447621,0.1019278654870241496155359,2.9291732152801337463188247,0.0757031007435652741888177,2.2243429002507326686099987,-1.2760045465599332281669831,2.6597077933376223057848620,1.0000000000000000000000000,0.4069336704525015058209192,0.0497872116170036335680571,1.3250070690633000136671171,0.4199900048980415023791579,-0.4231182353689670883056806,-0.2814976999618112873946529,0.7518884100615979004800238
85 0.4329495841173396364354176,-0.3620759811723026633245581,-0.8166451883102667785863105,1.3403291103664454197996747,-0.9554033700499702241870636,1.6306947292766440504863112,-1.5223043987459059511735404,1.0000000000000000000000000,0.9030774852862419876942113,0.3244891096041708222763589,1.1601847627834251941436605,0.1208187758397906985674553,-0.9456099896382093028535110,-0.2321558435970693945460397,0.1931996335812806719900436
86 0.9663202040334213371863825,-0.4464537613743233546159672,-0.8192305418049525833623647,1.0374158069842567275742340,-2.1475647943814122342587325,1.5066626755886058930400395,-0.4165231884548084018149439,1.0000000000000000000000000,1.5511864156292078931187461,0.6470422390783039379158481,1.4776032781777856950355954,0.7350015668285787562297173,-0.4158010553257763808332470,0.4781062933250963542519685,0.2414422433993518579686821
87 -0.1685802952288595335517130,1.0170399730298855800469937,-0.9240439318980540051029493,-0.0069225999214326122688234,-0.8258311202734853750939692,1.4586577564526850281367842,-1.3572017280190260546390846,1.0000000000000000000000000,0.7275563892575029889542293,0.3097881576749998977504674,0.5254741068111639101800847,0.3695805930889751733658954,-0.8413503287678361086676659,-0.3615398960188720423047926,0.1575647864879965442952425
88 1.4555762767511351007954090,-0.0622852078132729580772775,2.3303417456671073892948698,0.9564967485323998541701940,-0.6034242469316462020856306,1.3953536151390126818228055,2.8213457722600301380566634,1.0000000000000000000000000,0.7666783440838550456319922,1.6427214995622645421491370,1.4601741738153959371260271,-0.1488617563765347040494191,-0.9442138346768618184512434,0.2913868780572116401472726,0.0373075482956171100568099
89 -0.5785056733352895719235676,-0.1236292492666417608404572,-2.5297721264378734140620963,2.3379370923507662993756639,1.5334238195067380061686890,-1.4634914439124995233498794,-2.4023030554146056481101823,1.0000000000000000000000000,0.8273376219993401337049477,0.8514795249590437764553030,1.6689993431322267536387471,-0.0434060588288158188952082,-0.3524703961717486899729579,0.1337660521276742287000161,0.9251945634625554637509026
90 0.5611568528388422016917048,0.0628349234544836043880878,-1.4026689524637301342835372,0.1936627082841762548248710,2.7359891651044545568538524,0.7898751650252586742340100,-1.8558169838259077621955839,1.0000000000000000000000000,1.8074460036109105676160880,0.7446901698404195801828109,1.0187109336390487435153318,-0.2144379523574039270172875,0.0841876046901940955358157,0.2022477959513738765551238,0.9518521838876008445140542
91 0.5637115396058840488535679,-1.1638184806699016782260969,0.3304622329596540453167108,1.9739442699812090875610693,1.7550165752861728307721023,1.2712962549650295152048329,-2.9009111490472738736912106,1.0000000000000000000000000,1.3766340513129471379016877,1.2804748788673259163317653,1.2311309612998753149071263,-0.1786383139026760935585969,-0.1575587384219169773125202,0.5892041779813170787605259,0.7720750423228741610159886
92 -1.2606601757437367883341039,0.7667160396993701887424777,-2.2557724992587022683210307,2.0795329823054062856613200,2.6940149952718126513673269,-0.3421937048885499432770985,-0.2848608971582078375206493,1.0000000000000000000000000,0.2057660526776928788805776,0.8529062985132616070416134,1.5191532928351569875502491,0.5542891877286135748903462,0.0157803105579614605380456,0.8095661504776776595804222,0.1926524627249837084974615
93 -1.1899677798329690858736285,-2.0945905020169868215873521,1.7201183498638892288568059,0.9178947745635613886250326,-1.6568220699894347092140379,2.0152108849562675452204985,1.0270390690211392836772575,1.0000000000000000000000000,1.0058070662255227389891843,0.7915780874756834784022885,1.7641021608153670818808223,0.0912196300081014599392404,0.1634652860772908000708270,0.8776427081183195699765065,-0.4412472923692166704157103
94 -1.2035397628743891296210222,1.0250747981472287939652688,0.7843571277580361211789750,1.6551002787859645515311513,-1.6088745015682068828510864,0.9841694115300243517197032,-1.5722301118230588290458627,1.0000000000000000000000000,1.1037272602673056098865345,1.1206539548693501551213103,0.5590446565462010575231488,-0.1525722870631813776753916,0.2078098014033437079817190,0.6122650535482764277972478,0.7474397097489238195322514
95 0.9420618289055764371653368,0.2036104515290868555155157,-2.8173062925932841338294566,1.9561632718751964521430864,1.6879773112996376838168544,0.6621482688222357637641835,-0.4122843636205812956063710,1.0000000000000000000000000,1.1507176723544405572141613,0.5797371439404532811323634,1.6959547749968089114247505,0.2654894489622116049432066,0.1478932755512595287328281,0.6880047321825027983877021,-0.6590069948728680682137337
96 1.6129354457814235601631481,0.2426556014389058546498745,-0.0216233191654153777960801,-0.0393917425001932969275131,1.9972559534554630289449051,-0.6879567599198174177033138,1.5970643298439979318459336,1.0000000000000000000000000,1.5777529767418787542965219,1.5495894185031684475717384,0.8125052569708927086011840,0.9721084005188942445130351,0.0431092426102683001776228,-0.2123487380189895135096378,-0.0897369608332291290864191
97 -0.8479464476348369528224680,-2.0216730313024822152101478,-0.1389147001497961220195521,0.6961432865588660368061369,-1.1552260876401450051531583,1.8472911779034784096609201,0.4705542461162219858294975,1.0000000000000000000000000,0.4100834637918482350471550,0.8313341373105378462327053,1.7590362676666062569097448,0.2160793200466633035006225,-0.1048866893796622790091533,-0.9694761641499995974413650,0.0492167593882083878598088
98 1.6041557611638688207733594,-0.8982454066291660765841698,-2.9691701131439294236713522,2.3576486426254956718651101,2.5883098050483086538520183,1.9046462676341850972505654,0.6801623283834952182758116,1.0000000000000000000000000,0.9224540360151586293468995,0.7512865299666575680248570,1.7216282896932026957870221,0.7298691294845939259161582,-0.3212575177820027327868502,0.3027097323043942411757712,0.5219667210206687668616610
99 -0.2344482225978421485734771,0.1252029044070295249468927,-0.2807199309154171373847930,0.2330877009849471881430816,-1.1993149933946856133815118,1.4134584731605244201091409,3.0054028749421259902874226,1.0000000000000000000000000,0.8462581025418159930140405,0.0639645941827874653373698,0.8952281209218091451162991,0.2028389865081310361460964,-0.4823276748614609421572652,-0.8225056296072006389863418,0.2229319580387771337903757
100 0.8725866961196793170074670,-0.0930620304644396156845687,2.6400468784208390715662063,1.3459068046882312064127518,-0.1200063698426849789768767,1.4554113689651857477258545,-0.6728985361940686971138348,1.0000000000000000000000000,0.8928297589807198120226417,1.2467452737993629519053229,1.6432046320829443164512895,0.0675207361532449978902548,-0.0841399017543699723198358,0.9892572177361249607940863,0.0986378603016827282257140
101 0.8335194960464518132425837,0.1378283374490352208852073,2.3807447483066583870936483,0.1096891883591605137970859,2.8026052425976866189216707,0.8033018267018432467807543,1.6654869589481906544392587,1.0000000000000000000000000,1.8115249895191869455857159,0.8568488374952299979625536,1.0213941220661211239928434,0.2412393118163198291181715,0.1166940843354464241166113,-0.3382524096101671706726677,0.9020915621670484441096960
102 -0.2140907139707168838071993,-1.3676442883231882952088654,-2.9825661086276622491197941,0.0665095574448395232547426,2.7474405643206276650403197,-1.1942744232941564508365673,1.5571698713629373855837912,1.0000000000000000000000000,0.7329149695862916535915588,1.0855803025859629418192753,2.0767098509834736042023451,-0.2511131115973591620971206,-0.6555301629346758085503666,0.4544037432351708538647017,0.5483953420656769717211887
103 -0.4693022912256565870592340,0.7869531323965421876209803,0.7292092487208701179213222,2.3540761491340007616202001,-0.5002668990480096944395427,-0.8488424123905817797464124,2.6229556889366154592835301,1.0000000000000000000000000,1.1976365845878584881489815,1.2317584674226242924532926,0.8251317060155797245002418,0.7032865514404178508556242,0.1187760520581007395168882,-0.3356440019894242343667656,-0.6153221086074114332120644
104 0.9569999476452464293174671,-0.5318509090472247624603597,-3.0450544176713649768828418,0.2398620536671308700604754,2.9295221689895365457800835,-0.4481788755999567275267736,-0.6216606182170383299023797,1.0000000000000000000000000,1.4928157251895288748499979,1.0544671644020398026952989,1.9780910664806745646870922,-0.2588416971110701902958340,-0.5590498270592093588149396,-0.1289334945479035376969534,0.7770703023632169470502618
105 0.9199104071163239915165377,-1.0471258156691332086296597,0.5936546456839821850337557,2.4204756857242784029438099,1.2264663058237479376089141,1.2662771642640144875713304,-3.0103265933689322686461765,1.0000000000000000000000000,0.8085465306144359320938975,1.3669605407576523870005758,1.0811390300600882685699844,0.0856877779587506549496823,0.0827545502037405900086497,-0.9381392161120176709232510,-0.3251185546984076690790744
106 -0.1989444411447409688520338,-2.0138690653549828901702767,0.2574510724896845736964224,2.2717229493175272736493753,0.8337934637576309704343203,-1.3984314703759412878980584,-0.1424906739459794735580545,1.0000000000000000000000000,0.9539534688737081324916289,0.4845175363057094841678918,1.6459889178967050948898532,-0.0192350417668819551053616,-0.5121519372990578355953062,-0.5811759919259548157199902,0.6321097962204963449650563
107 0.5078513969302278496797953,-0.7078011836254971544946102,-2.1887840653593850781533092,0.2573068874251595028468387,2.2767237063663658958034830,2.0127328715998800134912017,-1.2019579809740921216842935,1.0000000000000000000000000,1.4152862416900153785803695,0.6615866028906122187080996,1.4155833605682177633866559,-0.3186112254546582533976107,0.4835961250129043875745083,0.2145561030141412972582771,0.7865018820931612975044800
108 -1.1944546752939382283642544,0.5951292827502494553471024,-1.6373327009502127715734332,1.0702159617432467353381753,1.6686203360946940676967643,0.0159974321165703425862148,-2.1911875206549593642080254,1.0000000000000000000000000,-0.1370623805624878177589210,0.5987896004934003535424836,0.8101612738082252240801040,0.0102760225170850788556365,0.9642764289000034239052184,-0.2374669254294634046509316,0.1169306543347836124802086
109 1.3636234488114502561018071,-0.3680385024869059495955526,3.0004185357280821477843347,0.1550066794161715777455868,-0.4006947236162119452274055,1.1252551082987274355673435,-1.3984756685455683733465548,1.0000000000000000000000000,1.2519001753303145019202702,1.4666606040151748402422527,1.8512510027402842016641671,0.4352155265652537519116549,-0.2749899176399409617133074,0.7481583548689485496652196,0.4185986757455170126362987
110 1.6590407620967564383818171,-0.7652773203739324792138632,1.2164633753542375416145660,1.4672020873917275274322947,0.4711933006542703417096618,1.8512800818192753915525373,2.2654468830099547815848382,1.0000000000000000000000000,0.5384767418506876124340010,1.3066214014262607090444135,1.2529174305210246664898932,-0.3232842060226387981280993,0.8181296114544869269025185,-0.3643097634280733632117233,0.3056592287249564887652298
111 -1.2992007345521088268469612,-0.2776248045967075750439790,1.5450844692053857798441641,1.9814628767145154863982270,-2.1404539804213933429366534,-0.1996718697354895599715974,-2.6425741604210690738341327,1.0000000000000000000000000,1.3084510034885130647097640,0.4894838291278765796121775,1.2168021963234245674811973,0.9880994872334003531477720,0.0088308402883708475572533,0.0018181287424564596122423,0.1535445611006319710512003
112 0.5061178175968215064983724,0.6942672658400925733701570,2.4516381904132797941997524,0.2738765521272442104994127,-1.5152561526737438057921281,1.6536266275568753947311507,-0.4992977776770937126116223,1.0000000000000000000000000,1.3947677909733957601901011,1.1423268255809997384631060,0.6703863996554041415620873,0.3273596318667679749836452,0.6529773732874543101800668,0.4321226203827113199196219,0.5288895070962756905785795
113 0.8514738260238376987842912,-0.9326117727205209817498144,-1.9775941589105898721356880,0.4807928060529719771487578,1.3224128826891137222787620,-0.2779227001740729452450296,-1.8075849568641675357838494,1.0000000000000000000000000,1.2640360237283505551175722,0.6581161352469633296635720,2.0955122009432991525557100,0.7203164777977020261090502,0.0998100333280563245530459,0.6135362379734963234056977,-0.3078200531140565798793318
114 -0.2797537884187528689494684,0.9716855936258497195012751,1.1699824560156217856388139,1.7577702675777346907892706,-3.0340345723149528822659704,0.5676663030264292864046638,-2.2512747891881854656048745,1.0000000000000000000000000,1.3781478939148421591909255,1.2145888676537068828764632,0.6460330192519920800009459,0.9085685141032933120897042,0.2591252818679809499791133,-0.3192378746427297353527308,-0.0737721394788622836236058
115 -1.3391787805070278771779613,-1.6376035854530535118556145,-0.1749138785616048963333924,0.5604957578603623202795347,1.8532916165824477872092757,1.1806162469450689478378536,-2.0722606178127511711295483,1.0000000000000000000000000,0.8081977826725477154212740,0.5311260819998854243451092,2.0282873081176724383567489,0.6941839696464836562128653,-0.0623267750151157429172599,0.3889889247247874104473908,-0.6024196659801006603629503
116 0.8535931884477703235347690,0.5563175725142088801078444,-3.0380364916113631323923983,1.0660047510210444166034449,-1.5642395754685809450279521,-0.4144176478264418594932295,-1.6541417017863793148535478,1.0000000000000000000000000,1.7681494795382857176946345,0.8110890142098581279128666,1.3522480379595256394509306,0.0570263721286654312603304,-0.2247947307811975492519707,-0.2140389722909331327027616,0.9488943213268519194514283
117 -0.2811422287743554626615605,-1.7643320830992104131240694,0.7280295796251077256044937,1.6982013810724956304198940,1.5377819683285345320200577,-1.5644816528867306892891520,2.8113129279689461625935110,1.0000000000000000000000000,1.0710898084183413381254013,0.4908959322304576877726845,1.5996826938973858212023060,0.5035204454570095800036711,-0.6327167259736061755148739,0.5163475309195239004722566,-0.2819926193203926012564864
118 1.1498144123614735256921904,0.0632467584965037410427158,-0.3819732023860771263912284,1.3113505483965157694115078,1.7993223746951310104691402,0.2239544112948690379738537,2.1192783713537632905854480,1.0000000000000000000000000,1.3737943128266461023656575,0.9554019423811276334745912,0.4247275820626093545406832,0.7893934582711458203263533,-0.1161455213175974776618204,-0.5927051231585741541962875,-0.1098482227588333248746721
119 1.6848699546840002483349963,1.0033296351536784563052151,-1.8069231765847679760383926,2.0734693591759860709089480,1.4848295899423904486980064,0.3867477195452053706503648,-0.4444552519449289640363077,1.0000000000000000000000000,1.3497466272379812224357920,0.5977275725355717383990850,1.1630190206306578737383006,0.5742927500872762047734454,-0.2143573703062534585583876,0.4938974619529098997183780,-0.6166861898524761409490225
120 -0.8258079499951309632166385,-0.9747907520503691358726428,-1.6603296890695458110087657,0.3348090013865422931438331,-2.4791055451538905884945052,-1.3838410380042105440878686,-0.6766259692542377912616303,1.0000000000000000000000000,0.2759401736990700904073037,0.3731656588870605473218234,1.6669837393501418798535951,-0.2548675065681338391954114,0.8269445307884216722627002,0.4970889284318089629266524,0.0640758672959804709279297
121 0.1202800732110638204375164,-0.5955885783557723911485482,0.6746420992216379808326110,1.9801501125703329098115546,2.3273669302726016638871442,-1.1976094269995847252374688,-0.2448813814483030704138855,1.0000000000000000000000000,1.0777803998822401698731710,0.8205980920999946803817693,0.7659525576010186576070282,0.3988756688423753526961946,0.2979192820139452968497551,-0.8319711059026122512705115,0.2448761040387824050590382
122 -0.4461824758271453195135337,-1.8517350126042657620928367,1.2232844756181320278187741,0.8484593066621846091379666,1.9710762153137828533999709,-0.3925560539975960772096641,-0.0712615294979239699557638,1.0000000000000000000000000,1.3185324339352546552106560,0.9734901317401862819167491,2.0065732549266632744888739,0.7238694057868122477827910,-0.3041055606280267387120375,0.1975765157434344332365583,0.5869363323253691255843023
123 1.5203044779684584675294445,-1.1774701749209639523030546,1.3325368012591338739980529,2.4627373524125371062609702,2.6111156149926202374444983,0.6246917309380015659314722,0.9448285366295969822658662,1.0000000000000000000000000,0.4239804685047270371711647,1.4610904993086717418293574,1.1360388745734850690638496,-0.3333023994300663428447251,-0.8025288462728261684731024,0.4929297661118209328279249,0.0433014978815317030935717
124 -0.1845675696453386027684473,-2.0199429514030660115508908,0.4949717774011399562539282,1.0239025977821565316361330,-2.9192102933424575184062633,-1.4907675540178084716558260,-2.9532736651237465608232924,1.0000000000000000000000000,1.2407471555779150396148225,0.8275456068011428634179083,1.6543813452895708149270604,0.0995900744370371016067622,0.2666828356593847204614178,-0.1990675168142169715324030,0.9377270203889609412328809
125 -1.3078141453501759272626259,-1.9898711402746247500772370,1.9578601605979786270950171,1.2931980102915305863575668,-0.3509389141769796438552476,-0.0249271148612897341934058,-0.2499319222089519954010939,1.0000000000000000000000000,1.5677863241067608868206662,0.9477435187474467781498788,1.5647105412901678445081188,-0.4763971456757783995428213,-0.0400592708480357884148759,-0.0486233745635747949265237,0.8769689914891720672329711
126 1.5904102775559429971963255,-0.5152230296257058750342139,-0.0104399008318911690196273,2.0173611478467292634775276,-1.2822762521241217736900353,1.7573697978860152169033881,-1.8875480081041102753403038,1.0000000000000000000000000,1.2319128910818621935874262,0.9594507037710462427071434,0.9764799667948617090118546,0.4892553499660939331228349,-0.3714874230688511858033962,-0.3571989354443103059644216,0.7035859517847597999207210
127 1.6640401971570191186344800,-1.7586553908938797885497252,-0.0595818553270710538072308,1.4494418246799340987962523,1.2033000624535139522208738,-1.0825064500555385826885413,-1.0407280835936441043543255,1.0000000000000000000000000,1.3275453543214337237543532,1.1504733925175116837635869,1.7972841682397997509212928,0.2709574275332093384882626,-0.2616525094798207162760662,-0.0923641474884152602342624,0.9217303070763944727872286
128 1.5840768483887175399615899,-1.3990761544220502443636178,0.7058323219905657808226351,1.4975643437111583189391695,2.1003102104735145161384935,-0.3052450971374498500665595,2.4607483485023253777512764,1.0000000000000000000000000,0.9775137713352518575860017,1.7764776779475286438980675,1.4305732881283548252326909,0.6371813050939142408779503,0.3598617493180185644696678,-0.4663406553133427889790141,-0.4970149344526380574826874
129 -0.7812857920775799769330661,-1.4020497784237606619939243,2.8598255285220943733293097,0.5868060820963261203786487,0.2701775597059996592008702,1.0512558118693058339943036,2.4821645684480504456814742,1.0000000000000000000000000,0.8557517480625145278594346,1.3525169353553041506899035,1.9205123787313462813131082,0.7103383857552408864322047,0.6569176093130707494438525,0.2110884011269211490979814,0.1389897636396288937987720
130 -0.6445464467430321864327425,-0.5477853051800212202948615,-2.1144490489585239245684534,1.6738692358079687583227724,-0.1737112437434080725040531,-0.5044673453288801567850896,-1.4945189005758234834786435,1.0000000000000000000000000,0.1546085936311307196255882,0.5929028580215216504001319,1.7179390637508993311399763,0.1735676677216105301404525,-0.9321194937567114369159071,0.1823863091449923756748319,0.2603085322592854633505510
131 0.7324277412610333826137321,-0.5871919100685938364136973,1.7968742265619148668065463,1.4298364696893075542760698,-1.8767995332683435893983415,0.8835296092426290215371409,1.2369409029921243359240179,1.0000000000000000000000000,1.3624969795261432370381272,1.5795534428730626519410407,1.3766166066920606514401015,0.0898531674687266523893214,0.2117881855530738821613568,0.3742643388721347275094331,0.8983296650655270276786268
132 -0.1107092626511196886696098,0.3390033756075441218058586,-0.0999563366165094890902765,1.2109779866193315367439709,-0.0022446934875310908807933,-0.3485367007582864662396105,-0.8318189685627905838316565,1.0000000000000000000000000,1.0197727835150893760385316,0.4965909585893426569924713,0.3095380578245195968278836,-0.1139349732510829271703301,0.6352234333612472028107732,-0.1237436555645680114068341,0.7537873078816383909384058
133 -0.7263416712826851195927702,-0.3365778091100870561547254,0.2386014235125135662940465,-0.0343347848673978828237807,1.1173621995627707192966227,-1.3878032753107027996719580,-1.7233187380276242528509556,1.0000000000000000000000000,0.5130259403577541732488498,0.1084985771431229845118693,1.4526232131766614319445807,0.1250560098420381849315675,0.1010204986996315473790631,0.9834399475439787874364583,-0.0836634999883510283025245
134 -0.4521044368404854019161121,0.5605428985802189956189068,-1.6093320590230817401788954,1.1851228943593439257853106,0.7715960546036231271216366,-0.9035555674484962995762771,-2.9944239256705271756686670,1.0000000000000000000000000,0.5178969818572302097337001,0.0030128381225331263282285,0.9442239192674144465655672,0.5730958283270894959571251,-0.6129062644564211570497037,-0.3653274993768632072921321,0.4030392776499689411195959
135 -0.9108296524144580130766258,-0.5511626553433772723877837,-0.7205117541014236515195535,0.0296710461357939103699266,2.3602280994892250731709282,-0.1926531331801586421903494,-1.4899843611349281591316185,1.0000000000000000000000000,0.5212741833214117326278370,-0.0498230545030953556051578,1.6720627181553475715247714,0.1318687032026052974309493,0.2458466158130764855904715,0.7729999538916350054762461,-0.5697709619516730938926230
136 0.7811958793001005929568237,-1.1161540415804618309181251,-0.8127462415763142544733455,0.6142456839793573042385333,-0.6163618058438236069207505,-0.5883282972377374964167984,1.0021763020153979795168198,1.0000000000000000000000000,1.5272041565481977443141659,0.7622125685308992482092094,1.9176751320816287638137965,-0.1876217256141006761716028,-0.3909670111173391138237321,-0.0057673156951367904321515,0.9010590498129129599647058
137 -1.1964936591750534589095878,0.3740192582574763946468011,1.4604861524725114563239003,2.5946745587460111615030200,-2.6799297193088245094827471,-0.2552269479791560158332686,-1.2922602090208141767391226,1.0000000000000000000000000,1.1755064561679482437739352,0.9483522585985215691550820,1.2607477500359063338208898,-0.7605062088028192723854204,-0.4254022917386144353457667,0.0024024941514730890901319,0.4905662314103991228364521
138 -1.1236686549737795459691370,-0.7894294733248785611579024,0.6671419631877584244250556,0.2821350894142570786549129,-1.3656628368825944885855961,1.4840195791104489053680027,0.5455427542722519618223487,1.0000000000000000000000000,0.3693770823782274170810069,0.1550727095353751361361816,1.4162166687289285960105190,0.2378120023704170526990254,0.1849598811168372824997874,-0.9271082390050291444083541,0.2229426001062691231613400
139 0.0295945029053334973667688,-0.0767521777021471507396200,1.5608434579689847154782001,0.2751832658598121206239284,-0.0982610744867757901488403,0.4928955913870667338017029,-1.6606595481185519869171685,1.0000000000000000000000000,1.7864393936371798510265307,0.5256319308972949855274237,1.2242438613663801927344821,-0.1186294549442231671676495,0.0008881174106598055395523,0.0024898012517094586515398,0.9929339782977104622574416
140 0.9985253986179651874977026,-0.3164878958638233097389048,-1.5071350693423724020902910,1.6986345768778743359206373,-0.1207695345467745262624248,1.1016853343480845772717203,-1.9647142559540060613443302,1.0000000000000000000000000,0.9404685935881076375153498,0.4118619636339976297634280,1.1758351350468971840967924,-0.2919211625288128941768662,0.9302055864068270452094112,0.2185018128556608929535798,0.0418849438680410357527251
141 0.5137540612611797286035653,-0.2304477223062177948520457,-3.0462792335081103622940191,1.9205679710668357440539467,0.2703333241750178750351097,-1.0453494686752755615799515,1.4333358079923019801071860,1.0000000000000000000000000,1.0868330506799981360899210,0.8561355853036797247668233,1.9246014555840553761356659,0.6623431039077043447349524,0.3472390508202910508472883,0.3935093062108754313754844,-0.5346726647205949367602784
142 1.0392161824975114647884311,-0.4904178827569902754390796,-2.9056888403302827406093911,1.4695791562104498773067007,0.3138763976129128607794883,1.2227960154218258104208417,0.6149305390566266460439238,1.0000000000000000000000000,0.7334735684570422575845328,0.6897762805393188312308439,1.7081943800688674794940880,0.1247347247707843442832143,-0.2364676879754662730537262,-0.9177229259269237271468000,0.2937801315223574905033388
143 -1.4743119306028611426029329,0.4848205926184641079146331,1.7206300024988001595716014,2.0059037765748350956585000,-2.3555380206436562495753151,0.2918445182546416383218002,-1.8662839117130656241272391,1.0000000000000000000000000,1.1870354489437615619351618,0.3097017653009577764500193,1.1391944807904130776421425,0.8768291905471086167267458,-0.1989621129308938862756406,0.1219929488636254943934034,-0.4203571562265157601778753
144 0.2500551989613883918650572,-0.9927016922364482187646217,2.9311303031774533778275327,1.1025591638239840008850479,0.1097625832822002323041488,-1.4493529411117418437271454,2.7375226709314262052430422,1.0000000000000000000000000,1.0599612758692562586304575,0.8722828204171528820864978,2.0255738551946294023764494,-0.3525248261322900811265413,-0.2149329691804647279873564,-0.3120684533846452834993102,0.8556524456144571910698460
145 1.5745683273166650728569493,-1.2599922217861712070430258,-0.1057040014339767353135358,1.7057411654888376961736185,-1.5414966667352694162929083,1.3371531754625718413365121,-2.7527152520752116160451806,1.0000000000000000000000000,1.4649094111578824239927599,1.0992302840687635523408971,1.3062227308746878762235610,0.6601974102205038219537414,-0.1991359052687287634064717,-0.2751631936794519672773163,0.6699009738001227010073535
146 0.7275985119411689794333142,-0.1031405596668553137362778,2.4338078701973682171910696,0.1146455290134276577829198,-1.9550859463047636221944003,0.6500657281504036433261717,-2.9288387397396560274387411,1.0000000000000000000000000,1.8476295808665594844200086,1.0590036753822575921191174,1.1964068586098866031619536,0.9184501268477439639426052,0.0761099698994457812828429,-0.2348976985294818353722235,-0.3089945053604543079295297
147 -0.5678601551594646412723932,-1.4927367092919239244253049,1.6411233916474294858289795,-0.0229999735658056973786056,-2.5328605314827807859501263,-0.1834406729423307957915767,0.0331292108800860241046848,1.0000000000000000000000000,0.8795997157989072778860873,0.8429978219571935271758889,2.2376334294474879982317361,0.6764310307068228667048970,0.3176282814439230217651300,0.5851509621847272857309008,-0.3148801128876514421328636
148 -1.3781850128263577470733026,-0.4450623387797094654416696,1.1460769665335250877546969,2.3571133824638619280733565,0.3132816608083817122576420,-1.1000435905389258639530681,2.4679810960567465372150764,1.0000000000000000000000000,0.9901906191938012469222485,0.3185753151804119331913512,0.9478521313786646418364512,-0.7520880594624280712778841,0.5854227036902903691384381,0.0691379089440107286179682,0.2947230608489513348224875
149 0.7620691728548139032284325,0.6262671156708465858287127,-2.5599782828036539150673434,2.0404908750571735254197847,3.0317971108000714153263289,-0.5817917849960123621855246,0.8607307029588753266580170,1.0000000000000000000000000,1.0431962972561206193233829,0.6311788848720878419840119,1.6168662881925892627066332,0.1503466198192834890612346,-0.8473644772085845433551299,0.0438264152263999062775213,0.5073917036314309347844187
150 -0.1244671569291979640325962,0.5262709298512300293282351,2.4164128724251954238866347,0.4830884962142856786648792,-1.9712529107668683714393865,-0.8631583353481124820660852,-1.3768459166660189652020563,1.0000000000000000000000000,1.4821752022587659780583635,0.1916612294494385027032735,1.1519123598222666959856042,0.4245624482212364547706329,0.0543246778301596511262517,0.5507451474463641583056983,-0.7165705069189667320017634
151 0.5268772173532210167934409,-0.8475083206037561378565215,3.0248345912740814966923608,0.6356961188249736771638254,0.1574653301278430284071419,-1.2803899955504551844143180,1.9747297503481293645677397,1.0000000000000000000000000,1.3635277823441505073986946,0.8382411703799848012863549,1.9276552181902262272927828,-0.5801757218753099687447161,-0.0256077225151062348729170,-0.1278066787244081237151505,0.8039923939704894939595192
152 -0.0204181396082727673046975,-0.0134917335540483129818767,0.8270079696225698384637326,2.5961803210816252196480036,0.2904362708774566037561726,-0.2185687649627716666600463,-0.5772590496559901751538746,1.0000000000000000000000000,0.9190510559390693279269158,1.2635007980433821117571824,0.8331747055503380128271829,0.3725154046417772368826604,0.7021230099473744212801307,0.2990314649946391734047779,0.5280468871583193779528642
153 1.2421433544479234534207990,-0.0865114323820503905437818,-0.5998280216272839915347959,0.1851695678397871080989034,-0.3372543296684762381687506,-1.5147993040215039783902284,1.8725690415127056454025478,1.0000000000000000000000000,1.4633747560352561301044716,1.4725591357293790206739459,1.3088451595738883614927772,0.3624194859461188911176066,-0.0285473355106115322943339,0.7684132649493813360663808,0.5266649620109796758882226
154 0.0762072953426087273953726,0.5317898469226389757125162,2.6658711356834139394322847,1.4921142459856877593438185,0.0645102316129535502398085,1.0627669983369165684905511,1.2039167017223864064590089,1.0000000000000000000000000,1.2790166080112126412160478,0.8463093440846592985238317,1.6037679368232804488769716,0.6207665206953180137006143,0.4704513277376890512115892,0.6179021947296964301088451,-0.1073272947767972829158367
155 -0.7163357012001780876886414,0.9826545067474503625248872,-0.5463962250554343924591194,0.2285429709509680384904584,1.0679275654903275238893912,-0.6689178674724914896998484,-2.6021559116845747183788262,1.0000000000000000000000000,0.5886865121512626641830934,0.3111010907743622655452498,0.3344935800377860091181503,-0.4343500103771388287654531,0.8127903070698380139091910,-0.1316623208501636888012598,0.3652051366741061455556405
156 -0.4238469162069178342022724,-0.8905731162864587435734620,-0.6968300413586554498124315,0.4555973167464124062853159,3.0454765530156331365674305,1.5413612536219218895894301,0.3787525795771524705912725,1.0000000000000000000000000,1.0313036606963379426815663,0.4120376957177004362264938,1.8597626186980491524991521,0.5885263415022791155806203,-0.1622168451200723948701921,0.4531471257983744616026911,0.6495982481728792556907592
157 -1.1740710901546571598430546,-0.4864103051160508783823389,-2.3676073368120915674239768,0.1832015056038282518890981,-2.7707461567072879660145190,1.6305657308767127489090853,0.9763158475604454267227084,1.0000000000000000000000000,0.6631103711525435651097382,0.1452558526624790902204154,1.5005383316179921049382529,0.7899680245487094021328289,-0.1927053991082310624438634,-0.3168759467881322455795612,0.4882648210950494283011381
158 -0.3102505308790937110785535,-0.9566828695888083267107049,0.0784310747958070209051584,0.7534629157741846716689338,-0.6438451651022050192807455,1.2417821804771334015526918,1.0543085744182150165215717,1.0000000000000000000000000,1.0247866896118069668375483,0.0957899780213217755253652,1.2700605088943788256727885,0.3499556650866866291949009,0.1575017770190834942578562,-0.7666053357329964956790036,0.5148186971670984934945636
159 -0.8379784005412307390514570,-1.3006040603330375482471482,1.7165332401082400437530850,1.2798352227703830852334477,-1.4433043009742649864790565,0.4141200963490212494377829,2.8075235851204602965935919,1.0000000000000000000000000,1.4822232033686049135212670,0.6489114854433405410460978,1.6841653534073812714666474,0.7382473447301387547980767,-0.1843510810993909676547275,-0.0720706098639964931606983,0.6448326249829530176782555
160 -0.2524012546134284384891089,-1.9778840956468524137079612,2.4249929832425447528976292,2.1051287690806801400356107,-1.9555083123103289555189122,0.0626048338866396214541510,2.3645700921097629887412950,1.0000000000000000000000000,0.9662007076188031673424916,1.5104066375172917613411983,0.9928478001819832643448649,-0.1995401563196182448400862,0.3175577556032538328878445,0.4790896941182613555376690,0.7936067686949372923521651
161 -1.1644974269314163350941271,0.4019998542820104603379150,2.8984127797005383442296989,1.0453289142210635542795671,3.0430888738707126961458016,-0.5083149977886334269783219,0.6737590170115046461774000,1.0000000000000000000000000,0.6137440048238269607594475,0.0678795205549531655009332,1.5917600207016924240832623,-0.3079101419032216346849395,-0.4025938913203775948446150,-0.5255725379778742878400521,0.6832867664888798708844320
162 0.7067843775001745321162616,0.5752990143067666650722458,2.3456818214847450221327563,1.5110042124823683806766894,0.0454015935456388852742293,-0.7479946085027464608430137,-0.4681988964673124975490737,1.0000000000000000000000000,1.6342842355789608532745660,1.3524018878077452843200490,1.2243905279934388374840637,0.8353972405064106210303976,0.1978472562624514208273752,0.1124811321594715307625734,0.5003136329323947251168647
163 -0.7160124928638728070140473,-0.3073459646545098067349500,-0.8637151030908789550721849,-0.0248802712889762064896182,-1.5838913906630556205357152,-0.3641348053512678539789249,2.0194971453326271415562587,1.0000000000000000000000000,0.8625884720790734094819641,-0.1604707945491156695361212,1.3814369721108845645574092,-0.2025243606315851319088495,0.1257514531475901753410085,-0.5743662909883260336840749,0.7831165982771516320681826
164 0.8241400770063207481541667,-0.8807476237145006603412867,-2.5154657608030186466407940,0.6400447571305765137594790,2.5688103698109330252918880,-0.1757504450203080104131459,1.6721252374961625974947310,1.0000000000000000000000000,1.0813063356838301665163726,0.6656361350592392422953480,2.1458122116209032981259952,0.5788973198102562722766606,-0.5770443409309387039485273,0.4214355295695215164464287,0.3927946228902340353172917
165 0.1974330414921821041929206,-0.5675987044156520777704600,2.4107843009102882803063039,1.8521079301508642789286796,-1.3346273782353976766756887,-1.2325580305200758424177820,-1.9372611094472285131473654,1.0000000000000000000000000,0.8426143187491704766856060,1.0665169076583402851809979,1.8466277701224915741562427,-0.0545359702850282263009163,-0.8444123571496009450498832,-0.2502812285571992534372043,0.4704792710673808553423214
166 0.6268668092233427024950743,-1.5370211790436976162510518,1.4745814303556583624299492,2.0152006489770486474810696,1.1036875606191758336649400,0.2021979480048428090555035,-2.6318958828695566687372320,1.0000000000000000000000000,0.9388464606694781888762691,1.6036613253857703309535054,1.2074322272259001564975733,0.5813339634080082474199003,0.2876240484576970124486195,-0.6366263423476069549522549,-0.4171665748304575482841017
167 1.5644703509187816159453632,-0.8364499539786249826534004,-1.9246430647664538593488714,2.3313606825495885033205923,-1.0846571680231287260198769,1.3440148476345701311629455,0.1110319091510176825465805,1.0000000000000000000000000,0.7027203978693745689554362,0.6442242811356374554421222,1.3842118717606943789633078,-0.1698307491856813344899280,0.7827991274914741781643102,-0.5977286847764253785442179,0.0331853803310394601666644
168 -0.9721776584055629166769563,-0.4177982021965076508962511,-2.1197277047865452637154249,0.2755971649520085886564402,-2.5005115631322896163624137,-0.6703763344064544993372579,-0.6971727229022293137461475,1.0000000000000000000000000,0.2089681489586433793537168,0.1507429932894131241472024,1.6516760921049191690457292,0.0188141216558218027365967,-0.6417831142013669110113483,-0.7242016279531717781736688,0.2515755041615367337826115
169 0.5641771307065681639869581,-0.2080004376568831414573424,-2.3204800471000042172420308,1.9695965597366893451436454,-0.6205608142314296138408736,1.1148411864190559406040393,0.0763341721470158773854564,1.0000000000000000000000000,0.6313522773328401616055316,0.7527326034178005720320925,1.5901478179092083387047296,0.0037019643491506548649284,-0.4887520486622750626182210,0.8247180416818857828786804,0.2845098476034700896164509
170 1.4465877375599536236450149,-1.3034716605751175411143095,1.1700372368299243319711422,2.1599126931512322435935403,-1.2826845786728360288009299,1.3112540426418655137297264,-1.3770694027114982471715621,1.0000000000000000000000000,1.0122644157985178914316293,1.4397372377344734850623809,1.0865185499098322097211167,0.9080238509817123437883879,0.1938278342984989521813333,-0.2727471282577514921641182,0.2520520343435928567465965
171 0.2555433839938643370004456,-0.6649743713857485527540803,-0.0081468008055178842141686,0.1748605845704956363029225,0.0225753198394436083162873,0.3259367679706504095094033,0.2709014976890298243006328,1.0000000000000000000000000,1.6734369952175023321672143,0.3987879190129438589096367,1.5634123124629082379755118,0.1141045479452758998339945,-0.1134126186293363258705824,-0.2475006407137960162678780,0.9554365165125131564849426
172 -1.4719352516103334505004341,-0.3555684068578146561634412,0.6689475284734243132334086,0.1966734303751370704915757,2.5277895497515752154527036,0.9606342857406966473376997,-1.1663259933280414326617347,1.0000000000000000000000000,0.2505131259229864681969957,0.1628234607201081152183519,1.6400219657864714140060869,0.0707054538754820771639942,-0.7622813636123388914000998,-0.1772961279212236507252243,0.6184591635649949736830422
173 1.3214521944887298587900659,-1.1877265700049353114309270,1.5176002613944916674881824,0.3216654922122440529719256,-1.2384418571076551973675350,-0.3711370548905683630636076,1.3294927118413584210543377,1.0000000000000000000000000,0.9516916077927549677539787,1.3444421887249944358444509,2.1555657100992888786095136,0.5817408117555677993237850,-0.2562550267034321982428935,0.6837729719961582741660777,0.3582783887991160542974001
174 -0.8994744676814879769111144,-0.3086238896956776667224176,0.8190746131763009252324537,0.3859221842139596847509608,-2.5633454969871536377468146,0.7457479900118246796125732,1.9975250534911292987771958,1.0000000000000000000000000,0.6339333958099149235465575,-0.1392919614736806421806392,1.3164236716222756928829085,0.0110843981784581879779239,0.1663888095311522319352804,0.8603612549153566435578000,-0.4816309144683480480964022
175 0.8806156691096913569083426,-1.2112155170842144880083424,-2.1480535841542947039783940,0.4411431517541143376703872,2.7172164426940570436386224,-1.3037823339853409354560654,0.2688979777404565396636826,1.0000000000000000000000000,0.7344504816585976092468968,0.5669409246747391106779901,1.9321249555821109478159769,0.3253851542941331720371068,-0.9403005041159391286242908,-0.0232159757981300340912156,0.0970478583687544027469585
176 -1.3518693587367893726991497,-0.5854462712921415512568046,2.9308621988920391387978270,1.8024228916989741833276639,-1.2714323386104928736983766,0.9868247597154962136301037,-0.4856512689276839545016173,1.0000000000000000000000000,1.1392136419456995177768022,0.8021439286052599593190848,1.6932927239793020834923709,-0.5582638313496708359906506,0.0026422673077582947698261,-0.0449297342078089356753878,0.8284404893767833844009374
177 0.8358127726730675277622140,-2.0180750666442675012035579,-0.5501063644322186085844351,2.3406490321954009914406925,2.0460997651336247926678880,-0.0254763111712823508980819,2.6949621799913989761421362,1.0000000000000000000000000,1.3396627955034492440944405,0.6641574461159330811099721,1.2724841642441253597439754,-0.5553365673671364355357127,0.2670667508783340915456961,-0.0346525737270712563820041,0.7868123459730148594459820
178 -1.4126039264278043017242226,-0.3582541447837157555511567,-0.1403954688809863071696782,0.4979155094362401334784352,0.4906486831072944809761793,-0.1766300608593118770528463,1.4642550964016720627114410,1.0000000000000000000000000,0.0345799124749518529964298,0.0677401781530861529789789,1.1931988296122648662844767,0.3012343940388858554157991,-0.7285694274795055935811661,-0.5598837752926647537421445,0.2548970304028987943212314
179 1.3081526360376858342249307,-0.1590791771402950693925504,0.2835583331448607857794286,1.8274400479185579637686487,2.3685129972153866617645690,-1.0730452237672225557219008,1.3441527337670109432110621,1.0000000000000000000000000,0.9456450162294078864988478,0.9989804944669812281077270,0.6212606905339898011320088,0.4751777754752040117125489,-0.2422484590371250801066338,-0.7735737193799614441758195,0.3422036459510922057347670
180 0.5934835645405645010441731,-1.0844967732967325524384705,2.7438492511675711682528345,0.3044320613268911568383146,1.4438634120872535504531697,2.0732541561495958504224291,2.1913366699415899319092205,1.0000000000000000000000000,0.8114124481831749280402732,0.7161510023334380914405983,1.7958476681420612042217044,0.4104713656803220533930698,-0.7460347671793698953734975,-0.5167238011037260658753212,0.0891051249543428069976869
181 -0.0096897721662529967545652,-0.0758088897340041256711629,1.3386951472516193106798710,2.3147581990234358251257163,1.4424789871729348789131109,-0.8703413635420172989043408,-1.0210574684040887305513934,1.0000000000000000000000000,1.1428864177846180805175891,1.1904929601620763968128358,0.8198870818433428020455267,0.3638385055475235052568905,0.6918281056630164460585775,-0.0364615355401038954141768,0.6226265445113630114803982
182 -0.3987208163727338217086071,-0.6299230741080468209958099,2.6906110206788014238554752,1.6820147931501334692683258,1.7396135703756536727837556,0.1198005178422330008203289,-1.8983581933040909461851697,1.0000000000000000000000000,0.9913754765071435270940015,1.1497654250042743662163502,1.9225287535726278687064905,0.3372929113220572427955801,-0.2066126214939952021598657,0.6497984244087338101536488,0.6490797371419072536724570
183 -1.0753473818856689181444608,-1.9788400927827878295062192,2.2386366316056260927780386,0.0911674807244760160296337,-1.3395197357975503482663271,0.8197677190096066546232123,-1.3098272645849862172440226,1.0000000000000000000000000,1.1137203419791279479511559,1.0795947910145957671090855,2.0824185958279208819021733,0.7901983989681601316945603,0.0479281630654335155661272,0.4650867774186729919350114,-0.3962088931692838711384752
184 0.2455265230768162165730928,1.0380110190515461354721083,1.2186067020913924352498725,1.1932254652042058040706252,1.0282131100535458756439766,-1.0396220950147108119665518,-3.0565603651784178929062818,1.0000000000000000000000000,1.0342043877643596339055421,1.2438420721053931039534746,0.3714339000219695763327366,-0.1553563994328975850223173,0.7081303306062072255855355,0.3948565287351608610322273,0.5643598446848541172471414
185 1.0428675487270684385521236,-0.3890292659383400852846080,0.2240000481598491965939957,2.1659102338589311109728897,-2.6203282393437477004738412,-1.2315832162852291542520788,0.9416432978206517034891476,1.0000000000000000000000000,0.7647774543209571174173789,1.1629166454496882021629744,0.8671407180075308973599135,0.0089243324317931915778956,0.4176786005222797304448079,0.9037311149096489693022249,0.0934502073544263844873115
186 -0.8529375228068276637571898,-0.8964335522704911518587778,0.2931534435059939269763163,0.2285265255097888581481413,0.4341171434815587204525400,-1.2761806697358364370842310,-2.2818779733008138776995111,1.0000000000000000000000000,0.5724610625084183279653871,0.3695648909979509233458828,1.9009186203866728082090276,0.4188207156348824899971817,-0.0763837133781015836797579,0.8889045232595802481512237,0.1691191741916835411529973
187 -1.2403865480960318823377975,-2.0491947795190821324240460,0.9549631263108926404470367,0.1027351446639444138009267,-2.1335576413863144296101382,-0.4004808067788461212188622,-2.1724517885667511407632446,1.0000000000000000000000000,1.1301005271416106889859066,1.1758035813557290438780001,2.1053585621809767225443011,0.2629402516713124082770037,-0.3566811567140221739258266,0.2560795754938144375145725,0.8591053855842947228893536
188 0.5674741406862486847728633,0.6920892907730724630255281,-0.3620072951181292353339813,1.1397884199087451317922159,-2.7976471890381757745558389,1.9937804809503543168602846,-0.6937087547223592665091019,1.0000000000000000000000000,1.2667427849333425804445596,0.6614881010095042812579891,0.6178048066091326173676634,0.8429484722775221205992580,-0.1622818038785755756503448,0.0309809761487245260980217,0.5119965156985223364571880
1798
3 0
6 5
7 5
9 6
9 7
9 5
10 5
10 6
11 10
11 6
11 7
11 9
11 5
11 2
11 8
12 11
12 6
12 10
12 9
12 7
12 5
12 2
13 8
13 5
13 10
13 12
13 9
13 7
14 8
14 13
14 5
14 9
14 10
14 12
14 7
15 7
15 6
15 9
15 2
15 12
15 11
16 14
16 8
16 13
16 10
17 14
17 13
17 8
17 16
17 5
17 10
17 12
18 13
18 14
18 17
18 8
18 16
18 5
18 9
19 11
19 6
19 7
19 12
19 5
19 10
20 16
20 17
20 14
20 8
20 13
20 18
21 3
21 20
21 13
21 17
21 16
21 18
21 14
22 1
22 16
22 21
22 18
23 12
23 11
23 6
23 7
23 10
23 9
23 2
23 15
23 13
23 5
24 15
24 7
24 23
24 11
24 6
24 12
24 9
24 10
24 13
25 22
25 16
25 21
25 18
26 10
26 13
26 17
26 12
26 21
26 14
27 12
27 23
27 6
27 11
27 9
27 10
27 7
27 5
27 2
27 24
28 21
28 4
28 3
28 16
28 20
28 17
28 13
28 18
28 14
29 23
29 27
29 12
29 11
29 6
29 24
29 10
29 7
29 9
29 2
30 28
30 4
30 21
30 20
30 16
30 3
30 17
30 13
30 14
31 22
31 25
32 24
32 7
32 15
32 6
32 23
32 9
32 29
32 2
32 27
32 12
32 11
33 13
33 18
33 8
33 21
33 16
33 17
33 14
33 20
33 28
34 29
34 23
34 27
34 12
34 11
34 24
34 6
34 32
34 7
34 9
35 26
35 10
35 5
35 17
35 13
35 27
35 12
35 29
35 14
36 32
36 24
36 7
36 6
36 34
36 15
36 23
36 29
36 9
36 27
36 12
37 29
37 34
37 27
37 23
37 12
37 11
37 10
37 24
37 35
37 6
37 36
38 34
38 37
38 29
38 23
38 27
38 12
38 11
38 36
38 24
38 6
38 32
39 25
39 22
39 31
39 33
40 13
40 12
40 27
40 37
40 9
40 5
40 38
40 14
40 29
41 8
41 16
41 14
41 33
41 13
41 20
41 18
41 17
41 21
42 8
42 18
42 13
42 14
42 33
42 17
42 16
42 20
43 19
43 10
43 23
43 11
43 37
43 29
43 27
43 12
44 9
44 32
44 36
44 40
44 34
44 12
44 27
44 15
46 0
47 42
47 9
47 8
47 13
47 18
47 14
47 7
48 47
48 42
48 40
48 8
48 13
48 7
48 18
48 14
49 29
49 23
49 12
49 6
49 44
49 2
49 11
49 32
50 21
50 28
50 20
50 17
51 39
51 22
51 31
51 25
51 21
51 28
52 40
52 27
52 38
52 12
52 37
52 34
52 29
52 23
52 7
52 9
53 33
53 41
53 13
53 8
54 32
54 34
54 24
54 23
54 36
54 29
54 38
54 44
54 37
54 11
54 27
54 6
55 30
55 28
55 4
55 21
55 20
55 16
55 17
56 51
56 22
56 39
56 25
56 21
56 28
57 56
57 51
57 22
57 25
57 39
57 31
57 28
57 21
58 52
58 40
58 44
58 9
58 6
58 27
58 7
58 12
58 38
59 50
59 21
59 28
59 30
59 20
59 17
60 57
60 22
60 51
60 25
60 56
60 39
60 31
61 54
61 32
61 34
61 36
61 44
61 24
61 7
61 23
61 38
61 6
61 29
61 52
62 39
62 31
62 22
62 25
63 60
63 51
63 57
63 56
63 22
63 25
63 39
63 31
64 60
64 63
64 57
64 22
64 51
64 25
64 56
64 39
64 31
64 1
65 34
65 23
65 29
65 38
65 32
65 36
65 24
65 37
65 11
65 49
65 27
66 37
66 38
66 34
66 23
66 27
66 29
66 52
66 61
66 12
66 54
66 40
66 58
67 54
67 66
67 61
67 34
67 23
67 38
67 37
67 29
67 24
67 11
67 27
67 12
68 64
68 57
68 22
68 51
68 56
68 25
68 39
68 31
69 45
69 31
69 35
69 14
69 8
69 17
69 10
69 13
69 26
69 66
70 35
70 26
70 10
70 50
70 17
70 69
70 20
70 14
70 59
70 13
71 31
71 62
71 51
71 63
71 56
71 68
71 64
71 57
71 60
71 1
71 69
71 39
72 37
72 12
72 38
72 52
72 66
72 27
72 29
72 40
72 53
72 34
72 23
72 10
72 13
73 45
73 69
73 70
73 35
73 10
73 26
73 46
73 19
73 5
73 0
73 66
73 14
74 71
74 51
74 62
74 56
74 63
74 68
74 31
74 64
74 1
74 60
74 69
75 71
76 44
76 6
76 9
76 32
76 2
76 58
76 61
76 54
76 36
76 49
76 15
76 65
77 70
77 35
77 26
77 17
77 20
77 50
77 13
77 59
77 14
77 21
79 75
79 71
79 31
79 1
79 68
79 63
79 69
79 39
80 74
80 69
80 50
80 21
80 59
80 35
80 1
80 28
80 10
80 70
80 26
80 17
80 77
81 39
81 25
81 22
81 31
81 68
81 60
81 64
81 62
81 63
81 1
81 51
81 56
81 57
82 45
82 73
82 69
82 1
82 14
82 17
82 18
82 80
82 35
82 26
82 13
83 24
83 67
83 66
83 61
83 36
83 37
83 38
83 54
83 7
83 34
83 32
83 52
83 15
84 71
84 74
84 79
84 31
84 68
85 5
85 14
85 17
85 8
85 13
85 20
85 40
85 41
85 18
85 42
85 35
85 77
85 16
86 40
86 8
86 53
86 85
86 5
86 52
86 14
86 13
86 58
86 17
86 41
86 33
86 47
88 39
88 25
88 64
88 68
88 60
88 22
88 63
88 79
88 62
88 31
88 81
88 51
88 57
89 26
89 0
89 46
89 10
89 35
89 70
89 5
89 77
89 12
90 70
90 73
90 69
90 35
90 26
90 45
90 82
90 89
90 10
90 77
91 82
91 90
91 70
91 85
91 77
91 17
91 14
91 80
91 69
91 20
92 73
92 46
92 10
92 82
92 43
92 35
92 26
92 0
92 69
92 19
93 81
93 42
93 41
93 18
93 16
93 33
93 8
93 1
93 39
93 14
93 47
93 68
93 25
93 48
95 92
95 73
95 90
95 35
95 26
95 5
95 46
95 70
95 0
95 89
95 10
95 69
95 82
96 79
96 75
96 71
96 31
96 69
96 80
96 90
96 95
96 70
97 93
97 42
97 14
97 18
97 8
97 13
97 41
97 17
97 47
97 33
97 53
97 16
97 40
98 95
98 19
98 73
98 45
98 69
98 82
98 90
98 92
98 5
98 43
98 70
98 96
99 36
99 24
100 68
100 64
100 1
100 20
100 14
100 16
100 94
100 60
100 88
100 63
100 30
101 71
101 79
101 75
101 96
101 84
101 31
101 74
101 88
101 1
101 45
101 69
101 100
101 68
102 43
102 69
102 92
102 96
102 95
102 45
102 98
102 73
102 19
102 11
102 90
102 10
102 83
103 57
103 63
103 60
103 79
103 64
103 22
103 25
104 90
104 95
104 102
104 70
104 73
104 92
104 98
104 89
104 35
104 69
104 26
104 96
104 46
104 10
105 91
105 82
105 85
105 70
105 77
105 17
105 14
105 100
105 90
105 18
105 20
106 80
106 26
106 10
106 69
106 21
106 35
106 43
106 31
106 74
106 50
106 13
107 90
107 73
107 95
107 69
107 104
107 70
107 82
107 98
107 45
107 5
107 35
107 91
107 85
108 92
108 82
109 100
109 20
109 30
109 16
109 77
109 64
109 14
109 80
109 55
109 28
109 68
109 17
110 88
110 79
110 31
110 1
110 101
110 100
110 75
110 69
110 39
110 81
110 96
110 68
110 62
111 4
111 28
111 30
111 55
111 3
111 21
111 16
111 20
111 18
112 100
112 109
112 16
112 20
112 94
113 70
113 35
113 26
113 90
113 104
113 107
113 10
113 95
113 0
113 77
113 89
113 5
114 94
114 111
115 82
115 91
115 69
115 80
115 90
115 107
115 45
115 105
115 113
115 73
115 70
115 1
115 17
116 72
116 35
116 26
116 37
116 27
116 10
116 12
116 66
116 29
116 38
116 23
116 5
116 34
116 52
117 31
117 71
117 79
117 106
117 62
117 84
117 96
117 39
117 51
117 74
117 69
118 96
118 75
118 79
118 110
118 69
118 117
118 101
118 71
119 95
119 46
119 0
119 26
119 35
119 113
119 70
119 98
119 104
119 92
119 107
120 72
120 37
120 38
120 12
120 29
120 10
120 23
120 52
120 34
120 59
120 11
120 50
120 27
120 21
121 106
121 80
121 74
121 71
121 79
121 118
121 96
121 117
122 80
122 121
122 106
122 74
122 69
122 115
122 45
122 1
122 71
122 117
122 31
122 82
122 101
122 79
123 79
123 121
123 118
123 122
123 101
123 71
123 75
123 45
123 96
123 69
123 106
123 117
123 1
124 3
124 21
124 28
124 59
124 4
124 30
124 50
124 111
124 55
124 20
124 120
124 17
124 77
124 13
125 80
125 21
125 122
125 93
125 28
125 106
125 18
125 1
125 81
125 97
125 74
125 16
125 100
126 85
126 14
126 17
126 86
126 20
126 77
126 18
126 13
126 16
126 42
127 106
127 121
127 113
127 26
127 122
127 80
127 77
127 70
127 35
127 91
127 105
127 123
128 118
128 79
128 123
128 117
128 96
128 71
128 110
128 75
128 31
128 101
128 121
128 122
128 69
128 106
129 81
129 39
129 31
129 68
129 88
129 93
129 64
129 25
129 60
129 22
129 62
129 63
129 110
129 1
129 125
130 10
130 26
130 35
130 89
130 113
130 116
130 13
130 12
130 72
130 37
130 5
130 0
130 70
131 88
131 64
131 68
131 60
131 25
131 63
131 39
131 112
131 33
131 22
131 93
131 100
131 62
133 80
133 50
133 59
133 35
133 70
133 122
133 10
133 26
133 74
133 113
133 115
134 89
134 26
134 35
134 130
134 10
134 70
134 0
134 113
135 133
135 90
135 115
135 113
135 80
135 70
135 69
135 122
135 73
135 134
135 35
135 45
135 107
136 37
136 38
136 27
136 52
136 40
136 29
136 34
136 66
136 12
136 31
136 23
136 58
136 53
137 4
137 111
137 114
137 28
137 94
137 55
137 30
137 21
138 97
138 41
138 93
138 8
138 42
138 14
138 53
138 16
138 33
138 20
138 13
138 131
138 18
139 109
139 100
139 20
139 30
139 80
139 112
139 28
139 77
139 16
139 133
139 21
139 17
140 5
140 85
140 26
140 35
140 70
140 126
140 77
140 17
140 130
140 113
140 14
140 13
140 8
141 29
141 23
141 11
141 27
141 37
141 12
141 34
141 38
141 67
141 136
141 95
141 65
141 66
141 54
142 95
142 141
142 98
142 5
142 66
142 119
142 67
142 37
142 27
142 140
142 29
142 38
142 136
142 35
143 137
143 111
143 4
143 114
143 28
143 30
143 55
143 21
144 62
144 71
144 63
144 51
144 129
144 117
144 31
144 39
144 60
144 84
144 64
144 56
144 57
144 79
144 103
145 126
145 85
145 77
145 17
145 20
145 140
145 14
145 5
145 13
145 18
145 86
145 8
145 16
145 105
145 41
146 30
146 109
146 55
146 139
146 20
146 112
146 114
146 28
146 16
146 111
146 100
146 143
146 4
146 77
146 21
147 21
147 33
147 138
147 28
147 125
147 30
147 131
147 41
147 53
147 93
147 20
147 16
147 55
147 97
147 13
148 31
148 117
148 56
148 51
148 62
148 57
148 144
148 39
148 63
148 68
148 60
149 95
149 92
149 119
149 104
149 141
149 43
149 98
149 102
149 19
149 46
149 142
150 55
150 30
150 28
150 146
150 143
150 139
150 4
150 111
150 114
150 137
150 21
150 147
150 59
151 144
151 62
151 71
151 63
151 51
151 129
151 64
151 60
151 31
151 68
151 57
151 39
151 56
151 84
151 74
152 121
152 106
152 139
152 100
152 125
152 80
152 94
153 136
153 96
153 31
153 38
153 37
153 118
153 62
153 141
153 103
154 68
154 64
154 60
154 100
154 63
154 88
154 131
154 57
154 62
154 51
154 22
154 129
154 56
154 79
154 112
155 132
156 45
156 69
156 107
156 82
156 135
156 90
156 73
156 1
156 115
156 122
156 118
156 104
156 92
157 24
157 36
157 7
157 61
157 83
157 67
157 44
157 32
157 54
157 52
157 58
157 66
157 38
157 53
157 34
158 138
158 97
158 8
158 42
158 31
158 40
158 136
158 99
158 69
158 14
158 41
158 53
158 52
158 47
159 39
159 81
159 25
159 31
159 129
159 22
159 131
159 60
159 68
159 93
159 62
159 63
159 158
159 64
159 148
160 159
160 131
160 81
160 39
160 25
160 93
160 22
160 129
160 60
160 63
160 64
160 68
160 147
161 74
161 84
161 71
161 101
161 122
161 121
161 79
161 154
161 151
161 80
161 1
161 123
161 148
162 152
162 100
162 139
162 154
162 150
162 132
162 63
162 57
162 51
162 109
162 64
162 74
162 62
162 56
162 68
163 38
163 34
163 99
163 136
163 52
163 61
163 37
163 23
163 65
163 66
163 36
163 29
163 67
163 31
163 158
164 102
164 149
164 104
164 118
164 43
164 141
164 95
164 98
164 96
164 142
164 69
164 156
164 45
164 19
165 150
165 111
165 28
165 162
165 30
165 4
165 21
165 55
165 137
165 3
165 143
165 139
165 146
165 59
165 152
166 105
166 91
166 127
166 139
166 152
166 80
166 122
166 165
166 115
166 100
166 121
166 106
166 77
166 145
167 5
167 142
167 86
167 40
167 140
167 85
167 27
167 58
167 9
167 47
167 52
167 13
167 48
167 126
167 12
168 72
168 120
168 37
168 38
168 12
168 29
168 23
168 66
168 52
168 34
168 11
168 10
168 27
168 53
168 40
169 167
169 142
169 5
169 40
169 27
169 66
169 12
169 37
169 140
169 52
169 85
169 58
169 67
169 86
169 95
170 126
170 145
170 18
170 14
170 17
170 100
170 20
170 85
170 13
170 16
170 86
170 41
171 158
171 136
171 69
171 138
171 80
171 31
171 139
171 35
171 97
171 52
172 135
172 115
172 156
172 45
172 122
172 69
172 80
172 82
172 133
172 1
172 90
172 139
173 131
173 151
173 136
173 62
173 171
173 147
173 158
173 88
173 153
173 31
173 63
173 159
173 39
173 144
173 160
174 39
174 138
174 159
174 99
174 163
174 25
174 131
174 22
174 53
174 158
174 60
174 147
174 33
174 93
175 104
175 164
175 102
175 149
175 113
175 96
175 95
175 135
175 127
175 69
175 43
175 90
175 141
175 156
176 125
176 143
176 100
176 68
176 137
176 28
176 64
176 16
176 93
176 154
176 112
176 30
176 138
177 128
177 118
177 117
177 43
177 123
177 164
177 79
177 31
177 110
177 69
177 106
177 96
177 45
177 136
177 121
178 31
178 171
178 158
178 163
178 69
178 62
178 136
178 138
178 80
179 118
179 128
179 96
179 121
179 79
179 123
179 71
179 177
179 75
179 117
179 127
179 122
179 175
179 106
180 101
180 110
180 88
180 154
180 79
180 71
180 31
180 1
180 100
180 151
180 68
180 158
181 152
181 121
181 162
181 132
181 106
181 166
181 122
181 74
181 80
181 127
181 139
181 179
181 165
182 166
182 181
182 139
182 74
182 122
182 162
182 100
182 152
182 80
182 91
182 121
182 172
182 105
182 125
182 161
182 109
183 125
183 147
183 16
183 176
183 30
183 20
183 28
183 21
183 139
183 138
183 93
183 18
183 41
183 17
183 146
183 55
184 181
184 139
184 182
184 132
184 166
184 162
184 152
184 165
184 70
185 131
185 136
185 173
186 133
186 80
186 50
186 59
186 135
186 139
186 3
186 21
186 134
186 35
186 26
186 10
186 70
187 21
187 28
187 30
187 183
187 124
187 20
187 147
187 55
187 59
187 3
187 16
187 4
187 111
187 50
187 17
187 186
