306
0 0.4304849704181410996461921,0.4701348355397217404494370,-1.4441942627035491142351020,1.9769252804942030188328772,-2.4728422807865295673934725,-0.4061605609795826410390873,1.3686237625274131346486683,0.0000000000000000000000000
1 -0.3857994702498948047519889,0.7371403163512695311254674,-1.1990218255711779793415417,2.1143213523120492070006549,-2.2984184252810515580733863,1.9036896047935303322162781,1.6996168380829286270738976,0.0000000000000000000000000
2 -0.1894327369686783502089611,0.0012417759303479446002239,-0.6255443408871850241581569,2.2395250102214099285902194,-2.3071344540685316815142869,1.4164936681936926010649813,0.8763925686954298077679937,0.0000000000000000000000000
3 -1.3510008240229225418005399,-0.6045955982920048210615960,-0.5852892210416218432555979,1.8220754807374883732506987,1.8632228474773482318482820,1.9566679350289835070952904,0.5220303979225623391968725,0.0000000000000000000000000
4 -1.4295252625426695392008014,-0.3007786265560810079477960,-0.5419903692984143761535165,1.3149769896089600340616244,1.8044254455557564575940432,2.0451131153307451349121493,0.6400994094572641790463763,0.0000000000000000000000000
5 -0.8742282742384668292601191,-0.2308628423004181473565666,0.4228319489205116799013240,1.3924523334543044139621770,-1.7995540519897128550752541,1.9138503938852116093016775,-0.4824219574808041866020858,0.0000000000000000000000000
6 -0.6924314790203836000870297,-0.3226100644566827768677797,-0.7332504224988685148645118,1.2958305355156529703464230,-2.3364430183818702957410096,0.6323664388798022617521610,0.0845017207136638526243644,0.0000000000000000000000000
7 -1.4388541398644560942443604,-0.2989243330966749878641053,-0.0715142282234885046099393,1.0665531032962798363428192,-0.7129108427535605363445370,-0.9447057192766601385613967,-2.5887367612693799046041931,0.0000000000000000000000000
8 -0.5833504696432989522492107,0.6890738217848102475926453,-1.8767190791518897352574413,0.8642242588207854625537152,-0.1480327322911336451749520,0.3051335676666970808668111,-0.6850060794033323574581118,0.0000000000000000000000000
9 -1.3040868021446900826276760,0.6178783695109042461979243,2.4431842252790110237015142,0.8146306647771682785119651,-0.9820634608223637318502597,-1.0698561417361982517348906,1.5048541244012663131712770,0.0000000000000000000000000
10 -1.2872654581024585151993733,-0.1522815914599495445980182,-0.4978543180513723687141692,0.8828936897720168763825654,-0.5781784970058220229915946,-1.0853795631147826750151353,-2.2728554725150273974065840,0.0000000000000000000000000
11 -0.6556132032006337650997807,0.1601528702083691857449566,-0.9739416918894059360667370,1.0220990695118552515907595,-2.0365345548404549802512520,0.6050019310987561071968344,0.2343565978440452224340618,0.0000000000000000000000000
12 -0.6015491035606386205358831,0.7581977675792177517877235,-2.3047621498014048135871690,1.1542310948858074404199670,-1.1197800012948757597541771,-0.1986731383112599336193682,0.5357006039755698445503640,0.0000000000000000000000000
13 -0.9258158279614882024688427,-0.3046604232999359784805904,-0.3120646787252455700567566,1.1948555459321565930252973,-2.7501343726753151308628276,0.8223262280176052430036293,0.0403670433497886615992201,0.0000000000000000000000000
14 -0.9631868296636195703186445,0.9718966609595953709543892,-2.5915982248543936172779922,0.9678757859572099109257692,1.4538263381558544917737663,-0.3693241100949811728249017,-1.7634591005544320019282623,0.0000000000000000000000000
15 -0.6957146265173183019570047,0.7635664546279705700015938,-2.2257138373045877166589435,1.2381983913201017877270260,0.5467003107411980700192089,-0.4662701564595431724669083,-1.1249982221917933511434740,0.0000000000000000000000000
16 -0.7343966774639124617252151,-0.1692920829250400271970278,-0.4938175396663390670504157,0.9584000897765583282250645,-2.0077480550891686483794274,0.7205348912647622228178079,-0.3865890248743736323788767,0.0000000000000000000000000
17 -1.1944142767046113107198835,1.0426304546466098610579820,-3.0541520975580529473347724,1.0045778850541637883253543,1.7064941205493651121827270,-0.2065580636314852114310270,-1.7508817239513345676016343,0.0000000000000000000000000
18 0.5126373572581395254843528,0.6445012186487290017922192,-1.7577819258873199625980988,1.6237973831275542835328451,-2.4914974349805163456039736,-1.5707904990549617085804357,1.3877067528799866824584797,0.0000000000000000000000000
19 0.3250672259683667353336034,-0.4765996328846351937080783,-0.3010557188561140407045968,2.4979769984732000942528884,-1.4551116524304779087373163,1.2282153245294069598969600,0.3816151615629990168088170,0.0000000000000000000000000
20 0.6745944181748608770021747,0.0594454773516361542617936,-0.8612245950590672327606967,1.8434293398482703985052922,-0.2218972526221032470772343,0.9921601155075061573285211,-0.7580855189260015114527391,0.0000000000000000000000000
21 -1.4359056259098650354388838,-0.7098961882327979866502687,-0.4965528493765913875535034,2.0228723208559604707090784,1.2400264046703024511941749,2.0333653756749190399943927,0.1655537372476525992404106,0.0000000000000000000000000
22 0.4070152452533128961675857,-0.4231882428785730398956844,-0.4316870729305436471534563,2.5239444825037233854914120,1.6081170353218605661993479,-1.1124011257493873205959289,-2.7027855122988815317341960,0.0000000000000000000000000
23 -0.3981489800130876277606262,-0.2768313386905849604602281,0.0863837302698810677314967,1.3148874208424585763310688,-0.9492356396065081414192832,1.9665927659979054453742719,-0.3746868881091552361262131,0.0000000000000000000000000
24 -0.5284939908670371888632644,0.4948540784194674913010203,-1.6061155292409914352447231,1.6605649472948735834165745,-2.6617621760838523492509466,1.4312318673223405340877434,1.6496582434174360543011062,0.0000000000000000000000000
25 -0.2467307137554688445391093,0.3206194307212690275399325,-1.2911249626249785560361261,1.6892797898249733989928245,0.5235201732367681382029900,-0.9451832805123102643207744,-1.8437424148729499862042758,0.0000000000000000000000000
26 -1.2106891538948012509990804,-0.1426873070708435942144376,0.5975522490860679658553067,1.3565245173747582096979158,-2.6825438790584112958015339,1.5216483203622737097049367,-0.6898133021323292757287504,0.0000000000000000000000000
27 -1.0963874454324815665984261,0.9074619093670699410125735,2.5933867360073601382453035,1.2921929702666974382196940,-1.1531016289904463256732470,-1.3388864089208127872154819,1.2698382296577659378300496,0.0000000000000000000000000
28 -0.3944824760041927280695973,0.7810485211417181883319927,-2.4229007927322911974954422,0.9289042968166696390142079,-2.0484385322251941197180258,-1.0528642573137598770216528,1.5611888319683058234943474,0.0000000000000000000000000
29 -0.6476552380992235402601409,0.9702454616028642897518353,-2.9469843520379876977699496,0.8999613384591599318795829,-1.7119557999994829966539100,-1.1403059180698384977858950,1.6561878856615570576593655,0.0000000000000000000000000
30 0.0677265290739323816415762,-0.5023861978721027021776990,-1.6875306875085620550436261,1.0630559518003479535508404,-1.4065838966032997436883534,-0.3866051124159736729346548,-0.5291232894359121363692111,0.0000000000000000000000000
31 -1.2269661036284302824128645,-0.8941791769879753326577543,1.2325452188902259464953204,0.8933969586792621653259516,-1.5764918476577920447567749,0.5094927523693033588614298,-2.3024048763739921596993554,0.0000000000000000000000000
32 -0.8312844403686822092325315,-0.0308304763482930219153921,3.0489392864796411863892445,0.9587741184136925332026635,-2.8108402267065661916944919,0.9893929895639387295247502,3.0559426501273621035181804,0.0000000000000000000000000
33 -1.1561324626787945479833297,0.2402256121364612362345525,2.7486960884636979507433807,1.1332787696687447454024777,-2.0946490828300161624042630,0.8530247511374879909595847,2.8098497303684890624708714,0.0000000000000000000000000
34 -1.0117130861791110429948048,-1.0746116048623510774717715,0.1973284103297599234583259,1.2323044912513496651484957,1.7732420429225939084716401,0.4762430175389363307125734,1.2440189922493611884846132,0.0000000000000000000000000
35 -1.3851985434849296563442067,-0.2229925396446379992632103,2.1260418088650374635051321,0.9056368508490050261983129,-1.4406429247508789615039859,0.5916046417180469418894972,2.8936428316770914648259350,0.0000000000000000000000000
36 0.2299182561735617358333883,-0.7818839319099142315394602,-0.8166254665684566926842081,1.6259636567308592969283154,-0.2282996075316745254735196,-0.7702775843000401190252546,-2.4206044943755169462917820,0.0000000000000000000000000
37 -0.3643141479066673849018798,0.5326975796571254972988640,-2.7476945672091597216990522,1.2711446935173564831700332,-2.2790421264716651528203784,1.2234675629280820086108861,2.2782819840006895972805978,0.0000000000000000000000000
38 0.3019623874735401503066612,-0.4184057187423814716531467,-1.4021542102646991079240024,1.4617911625317074886254431,-0.3780317833817478101465781,-1.0951368785049468979053700,-1.6902545443624343857180747,0.0000000000000000000000000
39 -0.0907439928416909624697695,0.5408246718392866192459678,2.7914349306983816667582232,0.7929829047645988726600308,-1.1939035194879983325932926,-1.2648528213723806423729457,1.3492596656399307164519996,0.0000000000000000000000000
40 0.1429920424574201154310771,-0.3470775180117254277156746,-0.1385190128728829017656921,0.6584009530952388278279841,-1.5507311176145910369683634,1.2100022819804039375668481,-1.2406885651788939206596751,0.0000000000000000000000000
41 -1.1777258009081816858554248,0.2914801865723334883817586,1.8886526365114202352657458,1.5677794152807835725838004,-2.7375402270193878173643043,0.4436808787685264654498951,-2.3292021131975029213379003,0.0000000000000000000000000
42 0.0592975506514173411609647,-1.0500776359485837208040948,-0.3909303890356274346906673,1.5263650250623108650671611,-1.7560634221466815407808326,0.8729406038839094827963550,-0.9879475037410166970985870,0.0000000000000000000000000
43 -0.2006064315270495446164034,-1.3247492640537665842259685,-0.6296416020531974133689346,1.7315336003655985575022669,-0.8523739013660871499666882,-0.6102066561534100763708466,-2.2240050178878569830942524,0.0000000000000000000000000
44 -1.0797892592320876836708976,0.1789665927203188122707189,2.9455739842770904957092171,0.7663449933865534857702073,-1.4942126276347253988063812,1.3312555368299385794017553,2.1632333480108174583733671,0.0000000000000000000000000
45 -0.7159570900460880960025634,0.4991238106741638369534542,-2.6310459729683746132877786,1.1013479889558428492790654,-2.0829762114342749157458456,1.5525282674881291100632552,2.0591586264332182309999553,0.0000000000000000000000000
46 -0.6433329510238579018732707,-0.7867370988661170905231756,-0.4834581770310983350746881,1.3197667961117469648257838,-1.1033889322181933412281296,-1.3803881819683070375504030,-2.0211607203376540375927561,0.0000000000000000000000000
47 -0.1286189931763533633723995,0.7186867547234192521443674,-2.7867737840141701965990251,1.8134363680297420629017324,-0.5200477083160476299283914,-1.0045826236082160409779362,0.0107537461077652427010598,0.0000000000000000000000000
48 -1.2451662242905321420494147,0.4551718564203973138582171,2.6601816150653530002045954,0.9169925353046770588605341,-1.4227430171585064844208546,0.8963158942820113050942155,2.0580864819712734181678115,0.0000000000000000000000000
49 -1.3519178331467738285454061,-0.7430166233085010452086294,1.0506970055315405510043547,1.5129856653630804341759131,-2.8947014350342556987527587,0.5603464715682652252937146,-0.9061607563168421197730140,0.0000000000000000000000000
50 -1.4266529423298293099975353,0.2958788645468766187462961,2.1537234571053169851495568,1.4429036298346173960993610,-2.5020302952271964436192775,0.5659964248160814781485328,-2.6947764904941098329516080,0.0000000000000000000000000
51 -1.3182042073706623508400071,-0.3295979666426194776285286,0.7509860929932383744045410,0.8483584556742072013690859,-2.0105030773405454525004643,-0.8229430791514659171426160,-1.9984323392758736037677636,0.0000000000000000000000000
52 -0.8088929601856454931763096,0.8128422762719029748268440,-2.9193731470704671338012304,1.3194636777999304566577621,-2.1467392938653389045100539,0.9313101020214661351914742,2.1977236208419954621717807,0.0000000000000000000000000
53 0.0427523763200692644148582,-0.5851860098369778828697463,-0.8475598078446903160809711,1.2867863536340675700841985,-1.7199101624745409822025977,0.4770833580178597266296947,-0.6203471787796861480757116,0.0000000000000000000000000
54 -1.2788247307852818046569610,-0.5827935774567266635770579,1.4158213541144490932310873,1.5483911419544846843621144,0.5233599926274203895104620,-1.0407248796945087754295400,1.7098072465864802005341971,0.0000000000000000000000000
55 0.0060399417326408074563338,-0.6676234924544744986363298,-0.6148571946553257339118659,0.6399993727313508795617736,-1.0338274537866809499320198,1.0901518010824693405425023,-1.6980990239310762568436530,0.0000000000000000000000000
56 0.1207029241828875554265466,-1.1230858916552799442456489,-0.7805608941684035739783099,1.5033312028567120677280400,-2.1056630176161101886123106,0.3227744053964383685872974,-0.6855029416590651125673617,0.0000000000000000000000000
57 -0.3180038281027166569003839,0.8217414083318841377945319,-2.8850263698413374235940410,1.7319020935996121135502790,-0.3449754466603673908053906,-0.8773342551036432679367749,0.0505178410877988662286420,0.0000000000000000000000000
58 -1.2119974989838027124022801,0.6633623422078589459971454,2.6615867317373274048009080,1.5370182858638397060957459,-2.0739942192386644492785308,0.8223251762829373312513326,2.7512042734861079651409455,0.0000000000000000000000000
59 -1.2434371784567301855162214,0.4532579160653664174240873,2.6376169231692867533922708,1.3751554982006966021401695,-1.8620725687646701995703324,0.8646622820961578081977450,2.6973299169947151376902639,0.0000000000000000000000000
60 -0.7456760574623746418154724,0.4044155432265774119393598,2.6964914615690260824010238,1.1900099443723115566484694,-2.2512835629632679257383643,0.7037523823123205124474566,2.8671985734898237652146236,0.0000000000000000000000000
61 -0.7531202402386184546756454,-0.8477334476803892737706292,0.9344812464976172128316989,1.1883631959444109771339981,-2.2880475641079192072879778,0.5118469660719144886940057,-1.3907467802462361028403848,0.0000000000000000000000000
62 -0.0451018908020082154308739,-0.6833951840507370700805723,-1.0403056129249130812297608,0.9708041077150897368852611,2.2819658716738384640621007,0.9118696029725810170418754,1.6137595964418125493722300,0.0000000000000000000000000
63 0.0712373702979271078428170,0.4528719839584068318494303,-2.8799940117406044315373492,0.9276431709956236559833087,-1.3527386781804333626411108,-0.8078463107397063636128109,0.9317923107719259245840249,0.0000000000000000000000000
64 -0.8158958347887474982229605,-0.6903849799070567172520896,0.8727372755298057338535500,1.3839174184599756234348433,-2.9244317517950313423114039,0.5726940573415225665954154,-0.8160676662716692675303420,0.0000000000000000000000000
65 0.4699698877914249006693126,-0.2414747133567524406405624,-1.5773160835439465898843991,1.0550892313781459197485901,-2.4869925209675578514634253,-0.1631880682069751786755774,0.7061342218637516321422254,0.0000000000000000000000000
66 -0.7940891165694138331687668,0.2183214048234040915996701,2.4592954389869303710725035,1.4496352700262873369752015,-2.7554062944046191496738629,0.9513030666733641727006443,-2.6652038666928445920234481,0.0000000000000000000000000
67 -1.1413535615093142183695818,-0.2450861483735897738966969,1.8987137959920576957273397,1.2892061052602048487614184,-1.9511302617510264401090581,0.4286725752510935349981480,-2.6408212371390367145806977,0.0000000000000000000000000
68 -0.6707992211990581044034343,0.3545203105804174970039355,3.0381679965342520688409422,1.0201674355663548077188807,-1.8773771133849217473965609,1.0733954020111799998460356,2.3431960483190796828978364,0.0000000000000000000000000
69 -0.6126053923992827998645794,-1.0650781196576641907114436,0.7593015894118568809290082,1.2414219358810059112840918,-1.9879239301035880327361838,0.5783149369576547904614472,-1.4750374029871775594102701,0.0000000000000000000000000
70 -0.1725734873356740972649703,-0.9565080147760913753529621,0.3362357936860416729452083,0.9358730622646473928938349,-1.7223251897555205136569612,0.8783216392450600151775575,-1.6278347536182562471651636,0.0000000000000000000000000
71 -0.4041660271432417905757006,-0.8201782201613045941712699,0.7347155427422453755070819,1.0519352434319273470464395,1.0470894355362279082299892,-1.0096302818086140273834417,1.6654693250695067341382583,0.0000000000000000000000000
72 0.1897836819745130909620201,-0.8790567444397141549927710,-0.3662155012638741991004565,0.9291325823498635116948208,-1.3541854394339456479912087,0.7923736499476587979984288,-1.5452910392462171351724010,0.0000000000000000000000000
73 0.5222607990400190969282335,-0.6293966301022980713852917,-1.4576426624349791971724244,1.3136894769368505642148648,-0.8021341594057130874872996,-0.3520222539873898437434718,-1.3888945168351474190870931,0.0000000000000000000000000
74 -0.9718861632156604590804250,-0.0701695176308665402586939,1.6998799628827829799604388,1.5212211867418659050343877,-2.9980143001517549627976678,1.0304734532635069221839785,-1.7202793499644670749404440,0.0000000000000000000000000
75 0.5461463706434775966513939,-0.0056737652064368067697520,-1.9292273402614577015867781,1.2062377269555286662949811,-1.8296037236128654956957007,-0.3615961188366154099860239,0.3677891448590166478815888,0.0000000000000000000000000
76 -0.1325581091628954266692375,0.0707703720105607864132580,-2.7047870845530508354670474,1.0318873488085233969258070,-3.0393819686727963080841164,0.9938351523097771478276741,2.6525335003958079305164119,0.0000000000000000000000000
77 0.2127848356409455243820616,-0.0320134433392641748472585,-2.4790914181740952848542747,0.8841849535701326034953240,-1.1006914231137134851934434,-0.6899548375964886792743869,0.1498351026184677747821183,0.0000000000000000000000000
78 0.4438312283215491427235122,0.0800999333290002418772602,-2.0917340440996294859132831,1.0504098832482053893500051,-1.6610499812497758753693233,-0.4393801315552463004898698,0.4080590387240171645899522,0.0000000000000000000000000
79 -0.7352754570893793584218656,-0.9998437318078761126827203,-0.9997357344473580820221059,1.8447765590803606450265306,-0.7842940161021433320698293,-1.2004921272185127278930850,-2.1433341493972690727787267,0.0000000000000000000000000
80 -0.1054669187350813636117053,-0.5313109533062756462129528,-1.1244849513986512334895451,1.6008843302909792072341588,-1.3053241639150130470881095,0.5519466052613436479745701,-0.7492257141765324979232332,0.0000000000000000000000000
81 -0.3013016009548828977315793,-0.6771091913010204299538941,-0.9173085515023671199230648,1.9878854071754625820744877,-2.5916700883604875116361654,0.8106884404335584770606715,0.3374125889340308659392065,0.0000000000000000000000000
82 -0.8139620392945816629293176,-0.7430969951384883698253248,-1.0030040051162480985169623,1.7899062476916580699537462,-0.6703835067176560080781655,-1.4494634495701006482448747,-2.1337716322417081826756657,0.0000000000000000000000000
83 -1.3497817706029555662183839,-0.6178662538229269252099130,1.7344350295677777307190581,1.3804938680373421977520820,-2.5453730971846248998247120,1.5780439758594348997888801,-1.8101794377571205352239758,0.0000000000000000000000000
84 -0.0225375776848942034613632,-1.1785106630075901090748403,-1.2121650505140122433545002,1.9445497239824030000221455,2.5442612351806883630445100,0.7762863849250535297485953,0.8559034017859300513819676,0.0000000000000000000000000
85 -0.8183596609884594696993076,-1.0800419776043257424902322,0.5921235337942607479533308,1.1099199038173630516013191,1.3181982242288687867670660,-1.3431857218077334348294016,1.5288899783402019050271292,0.0000000000000000000000000
86 -1.3374551249971853295051005,-0.4941928387710130543553078,1.6958168930050185885249903,1.4941508885998995292965219,-2.6652415083739260381889835,1.6789178272331684027562915,-1.7147568855619659267119914,0.0000000000000000000000000
87 0.0774840951013520268242374,0.3701076280007463137344814,-2.2676615171372427326446086,1.7334280409854811999537105,-1.1465990888691375282348872,-0.7108936320261535213305137,-0.0540867202675247848997486,0.0000000000000000000000000
88 -0.9169696185887029615813049,-0.9631504250830533742089301,-0.5993702463661545465356539,1.6237544153571388250156815,2.8942646334097008598007505,0.6357305919508129399275731,0.5349582141334547902289387,0.0000000000000000000000000
89 -1.1099800353044335654573160,-0.3461008402851141751987996,-1.0930016172550707231891920,1.1123594752446326339168081,2.6488156268594824638284990,1.3958185681657948595812968,1.3315044844965537862435667,0.0000000000000000000000000
90 -0.7442995355454781192250380,-0.6249454235014051395324941,-0.6264307068001656597644455,1.5619830127447538181684195,-2.6039215093977827741866804,0.7110919704218823245156500,0.1085008257241297929818202,0.0000000000000000000000000
91 -0.5184740545242990661378713,-0.3509895001355481380933554,-1.4582524111212513684421310,1.5589505926499216403868786,2.8969245612204108653031653,0.7295419307204623615703554,1.4248763710164431550708741,0.0000000000000000000000000
92 -1.1049595518541694971759171,-0.4913644553693079508605024,-0.8941698912160442880292521,1.1950621614364766998050982,-0.6325584171418979773093838,-1.2532775983509034656293579,-1.9325616873701800813023510,0.0000000000000000000000000
93 -0.6745044736471853541459609,0.6022048986671908465950764,-1.9686361662490570179073757,1.5641317153355414060200701,-2.7870888237347601901205962,0.8702056122143779770539140,2.0023075997459747199513913,0.0000000000000000000000000
94 -0.8050141052404147234966558,-0.6990739401752261716893599,-0.2843093618828972934942101,0.9725246482163881767135649,-1.5096172598076600390726298,0.9863571602667480231474428,-1.2756316090984070044100918,0.0000000000000000000000000
95 -1.3637077680477025509730993,-0.4810140605697125204542886,0.8373013771884854072879989,1.0610289259666785266489342,-2.3860699852044606750212097,1.3756059079419848956149508,-1.2685570270826471706016036,0.0000000000000000000000000
96 -1.3551220657802507396638703,-0.6288873117436240001154601,-0.3452685256937377267227873,1.3035416100604475531099524,-0.8730795213195140513917636,-1.1132112518177417204157109,-2.2667426549131559632144217,0.0000000000000000000000000
97 -0.4142340729364178963933796,-0.4627992959947810347465236,-1.1996436385037423377752930,1.1844843505377578019022167,-0.8790098025157909722437921,0.4019940531531786542807083,-1.2351434539861518846493027,0.0000000000000000000000000
98 -0.6332498265370409828989295,0.6217650731546927600490449,-2.2247632310779859032834338,1.5932755335355663905971824,-0.1448043200062835433872266,-0.6607289022308444614850487,-0.5865131436456254565570134,0.0000000000000000000000000
99 -0.3817152460226018173550244,-0.1122110806822635004076361,-1.2899254028901319113487034,1.2543994668959390637041906,-0.9818741062534950270190848,0.3130278332891073267418847,-0.7602525576361163217598005,0.0000000000000000000000000
100 -1.4872740408540983114704659,0.1564921954428979133933098,3.0504041112228792442806480,0.9305289762225923411165240,-0.9255767416809735914640100,2.0388420830796665228490383,2.4690478609330983594816189,0.0000000000000000000000000
101 0.2865586455485196193393449,-0.2444448564069287566091759,-1.7515104419985314532226539,1.0331033679418497595037252,-0.1850057250380814644064031,1.7976505598852641210072534,-1.8566016638733779942072033,0.0000000000000000000000000
102 0.2680604221880126258881205,-0.9443152265675398560063059,-2.2589704304552853386667266,2.6179812145094478736950805,1.9773956090728672663203724,1.8146891249188636940914421,1.0154327213838321153360766,0.0000000000000000000000000
103 0.7638456990360865672684554,-0.0190628118012922918855789,-2.4380441623477269175168658,2.2826635554115277670916839,-1.7017644829794231764452661,-0.6769857962382891392039141,-0.4344881951612675208274084,0.0000000000000000000000000
104 1.1365463963095405741654531,-0.4211028680614045116570310,-2.2661282767543871052851046,2.4853956335900018181916948,-0.9156874244295062359455528,-0.2862955174293811966279577,-1.4410968401740116284770465,0.0000000000000000000000000
105 0.1819043750857626262629196,-0.4754189894207517808055741,-1.1776603326810455296680402,1.0008406305114714296422562,-0.5845881708141014154733739,1.9799601481002566671918430,-1.5281612890427749285038317,0.0000000000000000000000000
106 -0.4975592581835771022191750,0.5833528818810809202233258,-2.3115262459522281091039986,0.8421374429354157031824002,-2.2412896291131683135233743,1.3982605487696173618417106,1.6273375820344280207052634,0.0000000000000000000000000
107 0.3420381513119369887299115,-0.2245902528387721253100295,-1.0410723782101070078454086,1.5262642598771143376268355,0.6522155603246005961537435,-0.5991961957831850593692025,-2.5899978804468584137055132,0.0000000000000000000000000
108 -0.6633812779485270816337561,-0.2914108186008750323026106,-0.2042784565571252042293082,1.0616404655243971699718486,-0.9394485593058109484942975,-1.2077574449268899670073552,-2.3818745207143572351071725,0.0000000000000000000000000
109 -0.7368838269385760142426989,0.8787917345519621337146532,2.2228998493136113978607682,1.2239640285520418938602916,-0.9778299247866725218969464,-1.0731735292534219095017534,1.4571479446173452032553541,0.0000000000000000000000000
110 0.4095372253846473187266497,0.8684036450024663622571097,-1.8177170581886894495937668,1.2990523259737662975510375,1.2434503239639138616468017,-0.1512950282703596216471453,-1.9208689196802131160524141,0.0000000000000000000000000
111 -0.3571328065005752727678612,-0.2337241212479785890110406,0.2001415964865804475447675,1.2530623667830567136149966,-2.5450881428195866185149043,1.2028121554981039409426558,-0.4635070031611960295059305,0.0000000000000000000000000
112 -1.2131657633765038362128053,0.0263557735720957517222551,1.2657606510376646635762654,1.7237097895624831078720263,-0.1093314310493846142069430,-1.4541027269843513902713994,1.8739597838691519626763693,0.0000000000000000000000000
113 -0.4730354976907241715267105,-0.6934322466182866184780664,-0.3816983037167335224282283,1.8467240968189300165391842,-0.4124783726321842869388945,-1.2676120905790528858858579,-2.6915785547466062332944148,0.0000000000000000000000000
114 -0.7063366340495563777679422,0.9377050027319807634640370,2.3134213279859352496714564,1.2628958953633433459629032,-1.0865113283729899151808240,-1.3881121785245427169286359,1.4338224248823154827192639,0.0000000000000000000000000
115 0.3918556686578874570514586,0.0976019903192128363000890,-1.1420178845702479986101707,1.1024058041614261949092679,-0.5846345965413015655087747,0.7760700886544633636532353,-0.9409577321360652613080333,0.0000000000000000000000000
116 0.1847045127053952573437101,0.5477139775199135751648782,-1.8637545048555401727696790,0.5641946773941736159585503,-2.7407658314976082181146921,-1.1624876508378367834239953,1.9141142307776259912088790,0.0000000000000000000000000
117 0.4957279165751802274542115,1.0460328922933173068088308,-1.6235775644239238690857974,1.6162343321923693384434273,-2.2618892431727726233248177,0.3824585795799078091761203,1.7536012525776587533954398,0.0000000000000000000000000
118 0.2659855171582861110834983,0.4966982494969381933813679,-1.4956977766225334480765241,1.8952158197634110248230854,-2.7001161055379241382468081,1.0386348638756361939528006,1.6792868884803229256874602,0.0000000000000000000000000
119 -0.2291285916551667189988706,-0.0754174719113733099673524,0.0680971544503652659319215,0.3535609015044096081759051,-1.6342895913102351013179714,1.5802829224314920431027076,-1.2919135562829457963829327,0.0000000000000000000000000
120 -1.3433811117314782279663632,0.8245878772422401414843307,1.6819838491995042772941815,1.6226520480548500824369285,-0.7804162812528746551166137,-1.2202347345856177085465788,1.4531184678284891909072485,0.0000000000000000000000000
121 -0.7912056295201643774106515,-0.0786272776413431545572408,0.9246497589124587079822959,1.2634986936330863116495493,-2.7119056369223106806032320,1.7422756682123408111806384,-0.9769504286149915950332456,0.0000000000000000000000000
122 -1.4371196829631607272403926,0.2021944416310003933556771,1.0016077395488509615972816,1.6891800451213172529207895,2.6076716139352531520501088,1.1984586362417124494328391,-0.9994271241321339704910542,0.0000000000000000000000000
123 0.0797223342324667461067378,-0.1003643529623492597346868,-0.5970170742573888134074878,1.1699679044400150829119411,1.7308800287646968207866394,-0.9719631813107818540942162,2.6242600033597520692296712,0.0000000000000000000000000
124 -1.0174808325480839688026435,0.5166741439938458135827659,2.1585331608962174954058355,0.8165232229981091993664677,-0.7758254268886134452642978,0.5835793175713992475550640,1.5929623709539413312086253,0.0000000000000000000000000
125 0.1477416930040544862379193,-0.3988078157610960294832125,-0.5671139149841850635169749,1.2767707303707152011185144,-2.3807604128891770578491105,0.6841884704368136338459294,-0.0485733497867669797298795,0.0000000000000000000000000
126 -0.8198274889095304995834113,0.8120134019611144893247001,2.6825667787064664260299196,0.8807423469130983839647797,-1.2758594820417810122847868,0.6037601528228074831972094,1.5943189393001528930682298,0.0000000000000000000000000
127 -0.8900127044732704106877463,0.3483932282832778448700140,1.4809927484416640641740059,1.1245102138831331028967497,-0.4902399822132907369898192,-0.8380440153372680223142765,1.8806512075756562918371628,0.0000000000000000000000000
128 -0.8942079159478533156857338,0.1528539877216685272109942,1.0255000664646594099593813,1.0349671260287200968974730,-0.6748047163076543730753087,-0.6899834271436481314410116,2.5295707786272094708124314,0.0000000000000000000000000
129 0.0699531232950382081403617,-0.0407724394538964973744299,-0.4280651690873815695681515,0.8654984575370736621380274,-2.0431981186413503692733684,0.7953229358616856758956715,-0.3677360046813271665655520,0.0000000000000000000000000
130 -0.3692867610740590000872885,0.8602968598981235448519556,2.8746568937231256057884821,1.1165324676816754667640907,-1.0478695873417624984114127,-0.6171348232832434277383982,1.1604973375929112933135912,0.0000000000000000000000000
131 -0.4279257888961997546850569,0.9353979186178338345314387,2.9259669716876768319480107,1.2316397852934954926240607,-0.7425860974434296268853473,-0.4254729089715858503240042,0.8334217620726801500907754,0.0000000000000000000000000
132 -0.2018197350278941593071380,0.8858276404911064050295977,-2.5366334982414864285260592,1.0621935041881980232858496,-2.0477385512561689928645592,0.6107251227724950215502986,1.7074496727774135518274079,0.0000000000000000000000000
133 -0.4289830307883335525076518,0.7631913501863114568379842,2.5696674103595640303865366,0.8289712123246941732901405,-1.1863679003207652229434643,-0.7854649366412614908128376,1.6010138078151880947075369,0.0000000000000000000000000
134 -0.8551984132168430896570044,0.8678978422861107766550504,2.2767137311559770829205718,0.9533155768578182032157997,-1.7882129353645639380232524,-0.1503288342865783111523825,2.3152346857008549996237434,0.0000000000000000000000000
135 -0.2223799878948089503438723,0.9755943778528226584256799,-2.6682022071618751724031426,0.9515347742571543809830814,-1.6416770859471785382055486,0.3859189101906114749418464,1.3727449102564677207993782,0.0000000000000000000000000
136 0.1424309510044978743792399,0.5774881109582710170258224,-2.0275712707290192149400809,1.1102757313873325983877294,-2.5756434813659216942482999,0.5305462375602436608801327,1.7485646466041104840627440,0.0000000000000000000000000
137 -0.2896789114523909414167235,0.6900253880883183699168626,-2.5982145318259197708243846,0.8998332623141983566128488,-2.1123729911602580067153667,0.7484674404866379360257156,1.7509606313003702737773892,0.0000000000000000000000000
138 0.1488381532964916653671850,0.5652581741164212081329765,-1.8518097044656913752191940,0.9761328188223211688168135,-2.3305713532217793293455088,0.5099000633321237874184817,1.3537502209332381575279669,0.0000000000000000000000000
139 0.1498114839796484965006584,0.2311818875044976406840647,-1.3261899280249331845027427,0.9750537489864351536894560,-2.6358113959273117288262256,0.6739384093777922579704409,1.0278955480045217640849842,0.0000000000000000000000000
140 -1.0050792577701306296233952,0.3047676917765953508165921,1.5596666221627126791560158,1.3101902274146024485190765,-0.4313642121282114105795813,-0.5741538379160472382878311,1.7391938162473121742834792,0.0000000000000000000000000
141 0.1481669565262552779039140,-0.3318328740186041181381427,-0.2714700623642802290724774,0.9402809172820336680587161,-1.8099297373266434174610140,0.8932184673278211750613309,-0.7956025062005874781689840,0.0000000000000000000000000
142 -0.7621666287927464367157881,0.9503340479540645091560691,2.3273433778484799994146215,1.2511487247920913823406863,-0.7520128903305129952627794,-0.3209366956958253358500599,1.1777729679205215518322802,0.0000000000000000000000000
143 -0.1977787744784348378246364,0.7418061836695433175492553,-2.3694143147583028863323307,0.8749007346264014994829950,-2.0898118033431645201858373,1.0043803682426830636842396,1.5389658418309448695282526,0.0000000000000000000000000
144 0.2672969231140149837244735,0.4926427632160538805372596,-1.4602647512370858784436223,1.0591320651373048455923254,-2.4233119581402884357146377,0.8135000561170747657158131,1.1225437943050202704853291,0.0000000000000000000000000
145 -0.2416903189958636843925888,0.7217688759620612959366781,-2.4082966032010095780435677,1.0629754292726394382384569,-2.1635095406907156601050701,1.2185627376169718694143285,1.7501317181871494099709707,0.0000000000000000000000000
146 0.3559326544486949295276190,0.6920033655276819350987694,-1.9989478049216131694265641,1.3891630082533503731667679,-2.7229170883339248732113447,0.5252996258634606840942638,1.9814570942954761179066736,0.0000000000000000000000000
147 -0.5378754526457322215904355,-0.4707964534597138817062500,0.0548357535129803883022781,1.1638141349855319894857075,-0.8862463743926671799755468,-0.8864147157452139103028799,-2.5380469888532526390179100,0.0000000000000000000000000
148 -0.8081163499502219682568693,-0.1772357191966344447386916,0.7972336686171209718665409,1.2605920996968371650126528,-0.4097263593255697777806290,-0.7659061532024790119876911,2.6275413437748680323124972,0.0000000000000000000000000
149 -1.0263705712930888402922847,0.6988539006972133149631077,2.0529233016046561921541524,1.0457360561872406368166821,-0.7491308336880583285122270,0.2336425416821810152612215,1.4968391644654153171956068,0.0000000000000000000000000
150 0.4325341420956683169407597,0.4567869410587268585999254,-1.4167586440111423762289178,1.0537329928155669822587015,-1.8620930402584272567168000,0.4191567541710365385476678,0.5949602841770513794728004,0.0000000000000000000000000
151 0.2923136137547649449075493,0.0513401810668963620720717,-0.8169490535989786250681277,1.0443483674736124822146621,-2.1006882205280463793428680,0.6694712642363604970796587,0.1146653122397525703668464,0.0000000000000000000000000
152 0.1842406835123114594576776,-0.4307025356176762964643956,-0.3341387123841987327743652,1.1842225051622163878306537,-2.0502136910512289702523958,0.8216902486922641468680695,-0.5108493959521862581851792,0.0000000000000000000000000
153 -0.5984821934567873258359327,-0.4950028357734491124553244,0.2515283897019652825655101,1.2589684678650134852517795,-0.8423814799483884119268851,-0.8090999279870186855490033,-2.7409803104956491637267391,0.0000000000000000000000000
154 0.5004738112062429022941501,0.1704064327355950536624363,-1.2289984274912253425782183,1.2534026476418351769837045,-2.2937646966272771109629502,0.5092787499256798966484894,0.7223940707457147114567420,0.0000000000000000000000000
155 -0.4799565871342780787323079,-0.1900095221162229619515927,0.1450341917707876071563788,1.0771257250797900972827392,-0.5860829269301325306074091,-0.9083660175308427842111314,-2.9073205525720555719715321,0.0000000000000000000000000
156 -0.1779946252164106013093914,-0.8054410647129253142395555,-0.1078081706622803503936581,2.0988428532085423583453121,-1.6279666041160547607091758,1.4726239821373598992693132,-0.2729182257494348617932189,0.0000000000000000000000000
157 -0.4162949456965492345261737,-0.4137949310735198893418385,0.1671587949127494032719454,1.3611990138470602129672216,-1.4151431660638453813305659,1.8577496214391424622647264,-0.5833275662938031125293037,0.0000000000000000000000000
158 -0.1800579846715565923709335,-0.3690210669475912919068605,-0.1454263661593756806755806,1.6914426742311035045673862,1.6864282484543049456249264,-1.4564935864251078445619214,2.8786594746187397220182902,0.0000000000000000000000000
159 -1.4678633984726998651382246,-0.3431157570553015623282533,0.0144926352064874905400949,0.9091943530726406264008688,1.2392144950210040033056202,2.0321247326201401506295952,0.9328708965521774754137141,0.0000000000000000000000000
160 0.3868322571601607862135097,0.2361383076349032328344890,-0.8513244997720456064271843,2.4323703029271293019064615,-2.3368872155867581597021854,1.2250763354267812932363313,1.3179500255436471523040609,0.0000000000000000000000000
161 -0.1784138258645709129712742,-0.2632434865986351679723043,-0.2068368821244069566400725,1.3395675591665014980691240,1.9609830270479937652794433,-1.5601263710503123771644596,2.6064087368087593965526594,0.0000000000000000000000000
162 -1.1798843646825245556897244,-0.7855410938920673880048184,0.4553948853500364157831370,2.3384992087850453579278565,-2.5474778453455590998544267,1.6907172922271844761610282,-0.2973929949427461250088811,0.0000000000000000000000000
163 -0.8849263886492779729309177,-0.4362199807688461050680928,0.4285418917503666103030469,1.5909820973970396629226798,-1.9226839928132777313152246,1.8167507538575451420115314,-0.5357826189809249406437175,0.0000000000000000000000000
164 0.1194919819838850816307030,0.2469212826372603475366674,-0.8768369049156581329640403,2.0498172326035581924941198,-2.1502430612166807399887603,0.8927073877315537808740942,0.9801848642158954572067842,0.0000000000000000000000000
165 -1.2217545527598663301915849,0.8903096090593101141763555,-2.3902329409880724853110223,1.3553286177239163290408897,-1.9040663208058392630306344,1.9798781568454009160973328,1.8892181570032531290337374,0.0000000000000000000000000
166 -0.5128218890798128537511502,-0.3660769650632518801280924,-0.0968578062589626337386406,1.2286428865446739067124327,-1.3803049704760168570061296,1.6101864717491833900453457,-0.7140839808790254705783695,0.0000000000000000000000000
167 -0.6641430245050000680251401,-0.3913613317848858019765146,-0.1692194452761477674318513,2.0644759796469505097604724,0.7036236747499297061736456,-1.5391741768229634246267779,-2.9569995560158139902284802,0.0000000000000000000000000
168 -0.6910331774817546346412200,-0.8101516305034943687957139,-0.1121979053998272274350612,2.1224544507347546939968197,-2.1730569928176315386281203,1.3522216226361791768795229,-0.1677818639425350810689963,0.0000000000000000000000000
169 -0.3875478883396707985298235,0.6341314639760047278116417,-1.2868567387739602292384689,1.9924277800216758649298754,-2.4542352733060379676999219,1.6421884476045094380936007,1.6117272694195077242795833,0.0000000000000000000000000
170 -0.2115236023219928818139834,1.0020251002098148340735406,-1.2699047548620032710431360,1.8375872156690522540856136,-2.1307395218110243284570515,1.3281922585550656190633845,1.6456996313999168179975641,0.0000000000000000000000000
171 -1.2239582566876714420089911,-0.4883051786192753596083094,0.7432191149228525306469351,1.7076648909129710229848342,-2.2098235159172592290133252,1.9109618890289972181761868,-0.7180746546512954964214259,0.0000000000000000000000000
172 -0.5312074051053857770554600,-0.3797338398223604194470227,-0.6606560626324068374870535,2.2272623257657766515649200,-2.7969419045316459282446431,1.5083131494062544941670012,0.6326132217291078330134724,0.0000000000000000000000000
173 0.2556351411322551614446752,0.6761875431937929281644983,-1.1656871074475723126795401,1.8750396008452971940982934,1.0695812409479368287890111,-0.3302021463978114246273776,-1.8893680467520022059346729,0.0000000000000000000000000
174 -0.2104972612210579407943101,-0.7128383673474307791195770,-0.5830970845375685884803829,2.4244156350475596362059605,-2.9085048502039780871086805,1.5127526810009739310913801,0.4332445292660577762511309,0.0000000000000000000000000
175 -1.4834430577577129017896596,-0.5610402505078075918731884,0.3195400274448931265958151,2.1688210535962459957204373,2.2555511112307065069160217,1.3690130885005991068226194,-0.1746800596516794590318256,0.0000000000000000000000000
176 0.3701816301099170036792430,-0.0164871187633087515345132,-0.8154182231518941614822893,1.8853312436417908326546922,1.3793786384975801340146973,-0.7669573366397326452670313,-2.8005936766691879036272894,0.0000000000000000000000000
177 0.1065674601638135765568904,0.0756095043736865618511089,-1.2605507489241278840097493,0.6951321574992785912172621,-0.1748307995260887093280644,1.6218019427497878393040764,-1.3147680125286644869930797,0.0000000000000000000000000
178 0.3266293034084656876636643,0.3663749751412369026759563,-1.0552981019558069775143849,2.2116727480183295817539602,-2.4863664608861872906686585,1.2575735560262448764490273,1.4121376519415576034077731,0.0000000000000000000000000
179 0.5538769342542861906508733,0.9264202406479923324056358,-1.0368813666205594081759500,1.9919387952980049938389584,-2.1476475068251774658278919,0.9827604071440924071723089,1.6332097575453143889490093,0.0000000000000000000000000
180 0.7320644153991342495402250,-0.3332376708417131294659441,-0.9096191894223902840721507,2.5227057650712083614052972,-1.8329180535922440231644259,0.7464477445986810177913640,0.4883560152500316942081326,0.0000000000000000000000000
181 -0.0394532931852321147592200,-0.3908245781954667874558140,-0.2929881274581858097150189,1.3450846194778223186006016,-0.9033430761226681759978874,1.7467938886353713279220301,-0.6602597742572894334855960,0.0000000000000000000000000
182 -1.3845593290747091330672447,-0.2056252490683956324346582,-0.1757796443368267735873900,1.1464921042686426755352613,1.2333362741289719544113268,1.9954443827422541080096607,0.5174702522615625133184381,0.0000000000000000000000000
183 1.0060649989923817759773783,0.5597406665313995333121966,-0.9735048038771934031387900,2.6179533034460740203996920,0.4580667066603356651910417,-0.6446240081827268042502510,-1.1861036630295891391995156,0.0000000000000000000000000
184 0.1506681316143659576933800,0.0643482277107684103034657,-1.0686346599825042869014169,0.9136084690450532175276521,-0.1376272413899305435691645,1.8406056882988686140834034,-1.1211727548270917775852240,0.0000000000000000000000000
185 -0.1348538760797503011090726,-0.3385153001503617975487259,-0.0464847898154130689807317,1.5100877130787624391672352,-1.1556460706593729703683948,1.6920067647607097693907008,-0.3826683350511321801690201,0.0000000000000000000000000
186 -0.0009614545057905488079086,0.2548756306198778354143997,1.8258599645746675932400649,0.7722702488052984870492423,2.2703367620153995787291024,0.0123856185624520165333706,0.4761535592745778089351916,0.0000000000000000000000000
187 1.1550298558409850535610985,-0.7170074980361420546870477,1.2067175985538947102782004,1.9600829943893860463077772,-0.1951735961819873743650078,-0.3581614848670529038798804,-1.6877323957098333551130054,0.0000000000000000000000000
188 0.3674261887428036388314467,0.9864268108463969397803339,-1.4622390475085051964043714,0.4454360070039685148834963,2.9786719342775977992232583,-0.3702434316581708628746128,1.9303760692120421893491766,0.0000000000000000000000000
189 -0.9503572200449119655729646,-1.1936988228683818036302000,-1.0864923819790115455674595,0.0654798755363932977191510,-0.2286954716964140210677670,-0.6853225917732601590870445,2.0893830573392957461464903,0.0000000000000000000000000
190 -0.3336056355311123322593403,-2.0292371918373910411048655,1.0643095882543667229924722,2.4080617170436595664284596,-0.0062410186125156918990342,-0.2696078274930646667684186,-0.9965839943408894008314292,0.0000000000000000000000000
191 -1.4186309383518502791332594,0.3970445579402359648213405,2.4400646788653750363096151,0.6894745278467769855623715,-1.2144516161351706085014257,-0.7209759337411082436020138,-1.0222347059199745622493083,0.0000000000000000000000000
192 1.5091010263962285620209514,0.9732943719924866954329445,-2.0950678420482184982631679,2.5460594827868319178776346,1.9118227133149385821297983,0.4223441189332077794205134,1.0694929221954634357416580,0.0000000000000000000000000
193 -0.2275761773191675718663873,-0.0772946516854196019608025,2.4494429841770823941260460,0.1670091169890989823976213,-2.7924743386262442790268778,-0.8994217481056988594545487,2.8664413338505854156323949,0.0000000000000000000000000
194 -0.4163155760656620518744830,-0.2759425525157443992441131,0.6416644017210173522869354,0.0129991307198065869643600,2.2114460523447236894867274,0.8149763525510218542535767,-1.1478571590636192922829650,0.0000000000000000000000000
195 1.4016470939368077530673418,-1.0890322610624283417024571,-2.5458735102240974690346320,1.5307169194168952497392411,1.1448654670444620151670279,0.6473127343709736969401547,-0.6371142455116447500529375,0.0000000000000000000000000
196 0.8922515337236545107657548,0.2645169198305890034816912,0.1948241545316600209503122,1.4275563428763096140983180,2.0166806559346994731640734,0.6400524351286431823382372,-2.4493625199312170082066586,0.0000000000000000000000000
197 0.7258408799017348478344047,0.9195419946352680895529375,-1.1660123957691115315071784,0.6061860163920492761135961,0.7805208216577401714175721,0.9932729731582949916912639,3.0134546886256226017053450,0.0000000000000000000000000
198 -0.1514545086274352581057201,-0.3461030931422033329880605,-0.5100240313673034542318874,0.4344715914653946575718635,2.5500176195227624020844814,1.1937535760813551277692568,-0.5509204559716960325488344,0.0000000000000000000000000
199 1.4319579188212383513700843,-2.0931615334619588786324584,-1.2161122877635397454554322,1.0101092781276017618097285,-2.2503657542995019191778283,0.0092756905279927082119684,-1.1288245841981028316780566,0.0000000000000000000000000
200 0.7050925484789258845808035,-0.5581004137932790154508211,2.2917735805919905445193763,0.6380837702732922167569996,0.4080049787727206833665150,-0.3004704361337782181351486,1.8300640161135532935077208,0.0000000000000000000000000
201 1.6883889319795932770773561,-0.9834665103901485405657468,0.4635007272260556199228176,2.1129524855236301306149471,-0.2099927927288196549682198,0.7031580428022254913855704,0.0377213724910849812488323,0.0000000000000000000000000
202 0.3154371085756704218283630,-1.3788744570174600312384428,2.5531202192144641927029625,0.8749065180443721390091127,-0.4543812647440383933883368,-0.6500546186594579056716725,0.5064928454717119166161865,0.0000000000000000000000000
203 -1.1762504234851469675504632,0.2727328502171362245576347,1.6160448236062920912559093,-0.0311509216135139252457087,1.4640558403847068191794278,0.1361130199769440274337740,3.0585743036119144022677574,0.0000000000000000000000000
204 -1.3697009164251463531059017,-0.7725057640399342062664800,0.9937536174677088496309807,2.0532295533023914302361845,-1.5751273622848687150366231,-0.0855761690922181017526782,-1.1101314832852835490228927,0.0000000000000000000000000
205 -0.1745347163808879109581085,-0.2766793421635771466071674,1.3928289398059803261276102,2.1754388457226747632944353,-2.4658198601318614961996900,0.4398762455616007649439325,-2.5798927717604174247867377,0.0000000000000000000000000
206 0.7018530767179358420548851,-0.5506336877325703760277520,-2.0432401087283915686043656,1.4861079812553281698228602,1.0659284043828618493421345,1.1928916742705464315577046,-0.2617782694654438024883802,0.0000000000000000000000000
207 -1.0402779089105802512449372,-1.3863059647769226945257515,1.9117789344139417551104998,1.8498878664075804056921015,-1.2443050909728301522960692,-0.7637168734157044891475152,-1.1005178398543586926194848,0.0000000000000000000000000
208 0.5530587328753364673161741,0.0903258290716100198380900,2.6204542708718863153194434,1.5898381003103392306030628,-2.3276102618652445563895981,-0.7289780958016398582088868,0.8226598924322332528902280,0.0000000000000000000000000
209 -0.3198043997886828027077399,-1.5328752105384482185002071,0.3525339887982248399111995,1.2532807153515892473194526,2.9649435790274027979762650,0.6789577518410538914395147,0.1347168261239852782296111,0.0000000000000000000000000
210 0.5517594810376986735889204,-1.2389118501497020652379888,-0.5574126357182125346412249,2.0657826230580838000605581,-1.0994382232858046499757165,-0.8754666752697150000628312,2.0072247455735805488075130,0.0000000000000000000000000
211 0.3642890277509422958246432,-0.5863477997162134247588483,-1.6130924451979675726676078,0.2603704506058107659427492,-2.0129702907288309354782996,0.5900579917088526471502519,1.9687711091431658871897525,0.0000000000000000000000000
212 -0.3263263424554181391101793,0.9978281494978946675189491,-1.4960918385800019425602159,0.0582795465440859583594602,-2.4207404148577436053813017,-0.1482183040650859595643851,-2.8293043950601970415448250,0.0000000000000000000000000
213 1.6524911898011822586340713,-1.8643790401478197438223106,-2.0358543158044399845607586,2.3447376071618579729261000,0.5525543917769355495295258,0.0565353337381602205624631,-2.7447666261204366477954864,0.0000000000000000000000000
214 1.4995453555543236667801921,0.3686799606204407275811263,0.8760890249415616004569074,0.0490427185758215838928820,2.5521578760320124956706422,0.7524512086657169085412988,0.4154538507743059660981544,0.0000000000000000000000000
215 1.6073787635487599700923056,-1.1654853568144538655815268,1.7281036227867474508457235,0.8412684185482879328787931,0.1428845166069847572032359,-1.4838963183184490368660136,0.1788026949343279881077251,0.0000000000000000000000000
216 -0.0672416741313888177700164,-0.7520911341594023191703400,-2.5314921683451911960105463,0.3832203573776503668923965,-2.6862641837826299884284253,1.9375741561874413321220345,0.7382198982812560039690197,0.0000000000000000000000000
217 0.5249965610394995429999199,-1.7653007537072060717520117,0.1343159163532168243193610,0.1284813879069319764170132,-0.9844601484450792305835876,-1.3855287821445394502717363,0.9133992979975413817328445,0.0000000000000000000000000
218 -0.3914694350225826902089921,-1.2371123539507911104351479,2.3076885406506413289662305,0.0767793795181342247913037,0.8783309939742696137443545,-0.1127754228416690818193047,0.4952993699946901529074239,0.0000000000000000000000000
219 0.7672777477550325464505931,-0.2623259739406993418242564,-1.4891164366995426338036168,0.5722549837949940654269199,2.3240893353126432785416000,-1.2123084422684240468726102,-2.7573167381874830184074199,0.0000000000000000000000000
220 -0.0894486404446495075859502,0.3150629028072873261123732,0.0462955580044241976622743,2.3007062174392425291102882,-1.7395562986221893009286532,0.9799983927280164763828907,-2.3588212593057291677212106,0.0000000000000000000000000
221 -0.9940166263991374595576644,0.0658325439117999344773580,-2.7853556379392019337615238,1.7198589400192063614269955,-1.9417887573609078355474367,-1.0751951999436704099366580,2.2010770359943050422657507,0.0000000000000000000000000
222 0.4876813431475661708702773,0.5477912454310764900355935,-2.2194690041648397205165111,1.7811496519163014795594790,-1.3341281427848752372256058,0.1288019183352542285092568,-0.1790651057157970349464904,0.0000000000000000000000000
223 -1.1661325259885759741962374,0.1634081947311800675493032,-0.0467998151298494313721221,1.9015747388282671082038178,2.4275606849931934405617540,-0.2952263585025902692393629,2.1340627199630546328990022,0.0000000000000000000000000
224 1.4514518216708625075739292,-1.2377546778194392640415344,-0.0131387327307805890086456,0.8814101961829745590648599,-0.6393923468098008378035502,2.0938964702086222402499516,0.1542071419820221223062617,0.0000000000000000000000000
225 -0.1785956791002452082040008,-0.4506770379104076962306635,-2.1820579205928591903784763,1.6095019231492193600985274,3.0058512942822890323668616,2.0686633080531424688786046,1.8613618314128190789347173,0.0000000000000000000000000
226 -0.1260366257127827349648896,-1.8711274312539618591699764,0.9548145135477783540522978,1.6797784330517884221478653,1.2018712428849518403239927,-0.8082580174179174736792675,-2.7441336426218665422993581,0.0000000000000000000000000
227 0.7015390079978698345541943,0.8835269245014187866615885,1.8073020769799850171466460,0.6080140109779377244336729,-2.1842211495727399395150314,-1.0591510260853826963511892,-0.3706259505169584578254671,0.0000000000000000000000000
228 1.2129225575660878000405773,-1.0532543251105834780645409,-0.9245580876284829052735859,1.5546933352652438919960787,1.3824795136765946068635458,-0.2360710576180520270384022,-2.2088050020280318719301249,0.0000000000000000000000000
229 -1.4153670160967837254872848,0.7752380803200593639701310,2.8962421919776479839470085,1.1191843978917150881358111,-1.5405633847245776557599584,-0.2612259060207489103078160,1.6956421453601882021189340,0.0000000000000000000000000
230 1.6380564282546159482478743,0.4225889634115573834094448,-1.1269903739657136654273017,1.5883319727137366061953117,0.8059465201725002359012251,0.4360148365718590213191419,-0.7975894565612957620714951,0.0000000000000000000000000
231 -1.4385157590859343201827869,-0.2363517442659248679603934,2.6511010943592223654263762,2.4541932431516206847277317,-2.4264757352543417923129709,0.7469972095610910578500352,0.3395717744932373882704724,0.0000000000000000000000000
232 -0.4423191947501698972899931,-1.6017909264782399514359668,2.5624869562426804137089675,0.2675190839867661596329640,-1.8132840134120939978856768,-1.0001791626662317469254049,2.3756994783779141755530873,0.0000000000000000000000000
233 1.6999951257256475933843376,0.0242641653564126258402212,-1.1669240402234071218856570,1.9178628593663975543393008,0.0208153508500266148928404,0.9310661612816053533947525,1.2723836685025053938602468,0.0000000000000000000000000
234 0.3347613080705991173147140,-0.0062166980343012490095589,2.5472972538882991955233592,0.8168935178699405774693787,2.9015895471119268478332742,0.5236834802772496466616303,-0.4657610991963938573690029,0.0000000000000000000000000
235 -0.8366629947052700577714290,0.2834323557533475756997632,-2.6514123087760852470751161,0.4972017894644297775208486,-2.5442543911474082563017873,-1.2847960614171456406040761,0.7112925619111827302276652,0.0000000000000000000000000
236 1.3371506462553170990759099,0.4876259216566691812033696,0.2655726759410566018004829,0.5278902126652608162160618,-0.5806040129268561500452961,0.2606162941198399973785627,2.9380871151346186209707412,0.0000000000000000000000000
237 1.1043571228887008039976081,-1.4834238803053385602481740,1.6692684678748150872706901,1.1521898442349347568836038,-2.0484016634250998833977064,-0.6373797621833736659624492,1.2879807187630705200831471,0.0000000000000000000000000
238 0.8042773089443313594415486,-1.1663047791064271585526058,-0.1767531417706846852411218,0.3985831339268866568836813,2.0700576538187718256267544,-0.7010285420321190619219465,1.9148134253070754340342319,0.0000000000000000000000000
239 -0.4705298144295171347550877,0.5890988369202703189841941,-0.0035339769186228942032812,2.0213033078216495752599258,-2.3006831676530108410361208,-0.8298094587503965779973214,-1.7428929630014546869887226,0.0000000000000000000000000
240 -0.3427745819036023267045721,0.2719946609991579222764813,2.3222236522383141732461809,0.0580963346139044961580211,2.7542370488584211329907703,1.2644071379952044331673733,-0.4166922459647488530265491,0.0000000000000000000000000
241 1.2476047038428434987622495,-0.1820654822108638271060954,0.5573648550380814192806156,0.1514624849546060136873393,-2.3986214471643894086128057,-1.0135067742551009395413075,1.6334988599077329141096016,0.0000000000000000000000000
242 -0.6243463560006721202455537,-1.3296015682595787588127223,-1.8657037412589894120884537,0.1171341999727926047603077,2.1887648169397211361797417,-0.3156854671875426454619173,-2.9245128178529036233612715,0.0000000000000000000000000
243 -0.9193692030053401964551085,-1.0984040727836097417480232,1.6384876462888788850591482,1.9721632996416478267320826,0.4140819183555812799113482,-1.4211603792041731519901759,-1.5881094981818970612863495,0.0000000000000000000000000
244 1.1892309590908669569842004,-1.0453615764418435762905801,2.3255079553344888410038038,0.1559535949239291285906006,-0.6143914672170724955435617,0.9244821948990296078818574,0.0823820812783124800660062,0.0000000000000000000000000
245 1.6890129853567721340823482,-0.7222060949975650512300263,-0.9635653212573362935700061,0.6811064147479395369799704,0.5308824987355071911565574,1.7580441118926528609733850,-1.3219454041025346935356310,0.0000000000000000000000000
246 1.1268864369848383688577087,-0.6601519895881189370356878,2.2863529679593916910107509,0.8657159502560811681348696,0.1833931358002089950787195,-0.4473766775730032563274108,-2.5859450283371590018077768,0.0000000000000000000000000
247 1.3896862000364680334030254,-1.3034862660786536991963658,0.7005795675123041021947756,0.2894324113500455486480689,-1.5534914567472839497241921,1.5153997326082708774208641,0.0039382485528189903334351,0.0000000000000000000000000
248 -1.4860736927569764276313435,0.2172928396474071988109245,-2.8328026611261942768749122,0.2543210627158735692709968,-2.6735268666122702363452390,1.9052808684279001205652548,0.1315092603622516342909421,0.0000000000000000000000000
249 0.2784951759393994308311449,0.4340856557735643939111014,1.9040652501992374467931768,1.2522294171984442723299935,-0.8442866273099962626247361,-1.1061646064262429245417252,2.0312386809784168661963122,0.0000000000000000000000000
250 -0.9446800001094682874835939,-1.0783038345469642127483212,0.2246223489943721673967048,1.3981805347335432010424938,1.6974635597646532403359743,0.8822145269569294789846481,1.0469468051669874597564558,0.0000000000000000000000000
251 0.7383584139911185673099681,0.3319410152570072547462132,-1.0926899127940639111500332,2.5938057730606782769200436,0.5449051982638914992662649,0.0074185726319448974663828,1.8269871472110912336006550,0.0000000000000000000000000
252 1.3652672389827862353683940,0.0076390270696204964906428,1.9949282944841222331433528,1.2719787508649649243608337,1.6667784436837669304054543,-0.2036541846471571215460017,1.8654045511309078619888169,0.0000000000000000000000000
253 0.2817236728707626092216287,0.2535117725667133115052820,0.7465462429432618840507985,1.5598328630020061869032588,-2.4331467734846041750529366,-0.4487276742829195974593404,2.3343899264044081220959015,0.0000000000000000000000000
254 -0.1912641159083872111068558,0.9507192787759564112093358,-0.8205964013852962146700065,1.6827286969948227479676461,-1.3363968597545272665172433,-0.7231979998687176891536410,-2.1879782028100351887189845,0.0000000000000000000000000
255 1.2820524594550306574092247,0.1860544325155464306931208,0.9654943403517313171846581,0.0396983759113113954253294,-2.7365806171091184850752143,1.1083556318730836132147033,1.6475281432804314007967150,0.0000000000000000000000000
256 1.0723240548378409897622987,-2.0924195887555456785378283,-1.8015802594681697978984403,1.2754794059682073026351645,1.9866900399903260066025723,-0.7833849944254585029312921,-2.3199128533019282016880425,0.0000000000000000000000000
257 -0.5120083058099365036497375,-2.0795655230649585654134626,2.1003537056535614979679849,1.4731244166377577275994781,2.3528856430379141428943512,-0.8184273355317603915182190,-0.5243400890516767276494647,0.0000000000000000000000000
258 -0.1399364019543509751741794,-0.7277792056262395448129610,-2.9549410078277853486383719,0.0925932894174909398854467,-1.4505822950087405853736300,0.4373346238263189356132443,-0.4755854370410483866749018,0.0000000000000000000000000
259 -0.9142617185682844205274478,-0.3875078097425901368922041,0.2605551242642794029791276,1.0463668803481227520535413,0.2205002663850321731331405,-0.6728810126655926371341820,2.4436782407093229352312846,0.0000000000000000000000000
260 -0.4754875498916366627355501,-0.9537908876746847841587851,1.4086154256427318998134979,0.6710134758991250780724158,-3.0188949126302708769742367,-0.9321205522931658160601387,-3.0000689496822046109514304,0.0000000000000000000000000
261 1.1589396163119380922523760,0.2660610219934311793110737,0.9592776494782579987941062,2.4273715199871785941354574,-2.1987733713750605701875429,-0.9748043019376192441782791,-1.4737396440639811689976568,0.0000000000000000000000000
262 1.4404662343338370256162762,-2.0385943341001842021853463,-0.3881757934362739526079622,1.1345295860062023507452977,2.5378968419092222674748882,0.1035938664120352736830455,2.2326213166935469089935395,0.0000000000000000000000000
263 -1.1928350772921691991257376,0.5892211438828249825405692,-2.1806400336032840669986399,1.3461188896298961203967792,1.9357875049229660291416621,-0.1837115064396972474725089,-1.4477966479727983895031684,0.0000000000000000000000000
264 -1.0985537835392933381228886,-0.7058861760389458783748751,-1.7192158388638085764199559,0.2713802839877923478439925,0.1660963226869216491365933,1.3235993106806280827925093,2.3929726283969232625281620,0.0000000000000000000000000
265 0.4520412345003386178632354,0.5365598556453177181424508,-2.8313915097391046948871463,2.6094924056564887671072483,-0.5712995081936473873440718,-1.3490601016856624827511268,2.4294219500312692616716959,0.0000000000000000000000000
266 1.1120584849320529485794395,-1.3810197377689272801859488,0.7903523800109488739451535,0.3098604993242120575480669,2.6448933601779369695350397,-0.1369225939034537375960099,2.0827093439771378058367191,0.0000000000000000000000000
267 0.7142867076405181592235749,0.7323517424731296188156193,-1.1976980095853617669376945,0.1201380491937221878240294,1.7156834871082953242193980,1.0752895500081502966338576,-2.2878959260829239141799007,0.0000000000000000000000000
268 -1.0749452340166980590652201,-2.0237189039032528192763039,1.2935457950847482067047167,1.7082751288107944631633472,-1.7700696592699129983117246,1.6233130701690838826323215,-0.6216138162289812640892706,0.0000000000000000000000000
269 -1.1131966611366546082706463,-1.7015548178621355823736394,2.7886865811003902493325768,1.2883800302512848912073196,-2.4968034200807118772047488,0.0141584207560865316111176,1.2726493355946839614034616,0.0000000000000000000000000
270 -0.8981539682567301063897958,-1.8382457547547506049312460,1.1084547240991691197109503,0.9786575178525678264662702,-3.0431717431322540257099263,0.1972152205516879419633369,-1.7210474855229480617424542,0.0000000000000000000000000
271 0.8990040080354435581000416,-1.8239862380470084346484327,1.3182451526881555636805388,1.6006667046075064853027925,-1.0151469482351780371232053,1.1764477418967729249743570,-2.7883219812341604182392985,0.0000000000000000000000000
272 -1.0598883414710527084423575,-0.8857483666719627724006614,1.6737773251204757229970710,2.2354201578523125171216179,2.7393253822039467237914323,1.3947647090292050187088080,-1.4659200341081806140408617,0.0000000000000000000000000
273 1.6517272053652454211203349,-1.1387869559329870661201767,-1.3967917410754877582945710,0.6498925524334852044106015,2.7887090292310849903856251,0.1625566646175278240349371,-1.3934009889217100486291656,0.0000000000000000000000000
274 0.0531218846482659490249034,0.5191470568311156164043041,-0.5534928308030835353292787,1.4928177597703493617586901,2.7060649175015578649095005,0.0346147562911527373330500,0.1354170668257483889362902,0.0000000000000000000000000
275 0.4877598199148529545254860,-1.4083863419244933012919319,0.7625911989921099198852517,1.9528206542687585045570131,1.3408608144586260380037857,-1.4541622332111907578422461,2.3965431146880344925875761,0.0000000000000000000000000
276 -1.0876854707751997253240006,-1.7548308550155864438124809,0.7034362622500180961537808,2.5842442839808033028248246,-0.8766973259671115847879719,-1.2407115894988496318518401,1.7778060666410286927430207,0.0000000000000000000000000
277 0.4106144222851613179159358,-1.3169635242130435237584152,1.2011103858392671028809673,0.8178960039857289254783268,-1.2884054237284725541456964,-1.3125932779572937469936278,-2.2246507170515372742158888,0.0000000000000000000000000
278 1.0273710496737438191416913,-2.0729600918767787653962387,0.6229529293053044369798954,1.3892866247143997870949761,1.5324846459382603924836985,0.0755731595893758267834528,-0.8559129471047377535342093,0.0000000000000000000000000
279 1.6523181012860415073362219,-1.4005226332207780792771246,-3.0291202520434650224956386,2.4875445084113367855138677,-1.8423873858244099732672794,-0.8207012638286240724383447,2.9727907266029118815708898,0.0000000000000000000000000
280 0.1580121967500884849755494,0.4732166182222856676276024,1.3496194752880210643297687,2.4695459240859123362099581,1.9407591876954581877612327,-1.4374142748691070003985715,1.2173122779719118824459656,0.0000000000000000000000000
281 0.9717616814588558860066314,-0.8554505033988737405792335,-1.8141687790931388946091829,2.2439685347033515583348162,1.8233904651395933527169291,0.6578812119999271068593316,2.2245324129758090592190456,0.0000000000000000000000000
282 1.5653410645823302438373048,0.1214094416631432693520765,-0.0449692473332685693776511,1.9996549002778036818739338,1.5315843600698677562377270,2.0061477362279673819500658,-2.4247585512817644293193098,0.0000000000000000000000000
283 1.5563803499519801576411737,-0.6808972482084747479547104,1.2927182062846105381481721,0.9689991091298864045455730,-2.0820756824366171144902182,1.1685192961331516414702492,1.1248717021894973910889348,0.0000000000000000000000000
284 0.9484861106443562839274364,-0.6735091315854846438782033,0.5393590792040501291637611,1.3722230824298331519628391,-1.4736711903161701098241565,-1.1327313516169081886175718,3.0293134687767890866894049,0.0000000000000000000000000
285 1.5997556342115011318583129,-0.0339166899122842480096551,-2.0880251239648792704883817,0.8861988248937756607048755,0.3752663556673874190039442,-0.0716683787095520052901065,-2.4435322109854467065304107,0.0000000000000000000000000
286 0.5428619576538049606995173,-1.0444962762107588005733305,-0.4033626456750760702618663,1.7048265345798925274323210,-0.0835453619559038962449904,2.0545256312244122298693583,2.8627108609973035413531761,0.0000000000000000000000000
287 1.0253568855481209887159366,-1.9025854682734166800628373,-2.3063462357680095671241816,1.6729942133533739490047765,2.8107574036408955464594328,-1.4134443055252119414433309,0.7760552858053966218676578,0.0000000000000000000000000
288 1.5485039976179564291669521,-0.3494418919153705616054140,2.1230520403444508303891780,0.0161358156717083395248480,0.7398789871637143633620326,-1.3844192935119019605139101,1.4529380833906770931207575,0.0000000000000000000000000
289 -1.3766061698742180219312559,-1.0938042181771265859424602,2.8887629084360906261963464,2.2422461763286247737880785,2.7413720489816606473709726,0.0112283395978700628603519,-1.4042651126437193376261803,0.0000000000000000000000000
290 -1.1660026870186361858117152,-0.9826278971804434103631820,2.9852019222524539543428546,0.5068283074241262120551710,1.3835734944783952826696805,-0.2165817834440280087449082,0.1105850082829529235084465,0.0000000000000000000000000
291 -1.0371293863947343982800930,0.3656751742449939612811249,2.0284450535155782446850026,1.8603456724092106711054839,-1.9864784111322271176192089,-0.2275903079100116688238131,-2.8617001625498295069860433,0.0000000000000000000000000
292 -0.6638981253095705969968776,0.8401266112509775396688383,-0.4820224678459137379604726,0.5561438881131558487069810,-0.6825937953636023181047676,-0.3996660792340689383195240,2.3328114418954637443448519,0.0000000000000000000000000
293 1.5628699592650625582734847,-0.5275980407495972634990267,-0.7310732925755805133860576,2.5380981051922302249579388,0.9788203009133322751722517,0.1003444788029974610310546,2.8327484322254301574162128,0.0000000000000000000000000
294 -0.8259527591081254893623509,-0.0648803217131082021751354,-1.6744766843194121008764341,0.5346290567613340982688896,2.1797255063786762363520211,0.2990918442751668848700319,-0.4180325269294122847441031,0.0000000000000000000000000
295 0.3235460163608756545272627,-1.2362079014513676078479421,0.8372704536041144507407807,0.5604135145034703224808936,-1.3163829559140760583346719,-0.7928747474666950623145567,0.6128153786462808838564342,0.0000000000000000000000000
296 0.4261917309504239526063429,-1.5524140783638755713980117,1.4851785469192950728256619,2.4359500507479299180602084,-1.9525708892874285016461045,0.3173487596512318820174414,-2.0856177735843779430524592,0.0000000000000000000000000
297 -1.3568865991704608386925202,0.1270857471647142133974739,-0.8450103150779710858842009,1.2177624647336835472799521,-1.6011714550006070911791767,1.5754629508196349441107031,2.7810112303663103716644400,0.0000000000000000000000000
298 1.2024239040056436955694608,-0.5616356372538187091691952,-1.3887345183786150570881546,1.1014448482112235705443481,-0.0101724682278803157942093,0.4624686727515934236976136,1.1543849253204578886311538,0.0000000000000000000000000
299 1.6008490362808514007042504,-1.9515693405906524571236105,-0.8145257064023492254989378,0.8913091342362151614509003,1.5515576098824652717667050,1.5271781449185661827527838,0.1053942695289822317761264,0.0000000000000000000000000
300 0.9136293465079705633513640,-1.1049640811532566164743230,-1.5324676646010610969739218,2.4936862042135028438849531,2.3757336340289256781943550,1.9910808767058085777534870,-3.0220044272583930222708659,0.0000000000000000000000000
301 -1.4791191991697814067663330,-1.8787387607236105679930915,0.6419104389438978763848809,1.8191425196421995291728990,0.7161995572024952849687907,-1.5702225253876642696582167,0.8044646395479628786517878,0.0000000000000000000000000
302 -0.2126326496129247178856758,-0.7274398061476832211269539,1.8458531726503242254011639,0.8011215893789759290299912,0.7304742775165822266103532,-0.7835766182293096848709979,-1.5784083474545780312325860,0.0000000000000000000000000
303 -0.4154960550297819299458979,-0.1255499280125600414237397,2.9267341790961944880677947,0.8468957411539254076515704,2.8909649887159307724004975,-0.1621647393580107898714004,-2.5801853781999954939863073,0.0000000000000000000000000
304 0.7592180404876267552083391,0.3710524803996331222322169,-2.2738282118483228444461020,0.2657110768797392719164918,1.9217791838724069819477336,1.7116723357089962398447369,0.7333749295838059012453414,0.0000000000000000000000000
305 0.8725591013567246534421429,-0.5283171669595485564485671,0.5878386264478803191479983,2.4134534848255353445267701,-0.2184881284662933964568765,-0.5350781212419697396853735,2.2799398188753698946129589,0.0000000000000000000000000
3903
1 0
2 1
2 0
4 3
5 3
6 3
8 6
8 2
8 0
9 7
10 7
11 6
11 8
12 8
12 11
12 0
12 6
12 2
12 1
13 6
13 11
13 5
13 12
13 8
14 8
14 10
14 12
14 11
14 6
15 8
15 14
15 12
15 11
15 6
16 6
16 11
16 13
16 8
16 12
17 14
17 15
17 8
17 12
17 10
17 11
18 0
18 12
18 2
18 1
19 2
19 6
19 11
19 16
19 13
19 1
19 0
19 12
19 8
20 19
20 8
20 15
20 6
20 2
20 12
21 3
21 4
21 20
21 5
21 8
21 16
21 15
21 11
22 10
22 15
22 14
22 17
22 8
23 5
23 16
23 6
23 13
23 21
24 1
24 2
24 11
24 0
24 6
24 13
24 12
24 19
24 16
24 18
25 15
25 14
25 22
25 8
25 17
25 12
26 5
27 9
27 19
28 18
28 12
28 0
28 11
28 24
28 6
28 16
28 1
28 2
28 13
29 28
29 12
29 18
29 0
29 11
29 24
29 6
29 1
29 16
30 11
30 12
30 16
30 6
30 8
30 20
30 13
30 15
30 0
30 25
30 19
31 7
31 26
31 5
31 10
31 16
31 23
31 13
31 6
31 30
32 9
32 27
32 13
32 26
33 32
33 9
33 27
33 26
34 3
34 4
34 21
34 15
34 9
34 16
35 33
35 32
35 9
35 27
35 34
35 26
36 25
36 10
36 7
36 22
36 30
36 15
36 8
36 31
36 16
36 14
37 24
37 1
37 28
37 0
37 12
37 29
37 2
37 11
37 6
37 18
37 13
37 16
38 36
38 25
38 30
38 10
38 15
38 8
38 7
38 20
38 22
38 14
38 12
38 16
39 27
39 9
39 35
39 33
39 32
39 19
40 16
40 23
40 5
40 6
40 11
40 26
40 13
40 30
40 31
40 19
40 8
41 31
42 40
42 16
42 6
42 23
42 19
42 5
42 13
42 30
42 11
42 20
42 26
42 2
43 36
43 38
43 10
43 7
43 42
43 25
43 30
43 31
43 40
43 22
43 16
44 33
44 35
44 32
44 9
44 39
44 27
44 26
45 37
45 24
45 1
45 12
45 11
45 28
45 2
45 29
45 0
45 6
45 13
45 16
46 43
46 10
46 7
46 36
46 38
46 25
46 30
46 42
46 31
46 16
46 40
46 15
47 12
47 15
47 8
47 30
47 29
47 28
47 38
47 25
47 18
47 0
47 14
47 11
48 44
48 33
48 35
48 32
48 9
48 27
48 39
49 26
49 13
49 41
49 5
49 31
49 16
49 6
49 42
49 40
49 23
50 41
50 31
50 49
50 46
51 31
51 7
51 46
51 10
51 41
51 49
51 50
51 43
51 40
51 42
52 37
52 45
52 24
52 28
52 1
52 29
52 12
52 0
52 11
52 2
52 18
52 6
52 47
53 42
53 16
53 6
53 30
53 40
53 11
53 13
53 19
53 20
53 23
53 5
53 2
53 43
54 9
54 34
54 27
54 39
54 35
54 48
54 44
54 33
55 40
55 42
55 53
55 16
55 23
55 20
55 43
55 30
55 5
55 36
55 31
55 6
55 8
56 53
56 42
56 6
56 16
56 30
56 40
56 13
56 11
56 55
56 19
56 43
56 2
56 20
57 47
57 12
57 15
57 8
57 29
57 30
57 28
57 25
57 38
57 14
57 18
57 17
57 0
58 33
58 48
58 32
58 44
58 35
58 9
58 27
58 39
58 54
59 58
59 33
59 48
59 44
59 35
59 32
59 9
59 27
59 39
59 54
60 33
60 58
60 59
60 32
60 48
60 44
60 35
60 9
60 39
60 27
60 54
61 49
61 31
61 26
61 51
61 42
61 40
61 41
61 16
61 5
61 13
61 56
61 53
61 50
62 34
62 4
62 3
62 21
62 8
62 54
62 15
62 12
62 57
62 14
63 28
63 12
63 29
63 47
63 57
63 18
63 30
63 0
63 52
63 8
63 37
63 11
63 45
64 49
64 61
64 26
64 13
64 16
64 5
64 6
64 42
64 41
64 56
64 31
64 51
64 40
65 0
65 11
65 30
65 6
65 18
65 53
65 56
65 63
65 28
65 12
65 16
65 13
65 2
66 50
66 41
66 31
66 61
66 49
66 64
66 51
66 26
66 42
67 50
67 41
67 31
67 66
67 61
67 51
67 49
67 64
67 26
67 7
67 40
68 44
68 33
68 60
68 59
68 48
68 58
68 32
68 35
68 9
68 39
68 27
68 54
69 61
69 64
69 31
69 49
69 42
69 40
69 26
69 51
69 67
69 16
69 56
69 5
69 55
70 69
70 40
70 61
70 42
70 55
70 31
70 53
70 56
70 64
70 16
70 5
70 23
70 26
71 54
71 34
71 62
71 9
71 39
71 27
71 35
71 4
71 3
71 21
71 48
71 30
72 55
72 40
72 70
72 42
72 53
72 56
72 69
72 16
72 61
72 43
72 23
72 20
72 30
72 5
73 38
73 30
73 36
73 43
73 53
73 72
73 56
73 55
73 20
73 46
73 25
73 42
73 8
73 40
74 41
74 66
74 49
74 50
74 64
74 61
74 67
74 26
74 69
74 31
74 70
74 5
74 51
75 65
75 30
75 63
75 0
75 12
75 11
75 53
75 18
75 28
75 47
75 6
75 56
75 73
75 57
76 37
76 45
76 52
76 24
76 1
76 0
76 28
76 65
76 29
76 63
76 75
76 2
76 11
76 12
77 63
77 75
77 30
77 12
77 47
77 57
77 65
77 28
77 8
77 73
77 29
77 53
77 11
77 38
78 75
78 77
78 65
78 63
78 30
78 12
78 0
78 28
78 47
78 18
78 11
78 53
78 57
78 29
79 46
79 43
79 36
79 38
79 10
79 7
79 73
79 25
79 30
79 51
79 72
79 56
79 53
79 42
80 53
80 42
80 56
80 30
80 72
80 16
80 73
80 6
80 20
80 55
80 11
80 40
80 19
80 70
81 6
81 2
81 13
81 11
81 56
81 53
81 19
81 16
81 80
81 65
81 42
81 24
81 0
81 75
82 79
82 46
82 43
82 10
82 36
82 38
82 7
82 25
82 73
82 30
82 51
82 80
82 15
82 72
83 74
83 61
83 49
83 41
83 67
83 66
83 26
83 50
83 31
83 69
83 64
83 5
83 70
83 51
84 62
84 34
84 3
84 4
84 21
84 71
84 15
84 8
84 25
84 54
84 14
84 80
84 23
85 71
85 54
85 34
85 62
85 84
85 9
85 27
85 39
85 3
85 4
85 21
85 35
85 25
85 30
86 83
86 74
86 49
86 26
86 41
86 61
86 66
86 50
86 64
86 67
86 69
86 31
86 5
86 70
87 47
87 77
87 78
87 57
87 75
87 12
87 30
87 63
87 8
87 73
87 65
87 80
87 28
87 0
88 84
88 34
88 62
88 3
88 4
88 21
88 85
88 71
88 54
88 15
88 8
88 25
88 14
89 62
89 4
89 88
89 3
89 84
89 34
89 21
89 71
89 85
89 15
90 6
90 13
90 81
90 16
90 11
90 56
90 53
90 2
90 42
90 80
90 64
90 26
90 5
90 19
91 89
91 62
91 84
91 88
91 34
91 3
91 4
91 21
91 71
91 85
91 15
91 8
91 14
92 10
92 82
92 46
92 79
92 7
92 43
92 38
92 36
92 25
92 73
92 51
92 30
92 15
92 80
93 24
93 37
93 52
93 45
93 76
93 1
93 0
93 2
93 28
93 11
93 65
93 81
93 12
93 6
94 70
94 72
94 40
94 55
94 42
94 16
94 69
94 53
94 80
94 61
94 5
94 23
94 56
94 6
95 26
95 83
95 86
95 61
95 49
95 64
95 69
95 5
95 74
95 94
95 70
95 31
95 16
95 13
96 7
96 10
96 92
96 46
96 82
96 79
96 43
96 51
96 36
96 38
96 25
96 31
96 73
96 94
97 80
97 53
97 55
97 73
97 72
97 94
97 30
97 42
97 8
97 56
97 40
97 16
97 20
97 38
98 15
98 57
98 47
98 8
98 87
98 12
98 77
98 25
98 30
98 38
98 97
98 73
98 14
98 78
98 63
99 97
99 80
99 53
99 30
99 8
99 73
99 16
99 11
99 94
99 20
99 55
99 72
99 56
99 42
99 6
100 44
100 48
100 68
100 59
100 33
100 35
100 58
100 60
100 32
100 9
100 27
100 39
100 54
101 55
101 20
101 97
101 99
101 72
101 80
101 8
101 40
101 73
101 94
101 53
101 23
101 42
101 30
101 70
102 84
102 91
102 62
102 3
102 89
102 88
102 21
102 4
102 34
102 20
102 101
102 8
102 98
102 15
103 87
103 75
103 78
103 30
103 77
103 47
103 73
103 57
103 65
103 63
103 80
103 12
103 99
103 98
103 0
104 103
104 73
104 38
104 87
104 30
104 80
104 20
104 36
104 99
104 97
104 77
104 75
104 47
104 98
104 43
105 101
105 55
105 40
105 72
105 20
105 97
105 23
105 80
105 94
105 99
105 42
105 53
105 70
105 73
105 8
106 45
106 37
106 52
106 24
106 93
106 76
106 1
106 11
106 12
106 65
106 2
106 28
106 0
106 78
106 6
107 36
107 25
107 38
107 22
107 73
107 43
107 82
107 79
107 92
107 10
107 46
107 15
107 97
107 96
107 7
108 46
108 10
108 96
108 7
108 92
108 82
108 79
108 43
108 36
108 51
108 38
108 107
108 73
108 97
109 27
109 9
109 39
109 48
109 54
109 59
109 35
109 58
109 68
109 60
109 33
109 44
109 71
109 32
109 85
110 25
110 15
110 14
110 107
110 17
110 98
110 38
110 36
110 20
110 22
110 73
110 101
110 97
110 99
111 13
111 16
111 5
111 64
111 90
111 6
111 95
111 42
111 40
111 61
111 94
111 53
111 49
112 54
112 109
112 9
112 71
112 27
112 85
112 39
112 35
112 48
112 34
112 59
112 58
112 33
112 60
112 44
113 82
113 79
113 36
113 108
113 46
113 43
113 96
113 92
113 7
113 10
113 38
113 107
113 25
113 73
113 22
114 109
114 27
114 9
114 39
114 112
114 54
114 48
114 59
114 58
114 35
114 60
114 68
114 33
114 44
114 71
115 20
115 99
115 97
115 80
115 55
115 105
115 53
115 73
115 8
115 101
115 72
115 40
115 30
115 42
115 94
116 28
116 18
116 0
116 29
116 65
116 63
116 78
116 75
116 93
116 76
116 12
116 77
116 52
116 37
116 106
117 0
117 93
117 24
117 106
117 37
117 65
117 1
117 75
117 52
117 28
117 18
117 78
117 45
117 76
118 24
118 117
118 93
118 1
118 2
118 0
118 106
118 37
118 76
118 45
118 65
118 81
118 52
118 11
118 6
119 40
119 94
119 55
119 70
119 72
119 5
119 23
119 111
119 16
119 95
119 42
119 69
119 105
119 53
119 26
120 109
120 114
120 27
120 9
120 112
120 39
120 54
120 48
120 35
120 59
120 71
120 58
120 60
120 33
120 85
121 26
121 95
121 111
121 5
121 86
121 64
121 74
121 83
121 49
121 61
121 69
121 119
121 13
121 70
122 34
122 71
123 71
123 85
123 62
123 34
123 91
123 84
123 88
123 102
123 12
124 48
124 44
124 35
124 9
124 68
124 59
124 109
124 33
124 58
124 100
124 60
124 120
124 114
124 27
124 39
125 6
125 53
125 90
125 81
125 16
125 56
125 111
125 11
125 13
125 42
125 80
125 65
125 19
125 40
126 48
126 124
126 44
126 68
126 59
126 58
126 33
126 60
126 9
126 109
126 35
126 100
126 27
126 39
126 114
127 120
127 112
127 109
127 9
127 114
127 54
127 27
127 124
127 39
127 126
127 71
127 35
127 48
127 85
127 59
128 127
128 112
128 54
128 109
128 9
128 35
128 124
128 114
128 71
128 27
128 39
128 126
128 48
128 59
129 125
129 16
129 53
129 6
129 40
129 13
129 42
129 56
129 80
129 90
129 119
129 94
129 72
130 39
130 109
130 114
130 27
130 9
130 126
130 124
130 120
130 127
130 48
130 68
130 44
130 128
130 59
130 112
131 130
131 109
131 39
131 27
131 114
131 9
131 126
131 124
131 120
131 127
131 48
131 68
131 44
131 112
131 59
132 52
132 106
132 37
132 45
132 93
132 117
132 24
132 76
132 118
132 28
132 12
132 63
132 29
132 0
132 78
133 130
133 39
133 109
133 114
133 9
133 27
133 131
133 126
133 127
133 124
133 120
133 48
133 128
133 68
133 60
134 126
134 133
134 60
134 48
134 59
134 58
134 33
134 124
134 109
134 68
134 9
134 35
134 130
134 114
134 27
135 132
135 12
135 52
135 106
135 63
135 37
135 28
135 45
135 117
135 29
135 93
135 78
135 75
135 24
135 77
135 118
136 132
136 117
136 93
136 118
136 106
136 37
136 135
136 24
136 76
136 0
136 52
136 45
136 65
136 116
136 28
136 75
137 132
137 135
137 106
137 37
137 52
137 136
137 45
137 93
137 76
137 117
137 24
137 118
137 28
137 12
137 63
137 29
138 136
138 132
138 117
138 137
138 135
138 118
138 106
138 65
138 93
138 24
138 0
138 37
138 75
138 78
138 11
138 45
139 138
139 136
139 65
139 118
139 11
139 24
139 125
139 6
139 0
139 106
139 93
139 81
139 75
139 137
139 132
140 127
140 128
140 120
140 112
140 109
140 9
140 54
140 124
140 114
140 133
140 27
140 130
140 134
140 131
140 126
140 39
141 129
141 40
141 53
141 42
141 72
141 16
141 125
141 111
141 94
141 119
141 70
141 56
141 80
141 55
141 6
141 99
142 131
142 130
142 109
142 133
142 114
142 9
142 27
142 124
142 140
142 126
142 120
142 127
142 39
142 134
142 48
142 128
143 137
143 132
143 106
143 135
143 138
143 136
143 37
143 45
143 52
143 93
143 24
143 117
143 139
143 118
143 76
143 12
144 139
144 138
144 136
144 118
144 143
144 65
144 24
144 106
144 132
144 137
144 93
144 0
144 135
144 75
145 143
145 106
145 137
145 132
145 37
145 45
145 52
145 136
145 138
145 93
145 135
145 24
145 144
145 76
145 118
145 117
146 136
146 117
146 138
146 118
146 93
146 132
146 144
146 145
146 137
146 143
146 139
146 37
146 24
146 0
146 76
146 106
147 108
147 7
147 46
147 96
147 113
147 10
147 92
147 43
147 36
147 79
147 82
147 51
147 38
147 31
147 107
147 97
148 128
148 127
148 140
148 112
148 54
148 71
148 120
148 109
148 35
148 85
148 9
148 124
148 134
148 114
148 133
148 142
149 124
149 142
149 126
149 140
149 48
149 127
149 133
149 109
149 134
149 9
149 130
149 131
149 120
149 114
149 27
149 128
150 144
150 139
150 138
150 75
150 65
150 78
150 11
150 136
150 125
150 0
150 143
150 12
150 135
150 6
151 125
151 129
151 150
151 11
151 6
151 53
151 139
151 141
151 16
151 65
151 90
151 81
151 80
151 13
151 56
152 141
152 129
152 125
152 53
152 42
152 151
152 111
152 16
152 56
152 40
152 6
152 80
152 72
152 90
152 94
152 13
153 147
153 108
153 7
153 113
153 96
153 46
153 10
153 43
153 92
153 36
153 79
153 82
153 51
153 31
153 38
153 107
154 150
154 139
154 144
154 151
154 65
154 138
154 125
154 75
154 11
154 0
154 118
154 136
154 117
154 78
154 81
154 6
155 153
155 147
155 108
155 7
155 113
155 10
155 96
155 46
155 36
155 92
155 43
155 82
155 79
155 51
155 38
156 19
156 42
156 23
156 152
156 5
156 111
156 141
156 125
156 53
156 81
156 80
156 90
156 56
156 2
156 6
156 16
157 23
157 5
157 156
157 111
157 40
157 119
157 141
157 94
157 152
157 42
157 16
157 129
157 26
157 121
157 70
157 95
158 71
158 85
158 34
158 62
158 84
159 4
159 3
159 21
159 34
159 89
159 62
159 88
159 23
159 91
159 84
159 157
159 71
159 5
159 102
159 124
160 2
160 118
160 1
160 24
160 154
160 19
160 144
160 81
160 117
160 139
160 0
160 150
160 146
160 138
160 136
161 158
161 71
161 85
161 34
161 62
161 91
161 84
162 26
162 5
162 156
162 111
162 121
162 49
162 64
162 95
162 13
162 90
162 157
162 81
162 6
162 86
162 61
163 5
163 157
163 26
163 162
163 111
163 121
163 23
163 156
163 95
163 94
163 16
163 13
163 152
163 141
163 119
163 64
164 160
164 2
164 154
164 118
164 144
164 139
164 81
164 150
164 19
164 24
164 1
164 117
164 0
165 45
165 106
165 52
165 145
165 37
165 24
165 143
165 93
165 137
165 1
165 132
165 135
165 136
165 76
165 118
165 138
166 157
166 23
166 5
166 163
166 94
166 40
166 141
166 156
166 119
166 16
166 152
166 111
166 42
166 129
166 70
166 72
167 113
167 22
167 107
167 36
167 82
167 153
167 147
167 79
167 7
167 108
167 10
167 96
167 92
167 46
168 156
168 162
168 163
168 90
168 111
168 81
168 5
168 13
168 157
168 6
168 166
168 42
168 19
168 152
168 125
168 2
169 1
169 24
169 118
169 160
169 2
169 93
169 164
169 144
169 145
169 106
169 139
169 117
169 165
169 136
169 146
169 138
170 169
170 1
170 24
170 118
170 164
170 117
170 160
170 93
170 145
170 138
170 2
170 136
170 146
170 143
170 106
171 163
171 5
171 26
171 162
171 121
171 95
171 157
171 168
171 111
171 86
171 166
171 83
171 49
171 64
171 156
171 23
172 2
172 81
172 90
172 168
172 164
172 160
172 13
172 6
172 169
172 125
172 162
172 156
172 19
172 24
172 1
173 110
173 25
173 107
173 15
173 22
173 38
173 14
173 98
173 73
174 172
174 81
174 2
174 168
174 90
174 156
174 164
174 160
174 19
174 162
174 125
174 6
174 13
174 111
174 152
174 169
175 3
175 122
175 21
175 4
175 88
175 34
175 159
175 89
175 84
175 62
175 102
175 23
175 85
175 71
176 107
176 22
176 25
176 110
176 36
176 113
176 38
176 82
176 43
176 79
176 15
177 105
177 101
177 115
177 55
177 20
177 97
177 99
177 8
177 40
177 72
177 80
177 166
177 119
177 94
177 141
178 160
178 118
178 164
178 169
178 2
178 170
178 1
178 24
178 144
178 154
178 117
178 139
178 172
178 146
178 138
178 136
179 178
179 170
179 118
179 117
179 160
179 164
179 169
179 1
179 146
179 24
179 2
179 136
180 19
180 164
180 160
180 2
180 81
180 178
180 154
180 125
180 151
180 174
180 156
180 150
180 172
180 179
180 53
180 152
181 23
181 166
181 157
181 156
181 40
181 141
181 105
181 42
181 5
181 94
181 55
181 119
181 152
181 115
181 163
182 159
182 4
182 3
182 21
182 175
182 89
182 34
182 88
182 62
182 84
183 173
183 25
183 38
183 107
183 20
183 110
183 104
183 176
183 73
183 22
183 98
183 15
183 87
183 99
184 177
184 105
184 101
184 115
184 181
184 20
184 55
184 97
184 166
184 40
184 99
184 80
184 119
184 8
184 72
185 181
185 23
185 157
185 166
185 156
185 163
185 141
185 152
185 40
185 42
185 168
185 19
185 94
185 111
186 71
186 34
186 122
186 85
186 54
186 175
186 88
186 140
186 159
186 62
186 142
186 127
186 131
186 149
187 36
187 153
187 147
187 43
187 155
187 113
187 72
187 70
187 108
187 69
187 73
187 38
187 46
188 186
189 148
189 71
189 85
189 128
189 123
189 34
189 161
189 158
189 54
189 77
189 12
189 127
189 63
189 28
189 78
189 112
189 140
190 187
190 43
190 69
190 113
190 36
190 42
190 153
190 70
190 147
190 79
190 46
190 61
190 72
190 156
190 31
190 96
190 82
191 51
191 131
191 67
191 142
191 27
191 31
191 130
191 41
191 9
191 50
191 61
191 109
191 114
191 39
191 149
191 133
191 120
192 102
192 91
192 84
192 62
192 183
192 20
192 57
192 110
192 47
192 173
192 98
192 88
192 15
192 8
193 134
193 60
193 32
193 133
193 33
193 39
193 35
193 68
193 59
193 58
193 9
193 109
193 48
193 114
193 126
193 128
193 130
194 186
194 175
194 182
194 88
194 34
194 4
194 159
194 3
194 21
194 89
194 62
195 20
195 104
195 102
195 101
195 73
195 115
195 110
195 84
195 177
195 184
195 183
195 173
195 192
195 38
195 105
195 107
195 8
196 194
196 187
197 188
198 194
198 88
198 4
198 89
198 62
198 84
198 3
198 182
198 175
198 91
198 34
198 159
198 196
198 21
198 186
199 56
199 42
199 53
199 72
199 73
199 30
199 152
199 80
199 125
199 141
199 55
199 70
199 43
199 40
199 65
199 129
199 151
200 71
200 127
200 140
200 39
200 133
200 54
200 130
200 124
200 149
200 142
200 148
200 131
200 128
200 186
200 109
200 85
200 112
201 19
201 187
201 180
201 156
201 181
201 42
201 190
201 152
201 23
201 141
201 53
201 72
201 157
202 200
202 39
202 131
202 130
202 133
202 140
202 142
202 54
202 127
202 109
202 71
202 190
202 9
202 149
202 124
202 114
202 27
203 71
203 148
203 54
203 140
203 200
203 124
203 85
203 149
203 34
203 186
203 112
203 35
204 61
204 69
204 49
204 64
204 31
204 51
204 95
204 94
204 70
204 67
204 74
204 83
205 41
205 67
205 74
205 66
205 50
205 61
205 69
205 31
205 83
205 86
205 70
205 64
205 204
205 49
205 95
205 51
205 121
206 195
206 20
206 102
206 184
206 177
206 115
206 101
206 84
206 8
206 105
206 198
206 110
206 62
206 192
206 99
206 97
206 15
207 204
207 190
207 69
207 61
207 31
207 51
207 191
207 49
207 67
207 202
207 64
207 153
207 147
207 187
207 70
207 205
207 96
208 39
208 130
208 133
208 131
208 114
208 109
208 27
208 142
208 134
208 202
208 126
208 9
208 193
208 149
208 68
208 120
208 140
209 88
209 34
209 198
209 84
209 175
209 194
209 62
209 3
209 89
209 91
209 122
209 186
209 4
209 21
209 182
209 159
209 85
210 148
210 65
210 189
210 75
210 128
210 154
210 78
210 71
210 150
210 81
210 112
211 138
211 139
211 136
211 144
211 65
211 154
211 143
211 137
211 146
211 150
211 106
211 145
211 132
211 76
211 118
211 37
211 117
213 104
213 107
213 36
213 195
213 73
213 176
213 38
213 22
213 43
213 183
213 173
213 101
213 206
213 25
213 110
213 79
213 113
214 186
214 198
214 194
214 209
214 62
214 188
214 196
214 200
214 34
214 88
214 84
214 71
214 89
214 201
215 202
215 200
215 187
215 201
215 71
215 39
215 190
215 85
215 208
215 186
215 54
215 207
215 127
215 131
215 130
215 140
215 133
216 106
216 143
216 145
216 139
216 144
216 45
216 211
216 138
216 137
216 24
216 136
216 37
216 76
216 154
216 132
216 65
216 150
217 210
217 215
217 189
217 202
217 71
217 85
217 30
217 148
217 65
217 56
217 53
217 200
217 128
217 211
217 75
217 127
217 78
218 202
218 200
218 186
218 71
218 54
218 85
218 215
218 34
218 140
218 124
218 127
218 149
218 194
218 131
218 142
218 130
218 9
219 176
219 107
219 110
219 22
219 25
219 14
219 167
219 36
219 38
219 15
219 17
219 183
219 213
219 113
219 195
220 205
221 29
221 28
221 63
221 116
221 52
221 18
221 132
221 135
221 137
221 12
221 0
221 93
221 136
221 146
221 37
221 138
221 78
222 87
222 75
222 78
222 103
222 77
222 150
222 12
222 30
222 47
222 99
222 57
222 80
222 154
222 115
222 63
222 98
222 65
224 201
224 181
224 185
224 23
224 157
224 156
224 19
224 40
224 20
224 166
224 141
224 105
224 184
224 152
224 42
224 72
224 115
225 91
225 89
225 102
225 62
225 84
225 3
225 88
225 4
225 206
225 192
225 21
225 182
225 159
225 198
225 34
226 167
226 22
226 190
226 113
226 187
226 36
226 153
226 155
226 107
226 43
226 147
226 196
226 7
226 108
226 79
226 96
227 208
227 39
227 130
227 131
227 133
227 114
227 109
227 27
227 51
227 64
227 61
227 202
228 107
228 176
228 22
228 213
228 36
228 219
228 173
228 196
228 110
228 25
228 38
228 183
228 195
228 73
228 226
228 43
228 167
229 134
229 126
229 9
229 133
229 142
229 48
229 27
229 130
229 149
229 109
229 124
229 131
229 114
229 59
229 58
229 68
229 33
230 206
230 195
230 228
230 201
230 196
230 192
231 49
231 229
231 162
231 64
231 74
231 204
231 171
231 48
231 126
231 86
231 26
231 208
231 83
231 68
231 59
231 121
231 58
232 193
232 35
232 202
232 39
232 133
232 9
232 134
232 128
232 127
232 60
232 200
232 148
232 208
232 33
232 229
232 140
232 32
233 20
233 201
233 230
233 180
233 206
233 192
233 19
233 150
233 179
233 224
233 164
233 222
233 115
233 154
233 160
233 75
234 186
234 214
234 194
234 122
234 218
234 209
234 198
234 196
234 175
234 200
234 34
234 88
234 71
234 202
234 215
234 187
234 85
235 28
235 29
235 63
235 116
235 78
235 12
235 77
235 221
235 75
235 18
235 65
235 135
235 87
235 138
235 132
235 137
235 136
236 197
236 233
236 200
236 211
236 210
236 71
237 208
237 202
237 232
237 217
237 215
237 210
237 39
237 200
237 193
237 227
237 133
237 201
237 130
237 127
237 140
237 128
237 148
238 123
238 161
238 71
238 62
238 85
238 158
238 34
238 84
238 209
238 91
238 214
238 88
238 189
238 186
238 200
239 205
240 234
240 186
240 194
240 122
240 214
240 218
240 198
240 209
240 175
240 159
240 34
240 196
240 4
240 88
240 200
240 3
241 237
241 217
241 227
241 236
241 193
241 65
241 208
241 210
241 211
241 39
242 219
242 107
242 228
242 176
242 14
242 110
242 17
242 25
242 173
242 36
242 22
242 198
242 167
242 15
242 194
242 226
243 190
243 207
243 226
243 167
243 187
243 153
243 113
243 147
243 204
243 96
243 155
243 7
243 108
243 46
243 191
243 10
243 43
244 202
244 218
244 200
244 215
244 224
244 237
244 201
244 187
244 208
244 124
244 131
244 70
244 40
244 23
244 126
244 130
245 184
245 101
245 177
245 105
245 230
245 20
245 206
245 115
245 224
245 195
245 55
245 181
245 228
245 72
245 201
245 40
245 196
246 187
246 226
246 243
246 155
246 153
246 147
246 215
246 196
246 244
246 190
246 207
246 31
246 67
246 202
246 36
246 108
246 113
247 224
247 244
247 141
247 40
247 152
247 185
247 129
247 181
247 157
247 42
247 201
247 72
247 70
247 119
247 125
247 23
247 166
248 216
248 106
248 165
248 45
248 143
248 145
248 137
248 11
248 24
248 132
248 52
248 135
248 37
248 139
248 138
248 93
248 144
249 133
249 109
249 39
249 127
249 114
249 140
249 130
249 128
249 142
249 9
249 27
249 120
249 148
249 134
249 131
249 112
249 149
250 34
250 88
250 159
250 3
250 182
250 4
250 209
250 175
250 62
250 21
250 89
250 84
250 71
250 91
250 85
250 198
251 233
251 192
251 180
251 20
251 206
251 179
251 19
252 200
252 186
252 71
252 214
252 238
252 215
252 249
252 218
252 234
252 85
252 54
252 203
252 202
252 236
253 241
253 249
253 134
253 193
253 208
253 237
253 127
253 210
253 60
253 140
253 236
253 133
255 241
255 253
255 247
255 236
255 237
255 125
255 211
255 111
255 152
256 228
256 219
256 213
256 242
256 107
256 176
256 22
256 195
256 36
256 38
256 226
256 110
256 173
256 25
256 73
256 206
256 196
257 218
257 209
257 243
257 234
257 226
257 186
257 190
257 85
257 34
257 71
257 250
257 194
257 202
257 122
257 215
257 54
257 175
258 77
258 30
258 78
258 75
258 99
258 97
258 12
258 216
258 222
258 63
258 8
258 80
258 87
258 53
258 73
258 65
258 150
259 148
259 128
259 71
259 54
259 112
259 127
259 85
259 140
259 189
259 158
259 123
259 161
259 34
259 203
259 249
260 51
260 67
260 205
260 31
260 41
260 61
260 50
260 69
260 153
260 66
260 147
260 74
260 108
260 64
260 70
260 155
260 49
261 239
261 205
261 187
261 227
261 61
261 69
261 204
261 153
261 208
261 64
261 46
262 238
262 62
262 84
262 123
262 209
262 34
262 161
262 91
262 158
262 250
262 71
262 88
262 252
262 85
262 214
262 89
263 14
263 17
263 15
263 110
263 173
263 25
263 98
263 8
263 176
263 107
263 242
263 219
263 198
263 206
263 57
263 38
263 183
263 47
264 189
264 62
264 159
264 211
264 45
264 89
264 259
264 4
264 106
264 165
264 34
264 250
264 143
264 137
264 145
264 37
265 221
265 63
265 29
265 251
265 28
265 18
265 47
265 57
265 0
265 87
265 135
265 12
265 117
265 78
265 210
265 77
265 132
265 75
266 238
266 262
266 252
266 71
266 214
266 62
266 123
266 34
266 209
266 161
266 186
266 85
266 200
266 158
266 250
266 218
266 84
267 196
267 245
267 230
267 219
267 228
268 171
268 162
268 163
268 69
268 95
268 61
268 168
268 5
268 49
268 83
268 156
268 157
268 64
268 86
268 26
268 70
268 204
268 121
269 232
269 231
269 237
269 208
269 35
269 33
269 68
269 32
269 44
269 48
269 229
269 202
269 60
269 59
269 193
269 126
269 134
269 58
270 61
270 69
270 49
270 64
270 31
270 260
270 70
270 95
270 83
270 74
270 51
270 86
270 204
270 67
270 268
270 205
270 41
270 207
271 70
271 187
271 69
271 72
271 205
271 31
271 246
271 55
271 61
271 42
271 220
271 40
271 67
271 190
271 43
271 153
271 268
271 94
272 122
272 175
272 209
272 234
272 194
272 240
272 257
272 196
272 198
272 88
272 21
272 3
272 186
272 250
272 226
272 182
272 4
272 34
273 228
273 256
273 219
273 195
273 198
273 267
273 196
273 206
273 230
273 245
273 242
273 110
273 176
273 84
273 107
273 209
273 173
273 194
275 158
275 71
275 85
275 161
275 123
275 238
275 54
275 259
275 266
275 252
275 262
275 148
275 200
275 112
275 210
275 34
275 215
276 112
276 54
276 210
276 148
276 259
276 128
276 140
276 71
276 127
276 85
276 275
276 120
276 217
276 237
276 249
276 190
276 253
276 269
277 147
277 153
277 155
277 108
277 46
277 187
277 260
277 51
277 246
277 43
277 207
277 113
277 69
277 31
277 96
277 36
277 70
277 243
278 228
278 209
278 226
278 187
278 201
278 273
278 215
278 194
278 196
278 198
278 256
278 245
278 250
278 218
278 34
278 84
279 265
279 210
279 0
279 18
279 146
279 211
279 76
279 63
279 65
279 136
279 75
279 116
279 117
279 78
279 28
279 118
279 37
280 252
280 186
280 275
280 54
280 223
280 140
280 200
280 249
281 102
281 62
281 84
281 251
281 91
281 192
281 225
281 262
281 233
281 123
281 206
281 238
281 89
281 88
281 158
281 195
282 196
282 245
282 267
282 230
282 228
282 20
282 101
282 105
282 206
282 198
282 273
283 255
283 247
283 237
283 244
283 224
283 241
283 201
283 125
283 253
283 19
283 152
283 208
283 111
283 129
283 141
283 185
283 156
284 253
284 210
284 241
284 148
284 249
284 236
284 128
284 237
284 259
284 127
284 217
284 193
284 232
284 276
284 140
284 112
284 200
284 275
285 107
285 110
285 228
285 73
285 230
285 38
285 173
285 36
285 213
285 104
285 176
285 267
285 25
285 101
285 195
285 115
285 219
285 245
286 233
286 264
286 236
286 281
286 251
286 224
286 19
286 62
286 211
286 210
286 250
286 160
286 159
286 1
286 178
286 2
287 84
287 262
287 281
287 238
287 195
287 273
287 91
287 256
287 62
287 88
287 123
287 161
287 206
287 102
287 192
287 209
288 200
288 215
288 252
288 202
288 249
288 218
288 71
288 39
288 186
288 266
288 275
288 238
288 244
288 85
288 127
288 133
288 217
288 280
289 272
289 257
289 122
289 234
289 243
289 175
289 240
289 186
289 226
289 209
289 194
289 218
289 190
289 278
289 250
289 34
289 280
289 246
290 218
290 257
290 186
290 202
290 234
290 240
290 289
290 54
290 200
290 71
290 243
290 85
290 131
290 194
290 34
290 140
290 124
290 191
291 67
291 50
291 41
291 205
291 66
291 31
291 51
291 74
291 260
291 204
291 191
291 61
291 83
291 153
291 239
291 86
291 69
292 236
292 197
293 251
293 281
293 233
293 286
293 262
293 275
293 197
293 210
293 192
293 238
293 236
293 84
293 252
294 263
294 198
294 88
294 14
294 15
294 89
294 91
294 206
294 17
294 84
294 62
294 8
294 110
294 4
294 194
294 3
295 217
295 237
295 202
295 241
295 215
295 210
295 249
295 152
295 244
295 283
295 125
295 247
295 127
295 56
295 208
295 53
295 232
295 129
296 205
296 271
296 69
296 61
296 70
296 187
296 207
296 270
296 204
296 31
296 277
296 67
296 261
296 42
296 190
296 64
296 220
296 74
297 1
297 24
297 165
297 169
297 170
297 45
297 93
297 106
297 145
297 37
297 264
297 52
297 143
297 118
297 2
297 137
298 233
298 251
298 206
298 150
298 20
298 78
298 75
298 230
298 115
298 77
298 211
298 281
298 210
298 201
298 180
298 195
298 154
298 224
299 245
299 206
299 195
299 278
299 224
299 84
299 273
299 298
299 198
299 62
299 262
299 201
299 209
299 230
299 102
299 233
299 281
299 228
300 282
300 228
300 196
300 213
300 273
300 245
300 256
300 267
300 195
300 101
300 206
300 107
300 110
300 285
300 242
301 85
301 54
301 71
301 276
301 112
301 34
301 259
301 275
301 190
301 243
301 257
301 250
301 148
301 140
301 127
301 218
301 158
301 161
302 243
302 246
302 226
302 187
302 218
302 277
302 290
302 190
302 257
302 207
302 153
302 155
302 202
302 147
302 278
302 191
302 194
302 215
303 289
303 234
303 302
303 240
303 272
303 194
303 257
303 122
303 246
303 290
303 226
303 196
303 186
303 243
303 218
303 278
303 209
303 187
304 206
304 62
304 225
304 198
304 102
304 195
304 192
304 298
304 84
304 197
304 281
304 230
304 299
305 210
305 284
305 293
305 275
305 148
305 249
305 71
305 128
305 236
305 276
305 112
305 253
305 127
305 140
305 200
