160
0 1.2189980012620236227149917,-0.7270237986254888262749319,-0.3842690009269533191194057,1.9239785750034628097893119,1.9800580405319139210007506,1.6745388876528193300430303,0.4720708171764641525314232,1.0000000000000000000000000,0.6427111764870170329544408,0.3577202521067672225107970,0.9593162654174101078297099,0.0000000000000000000000000,0.0000000000000000000000000,0.0000000000000000000000000,1.0000000000000000000000000
1 1.4568175914638132883993649,0.9041452648995138563492446,2.4353509993028743529919211,1.3507096135421134963650047,1.8531443777686298357565420,1.9868169829653656854873134,-1.9040647039501898962754467,1.0000000000000000000000000,0.6427111764870170329544408,0.3577202521067672225107970,0.9593162654174101078297099,0.0000000000000000000000000,0.0000000000000000000000000,0.0000000000000000000000000,1.0000000000000000000000000
2 -1.1139059909797071057369067,0.6624446999482889175681066,1.3650400776808120362204590,2.2416991005204529585626005,2.1444375844483096749115703,-0.6721282553263605574755957,-1.1523880652186917483703610,1.0000000000000000000000000,0.2629959450629520967268604,0.4459940711250500178230993,0.9565882385622654915380281,0.0000000000000000000000000,0.0000000000000000000000000,0.0000000000000000000000000,1.0000000000000000000000000
3 -1.1731593938788023034902608,1.0166811365593479976610070,1.4531974765380035741202391,2.2229898522233826341221175,1.8208871744892296540285770,-0.9674854778998929205613422,-0.9769496048756627359921367,1.0000000000000000000000000,0.2629959450629520967268604,0.4459940711250500178230993,0.9565882385622654915380281,0.0000000000000000000000000,0.0000000000000000000000000,0.0000000000000000000000000,1.0000000000000000000000000
4 -0.2444487238766335224227078,0.8186164634482063773290861,2.0246830308133167974915523,1.5814557474966906003288614,2.7863758070975466196728121,0.5602650209610651188540942,-2.1761395227191355772333736,1.0000000000000000000000000,-0.0457197333666122252004982,0.0369089151438832252516420,0.9559152630231879665956285,0.0000000000000000000000000,0.0000000000000000000000000,0.0000000000000000000000000,1.0000000000000000000000000
5 0.9416460910349265800434182,-0.2871063875138985532764480,-0.3335837323921424513173406,0.8168410189147542466159280,1.6489986458297971605446719,-1.1119193314164501629193182,2.1295833782245749965511550,1.0000000000000000000000000,-0.0457197333666122252004982,0.0369089151438832252516420,0.9559152630231879665956285,0.0000000000000000000000000,0.0000000000000000000000000,0.0000000000000000000000000,1.0000000000000000000000000
6 1.0166978401580826218975062,0.0951755365702369043878761,0.3635320238350476795829991,0.0016560004426624302855536,-1.6563506332977082635693478,-0.3383596198811940070072524,-1.8808878570449729661362426,1.0000000000000000000000000,0.6105411918184445729806953,-0.1189323751809692047975986,0.9571683595246487374907929,0.0000000000000000000000000,0.0000000000000000000000000,0.0000000000000000000000000,1.0000000000000000000000000
7 1.1192251182476140591859348,0.2305963550971073805495593,-2.1453232070984529222812398,0.0068743750263990438184591,1.3378117881554516532816024,-0.3220532409949476981836369,-2.3753514197824654452517734,1.0000000000000000000000000,0.6105411918184445729806953,-0.1189323751809692047975986,0.9571683595246487374907929,0.0000000000000000000000000,0.0000000000000000000000000,0.0000000000000000000000000,1.0000000000000000000000000
8 1.1176487589901951125170854,-0.4166953465380886512114955,-0.1815946029815888873581997,1.0768235875029366077626491,1.6601913766826654761388227,-1.4403093801533382034563147,2.2269819751074129143830760,1.0000000000000000000000000,0.1023811816016124698336398,0.1293634248102844552796853,0.9550791484746519177662094,0.0000000000000000000000000,0.0000000000000000000000000,0.0000000000000000000000000,1.0000000000000000000000000
9 0.1960898143806382165621471,-0.2796953837941952847323535,-0.0136001655495019170560855,0.7392806532038277422813621,1.5345897700928656792740412,1.6544973064002101992286953,1.0948937068599395860957202,1.0000000000000000000000000,0.1023811816016124698336398,0.1293634248102844552796853,0.9550791484746519177662094,0.0000000000000000000000000,0.0000000000000000000000000,0.0000000000000000000000000,1.0000000000000000000000000
10 0.1681134686076898865358942,-0.7078600566961719131597874,0.8090117203924929167868640,0.6518780072983293427668627,-2.2527617353386921728031211,-1.2049260294087817957375819,-1.3672882634893881448334696,1.0000000000000000000000000,0.2746370658393190722357247,0.0676490052918200523990322,1.3653137308151059858829512,0.0000000000000000000000000,0.0000000000000000000000000,0.0000000000000000000000000,1.0000000000000000000000000
11 1.2982890863645029089212812,-1.4264745493601604930944404,-0.6486706537303791320070445,1.6932400586885669735437432,2.3740785523575134163820621,0.3627027496056178801353553,0.8105972068043219014299439,1.0000000000000000000000000,0.2746370658393190722357247,0.0676490052918200523990322,1.3653137308151059858829512,0.0000000000000000000000000,0.0000000000000000000000000,0.0000000000000000000000000,1.0000000000000000000000000
12 0.3502571890510577379274082,-0.0333067030245685902212216,2.1189467770576273508709164,1.8293236359445232963594208,0.2764395169058269652317961,-1.4084597699849212837364121,1.0322863329245206553963499,1.0000000000000000000000000,0.4505816242660309889345172,0.1578231352650668051218474,1.3315600888717733507604635,0.0000000000000000000000000,0.0000000000000000000000000,0.0000000000000000000000000,1.0000000000000000000000000
13 0.9015956162861864520152722,-1.2972441795385476481783371,-0.3053649302871315751595205,1.5676084726113730383190159,1.7533031868966346689120428,1.1879825318176218118537690,1.2811227361411854364092733,1.0000000000000000000000000,0.4505816242660309889345172,0.1578231352650668051218474,1.3315600888717733507604635,0.0000000000000000000000000,0.0000000000000000000000000,0.0000000000000000000000000,1.0000000000000000000000000
14 1.5166679853251667786651069,0.8021972855941532642987113,2.9469530230778993029616686,2.0037716429529432993206228,2.5154557328485616096713784,1.3336373902082616638153922,-2.8275408691878540778930073,1.0000000000000000000000000,0.7154498016300843143966404,0.2833343971443056941161842,1.2287210700468722546219169,0.0000000000000000000000000,0.0000000000000000000000000,0.0000000000000000000000000,1.0000000000000000000000000
15 0.6117073414069115200319970,0.4732096168944621705776399,2.5394611154660076124400803,1.4539801590193390801175610,-1.3911797444633675624459102,1.0533214258278356112441543,2.4643921346515842429880649,1.0000000000000000000000000,0.7154498016300843143966404,0.2833343971443056941161842,1.2287210700468722546219169,0.0000000000000000000000000,0.0000000000000000000000000,0.0000000000000000000000000,1.0000000000000000000000000
16 0.9081199859295752130350365,-1.1650206600722066152542311,0.4246598975573070977596046,1.0012694635060144232596713,0.8810962130040159712152104,0.3827472743032254154371685,2.1100671036033151750643810,1.0000000000000000000000000,0.7115415825795110560392231,0.1164405724575932193909367,1.4741010070424998001925587,0.0000000000000000000000000,0.0000000000000000000000000,0.0000000000000000000000000,1.0000000000000000000000000
17 1.3771615334475943992487146,-0.8844492699040037431146288,-0.8140793386450108082286192,0.6604205196904089358866941,1.8478156308066653323862738,1.0234796689001282032904783,1.9772495993374572531564581,1.0000000000000000000000000,0.7115415825795110560392231,0.1164405724575932193909367,1.4741010070424998001925587,0.0000000000000000000000000,0.0000000000000000000000000,0.0000000000000000000000000,1.0000000000000000000000000
18 0.8047529777353715774168563,-0.8711402033592999805122759,0.2785858836055966625266933,0.7961436580757221825876968,1.3901072633395157307489853,1.7231430985141278355854411,1.6596544939881190394714849,1.0000000000000000000000000,0.6566978725170240505093489,0.3340290542617575519912521,1.3649116490571346904658867,0.0000000000000000000000000,0.0000000000000000000000000,0.0000000000000000000000000,1.0000000000000000000000000
19 1.2963006464032702513833328,-0.1706399716988294679165250,2.1555003495029283477890658,0.2489109432205687810757411,-0.1763345431110590610934707,-0.7138588359643979197599606,1.0921769741411178067380661,1.0000000000000000000000000,0.7563402901479696627262683,0.0029318728265035343127920,1.3149664876120938927783754,0.0000000000000000000000000,0.0000000000000000000000000,0.0000000000000000000000000,1.0000000000000000000000000
20 0.7969486061241735086468907,-0.2957811364592762282121896,1.7026859098185092022958997,0.8241565751351890289910784,-2.2634945966627530999915052,0.4222527555759310047278632,-2.3760398089761083362247973,1.0000000000000000000000000,0.7563402901479696627262683,0.0029318728265035343127920,1.3149664876120938927783754,0.0000000000000000000000000,0.0000000000000000000000000,0.0000000000000000000000000,1.0000000000000000000000000
21 0.5996095452178255014175079,-0.3217012365186937561389868,0.8420139314793576579276646,1.4186819570460389439148230,2.4588118252768480509473648,0.6437235288991236537015084,-0.3115908029522315159098866,1.0000000000000000000000000,0.6775050253735412919553482,0.0692653077977082309857337,0.9599114239564684458727584,0.0000000000000000000000000,0.0000000000000000000000000,0.0000000000000000000000000,1.0000000000000000000000000
22 0.5172861358657375729919181,0.0931194778919055971000418,1.3502388892008061471727842,1.4022294661825724926274006,-0.3397143240552616405558695,-0.7054284167035614894203377,1.9189343186555631870504612,1.0000000000000000000000000,0.6775050253735412919553482,0.0692653077977082309857337,0.9599114239564684458727584,0.0000000000000000000000000,0.0000000000000000000000000,0.0000000000000000000000000,1.0000000000000000000000000
23 -0.0915643762145174899824696,-0.6936468898117519321644409,0.5907389612911649878768117,2.1331215629684980861213717,1.2877196937761032913272174,1.1761819935292852079555814,0.3054155246177691074294103,1.0000000000000000000000000,0.3918729134098966060406610,0.4122501121192472806065155,0.9554181598687628840238517,0.0000000000000000000000000,0.0000000000000000000000000,0.0000000000000000000000000,1.0000000000000000000000000
24 0.3363290545640200135402154,-0.3991411383911487864573076,0.4700185041685986941928377,1.1375449816333158548076199,0.7158741733438123144850351,1.9544588951181895986053405,0.8838841380239724765388587,1.0000000000000000000000000,0.3918729134098966060406610,0.4122501121192472806065155,0.9554181598687628840238517,0.0000000000000000000000000,0.0000000000000000000000000,0.0000000000000000000000000,1.0000000000000000000000000
25 1.1721550194438605796420916,-0.4451939658422922052594117,0.4155309104903098238459336,1.2503511816997026073750021,-2.1432762985627218377260306,1.5065005659156014417021652,-0.8701606894977380601829964,1.0000000000000000000000000,0.4698845384269415004219184,0.0894936074453842045350882,0.9574340037174681183884672,0.0000000000000000000000000,0.0000000000000000000000000,0.0000000000000000000000000,1.0000000000000000000000000
26 1.4151640801126590396563643,0.6248990197814182634417079,3.0536759836685263280742220,0.6664004389326990684949692,1.6290140980205924936541351,1.5031770954389016559105130,-1.6129120546081436859964242,1.0000000000000000000000000,0.4698845384269415004219184,0.0894936074453842045350882,0.9574340037174681183884672,0.0000000000000000000000000,0.0000000000000000000000000,0.0000000000000000000000000,1.0000000000000000000000000
27 -0.0462657752216557791036244,0.2440379995653141897982152,1.3042672261080272555489046,2.0648105194560923969504529,1.7488799237421741583631274,0.1155080597919915241789113,-0.5296202627235191418009208,1.0000000000000000000000000,0.6414395744872463112074001,0.3824355664348395578144846,0.9577173896705346578528406,0.0000000000000000000000000,0.0000000000000000000000000,0.0000000000000000000000000,1.0000000000000000000000000
28 0.1178349323890405808690218,-0.1461132614487316572216002,1.1262757602143365076585724,1.7419962252676453040578508,0.7028183945420195533060337,0.6835929086355458927926065,0.8063446863004998244051080,1.0000000000000000000000000,0.6414395744872463112074001,0.3824355664348395578144846,0.9577173896705346578528406,0.0000000000000000000000000,0.0000000000000000000000000,0.0000000000000000000000000,1.0000000000000000000000000
29 0.5749923909099803331912426,-0.2550787370298107092914108,0.6458696681236631986777752,0.9293806691536292685640319,0.7054744818386341487226332,1.8051737504104030662688274,1.0659480551031763617686465,1.0000000000000000000000000,0.5801859769645081321698399,0.3921433582399708184240694,0.9555935771021030200600421,0.0000000000000000000000000,0.0000000000000000000000000,0.0000000000000000000000000,1.0000000000000000000000000
30 -0.0418077899038009001553284,0.1118750970022344276566528,1.1759574444708438267781503,2.3496270660506017868840445,-0.5665354221359713005057301,-0.7544897726059377474072676,1.8365613903535431550295698,1.0000000000000000000000000,0.5801859769645081321698399,0.3921433582399708184240694,0.9555935771021030200600421,0.0000000000000000000000000,0.0000000000000000000000000,0.0000000000000000000000000,1.0000000000000000000000000
31 1.0308603440975492304687577,0.7446952066639442868734022,2.3991217282752490547181878,1.0979126726096615218608576,-0.7837312082149279213183490,-0.5943230230334787256296636,1.2446963567583693155427227,1.0000000000000000000000000,0.7764617551753585367180222,0.0530115419174598256901731,0.9576780359552604648953888,0.0000000000000000000000000,0.0000000000000000000000000,0.0000000000000000000000000,1.0000000000000000000000000
32 0.9850067414297706269721289,0.3633241635246665657277276,1.7475904342081307607514873,0.9638976169369439794820664,2.6926647873149294198924508,0.9848574150748818922807004,-1.5006818723623649436405003,1.0000000000000000000000000,0.7764617551753585367180222,0.0530115419174598256901731,0.9576780359552604648953888,0.0000000000000000000000000,0.0000000000000000000000000,0.0000000000000000000000000,1.0000000000000000000000000
33 0.8815575601666080229890099,0.5979448427065940929736598,2.3668892410842041762464305,0.8051806693390949343225316,0.1655861151122100805022086,-0.0410561673534364235393923,0.4349158207069385162490960,1.0000000000000000000000000,0.7353375230428471631682896,-0.0285838440240285610038917,0.9550476245768589889095779,0.0000000000000000000000000,0.0000000000000000000000000,0.0000000000000000000000000,1.0000000000000000000000000
34 0.8619762041231966431809042,-0.1042091343353370863633600,0.9480180864347510505396599,0.8237440912738028808703916,-0.4127604161194894927255916,-0.4397787928766472287378519,2.5415777624827176062183298,1.0000000000000000000000000,0.7353375230428471631682896,-0.0285838440240285610038917,0.9550476245768589889095779,0.0000000000000000000000000,0.0000000000000000000000000,0.0000000000000000000000000,1.0000000000000000000000000
35 1.1505321075374670414248612,0.4373878897521885633636884,2.4686730582455727045498861,0.4166746526290815988424754,1.7328659554320242630609528,0.2370444586207365311736339,-1.1348126947613126347391699,1.0000000000000000000000000,0.7699188499664509910402899,-0.0557400990024861445193416,0.9595055737576938525990045,0.0000000000000000000000000,0.0000000000000000000000000,0.0000000000000000000000000,1.0000000000000000000000000
36 1.4764850716318960177630970,-0.2215032764763036066124613,-0.1801435528018091036805970,0.6366148580594872541382756,1.0231078395523223178997796,-0.5745857917119682189976970,2.3796313450409098955162790,1.0000000000000000000000000,0.7541620359076941504383740,-0.0202124985634407478007901,0.9599477372946905173733967,0.0000000000000000000000000,0.0000000000000000000000000,0.0000000000000000000000000,1.0000000000000000000000000
37 0.8027792865213947415270468,0.1815985383833140509590720,1.5085730664045680082807621,0.8014866369843800519845445,-0.5600373776284895965815736,-0.3628347317515103753748917,2.0537729189688276321135163,1.0000000000000000000000000,0.7541620359076941504383740,-0.0202124985634407478007901,0.9599477372946905173733967,0.0000000000000000000000000,0.0000000000000000000000000,0.0000000000000000000000000,1.0000000000000000000000000
38 0.8983222764524695369559026,-0.1188274507131759222255951,0.6981696035608468964284157,0.5875512697151912266946283,-1.4509877397161690115723331,-0.4182968760925795947969164,-2.4917365437582574827501958,1.0000000000000000000000000,0.7234206517801715641269311,-0.0445795715295614625173215,0.9586121893807371119322625,0.0000000000000000000000000,0.0000000000000000000000000,0.0000000000000000000000000,1.0000000000000000000000000
39 1.1305157855947309819555358,0.4072402066578769130877902,2.1727272555586010227557381,0.5135101854125189158040143,2.3052024412147842369336104,0.6526735232456930546618423,-1.4289327403646832070904793,1.0000000000000000000000000,0.7234206517801715641269311,-0.0445795715295614625173215,0.9586121893807371119322625,0.0000000000000000000000000,0.0000000000000000000000000,0.0000000000000000000000000,1.0000000000000000000000000
40 -0.2931376573335249258178692,0.6704950582568978134645477,1.8979980794610034067204651,2.0695202331522106753425305,2.2347636614580466130064451,1.0228696021851071407127165,1.3745135150335325846526757,1.0000000000000000000000000,0.0121104627343133625094751,0.2144817928057617395509737,1.3322465771056017924678372,0.2030898021265268860169328,0.2009857389429509366696180,0.8160986835089922841746102,-0.5023345510124266333207288
41 0.4121872540418101138470774,-2.0605206306220593681644004,-2.6931840265170734483035631,0.6737152530400618566375215,-2.8978914949199614525809920,0.5824631294249429380727179,3.0055017579591378762415843,1.0000000000000000000000000,0.3792134493637114855957293,1.5924636972596433182047804,1.9036441914663120300588162,0.4491450867560505821884931,-0.2339626928016543816468698,0.5542536052910685961947479,0.6605534453299641839407741
42 -0.6756403023453427802991200,0.8815170168376145198863014,-1.7125936493608100441576880,0.8604464330908127012165210,-1.0107978048360894973711765,0.9847935750408449706583269,-2.4137278229662815220990524,1.0000000000000000000000000,-0.5220373703413939692197232,1.4041872242604345188965453,0.8985853531085762346819479,0.3010197719866633536689449,0.1358427304266840163204932,0.9121850258114934106856708,0.2425905382867902526644599
43 0.4947453837597852732699266,0.1796565437478276905380881,3.0054713526073992824194647,2.5634095897103703620700799,-2.3917659159986142114462382,2.0396389411171598204930433,1.2025783266823637518427859,1.0000000000000000000000000,0.3574855256525011348855969,0.4514188257042427432352838,1.4593632968963217155788925,0.2217630586335361253524923,-0.1901286068572998200210122,-0.5154140102079212137908826,0.8056168160111903953080059
44 1.5017528811222473628106400,0.0542159704096691896779703,2.5470267147736072033126220,1.4988833210193006628685453,-2.1280541828475216803440162,0.0347827409120982089518748,-1.2693451232148078577921524,1.0000000000000000000000000,0.9124686412438176574823956,0.8222133604659603856035233,1.7856169060896458500309336,-0.5455173108161688322326199,-0.4620655576778948669947056,-0.1692047005895376543538333,0.6784348266485631384625776
45 0.5796427576037737061653843,0.9889805801650419780912671,1.2136604118373632843486121,2.2348276424095163683603005,-1.7423321567835903245224927,-1.3129541611777608700606379,-0.1141516713291181872591551,1.0000000000000000000000000,0.6614143903310834016195940,0.6259849732167801494853165,1.2232270550331227898510633,0.4630377684951424432924227,-0.5904592175472155313187272,-0.0710162865398525910975991,0.6571974719805345754863879
46 0.6806392587920964132308654,0.2115556907712274892219284,2.1199389831148440777042197,1.1753834200601014359222063,-1.3915905798788137381905017,0.6516372662179064079168711,-1.6613223341248568587502632,1.0000000000000000000000000,0.8424463731962633650240946,0.1972910655972643922950738,1.2251249995559012617718508,-0.4998231600614190250908564,0.1304193589771985850589431,-0.0877674065338969189298268,0.8517407166320085654120930
47 -1.0731765621703064361724955,0.3217305933007650331489913,0.5700656612524563904287334,0.0072619689168696988090801,1.3481420847462226575430577,-1.4443924039773368139805143,1.2040681757242737148771994,1.0000000000000000000000000,-0.4087826469133931106547664,1.3996698757097325582776648,0.7614371863957996033889231,0.7041108164461256091470887,0.6063696115752160720191455,0.0643584826764464490445050,0.3638675552307665261864145
48 -1.4905134099214605303274084,0.4571609220440318033240601,-1.6186641253339437707126081,2.0470258289785245864322860,-2.0658393725160695275633316,-0.2849032048051591825554851,-1.8874804232756050570429807,1.0000000000000000000000000,0.6227006148884648428776245,1.4820459018298710596184264,1.1409190677903817690008736,0.2029922375483662055906109,-0.0133729273774624290993529,0.1188970081113427945673777,0.9718418641433715920996406
49 -0.1365137432501510872384642,-1.0398187566161241068840582,-2.7650989335494253751335236,1.0150197325595744501924855,-2.6585206529905649475153950,-0.9380018588108840482675532,-2.8291524452893774821404804,1.0000000000000000000000000,0.1652315550531003873757641,1.3287983996403402997543708,1.8773829162207098519843385,0.1692717561514377744291693,0.0765186147544383854501859,0.6360705998854637721606764,0.7489351836490631963982878
50 0.4832952861645023467929150,-1.5599529127771745162789330,-2.6059117068861934463086527,1.0141864281278969439625826,1.9337685096639987136768468,1.4784136079789584883315001,2.3236971136847035523942395,1.0000000000000000000000000,-0.1833112541581775611909677,1.1211918131496902972799035,1.8508171458661217823049583,0.1873709495083317189134675,-0.9641707668675184583761961,0.1164141163009777546477608,0.1473511623111963819710013
51 0.0269221263443695235650921,-0.7064324337697738265262615,-0.9522354889025566038185389,1.1446751944956718993751110,1.9995721931888592592940768,0.6424884228917417949844548,-1.3995008822188252928242491,1.0000000000000000000000000,-0.6927102457481840724895505,0.5212157030073876207154626,1.2279473711356483356382796,0.1367510730339289160006899,0.0147132272895276750013238,-0.9458106927090883520037323,0.2941472407040298109315302
52 -0.7679434547707789660009325,-1.7559417210579577606210933,1.6475630798873091009681957,1.8943361704891248376014801,-1.2382359374767335502554033,1.7020014695286151962250187,-1.4154887752321030358615417,1.0000000000000000000000000,-0.0853892506528925732123270,0.5543853697786645939871164,1.3716393292108080004254589,0.0642259678627699615027780,0.9915866714798212688819490,0.0975458702489286622050457,0.0557991204761266734735159
53 -0.1114760854870360251567263,1.0198250744868184725078208,-3.0292666660647205034706531,1.4127286190105265983874006,-0.4726092858573465171900807,-0.9246153438118809297918688,-0.4342661332289066145051493,1.0000000000000000000000000,-0.5910939897227900363674280,0.5035262562001923125620806,0.8863522262760972214579169,-0.1819138790565132945964422,0.8686036099448204428341569,0.4254870331522822568537379,0.1771826265835761415878835
54 -0.9505148233527912493556755,-0.4855925917572303518454646,-0.5176799879416194016812369,0.2605880281285327115803341,0.2545086996748620045138978,0.8880049236484439667549395,-1.6746771851236359474057735,1.0000000000000000000000000,-0.7555704592817975573382228,1.2742431519659953575995814,1.1756415439734877459443396,0.3648020341235697072690414,0.7185060987984538405370927,-0.5821810561753213431046561,0.1083123287585378013986315
55 -1.6290390533919461013567798,0.1734256083790333136107620,-1.8049686572047809463015255,0.4134701021311199542473958,0.7246356354922225406767211,-0.9285729870756079806781713,-1.3520612925705783879948285,1.0000000000000000000000000,-0.4008782526155885705954063,1.7736035646820005329260539,1.1947358402691834466935461,-0.1418301472582966238356050,-0.9440610103729963897833954,0.2296963564326613971289248,0.1893951260629892496822890
56 -0.6625074361044027693168346,0.4176156318013632962049542,-2.1650374257321862714320559,1.1598572302171294978734295,-0.2098917502336630214188062,1.7204242858234648494430985,1.5717001992476635763296144,1.0000000000000000000000000,-0.1911197540920799298191923,1.2553072132419462736407922,1.3997866451867617687554457,0.3117791498335450994794371,-0.3134298135268092089233960,0.2129731060114055662957355,0.8713183908253312459635254
57 0.1256280831235889738906053,0.7151416388964944026440662,1.4869762388317848689212042,2.2926904668950895960222169,1.3498975011682592395345637,1.5694406146978643334932713,-1.0050181951951318026772242,1.0000000000000000000000000,0.3003124286050901092792742,0.4816774689593230074358132,1.3608751289716043419986136,0.5429486002145111900318852,-0.5015257433463335967616104,0.6620404371862114167868185,0.1240119492641687526379712
58 0.4811682072863523451644596,0.0234052873823817897402932,1.7683740777019902878919311,0.3160813511582470369809528,-2.3222971393881817192550443,1.4548340640079477914525796,1.4833356384617903955813745,1.0000000000000000000000000,-0.0004104310537128251501482,0.0770703573746006759259686,0.8978619973056874981054420,0.4871999189236164706784393,-0.0026108020859286207304706,-0.8694737728178500990594557,0.0815019340789541607561475
59 1.4703028324718601105303151,-0.9407526096989178299168088,-0.9851235585170647901520624,2.5034767454776338801991642,0.3890507804285974202684883,-0.5563781496590538555579997,-1.9007876973812412035869102,1.0000000000000000000000000,-0.0064243925935301912644171,0.4174588843406459859330937,0.9502548193313853364116994,-0.2169279380013719171760300,0.8661104580223560889251644,-0.2602627898082956470204863,0.3674996296455860234075885
60 -0.2395439413836129016743826,-0.4001124872039591995331875,-1.7337729179590803951782618,0.1288012720508506792072012,-0.8920645741359631841760347,1.6325774011089349002645577,2.3568648518770309863157308,1.0000000000000000000000000,-0.4114607835458211071433254,0.8650770879567375448715438,1.7203194135301778100455294,0.6742718671651370954123195,0.1583745529938340168563116,0.6359780494596474209600956,0.3403008442835211977417487
61 -1.1496701674418865479765373,-2.0820562715693635702507436,1.4501019412492599514052927,1.0688495328085725333266964,-2.0498099565556318069070585,-0.1564771642380571314845383,-2.0687313097499924197109067,1.0000000000000000000000000,0.1923866767901032948095974,0.2021334647655637639651616,1.7867220540505182047041899,0.3679873577060848166553342,-0.6003042231599986511270117,-0.4453653352155536593315333,0.5530530431008637837209108
62 -1.5274094368660395826253762,-0.1998035985374837508743440,-1.5129007877362650180685932,2.0608676152875959886046076,-0.8667698545231345974571013,-0.2433379526907268886048996,1.9118838481981699217726600,1.0000000000000000000000000,0.5898114350631696867210962,1.5586024482606939400852752,1.1071794172669657818630640,-0.1956482890175879063576758,0.0901927231786251448752978,0.2860104212666452205837686,0.9336931078276634599077966
63 -0.5302208794714888817622978,-1.8884305608819378363705255,0.6493971748834748147771734,0.7507883145477566300129979,0.2825163164108599467283511,0.6711688339141619330519006,1.8447205196282459027656841,1.0000000000000000000000000,0.0343304900325209633171752,0.4202263087216322468009366,1.9688417671542861597799856,0.3233504752832651041316581,-0.7081416522908807742453519,-0.4380813194371462326870414,0.4495136605390906425760988
64 0.1476373234197050354765679,-0.2767659355466094428521728,-1.3905004863998386976930988,1.4775874723268613841753449,3.0558983426815364836670597,0.1857932953793330899117109,2.0616541186937382690302911,1.0000000000000000000000000,-0.7110284228711416520951616,0.9036616890319940642584129,1.1601210117429334722771728,-0.1674836780787706536077764,-0.9208809857969284529133347,0.3520293509627581141074870,0.0008480779488086453987705
65 0.3555967788482381486403483,-0.3481159605770909326594165,1.9833056227091248047145200,1.3266946693028760506649633,-0.2813478022750222073966597,0.6219038876239109114862913,2.2587602811529112756261384,1.0000000000000000000000000,0.7443023330849480867499324,0.3686573894983410371040122,1.5191427569536231079183608,0.9985971597819329748091377,-0.0080151116564171377698589,0.0522331217100620581739179,0.0029999886185685170278403
66 1.2026792443124998399639480,0.2718742310371600190421759,-1.5486986433133138607587398,0.7351180354566861918641507,2.0289881970696095336847975,-0.0543037571604931823543438,1.4432990504225244876579382,1.0000000000000000000000000,0.1159957346805671474232469,-0.1252683316507899047298480,0.9209878087669542967574898,0.4817154741239323967327834,-0.5922934226604401608540229,-0.5653081925096734572377954,0.3123509291538298371371241
67 0.3980597021448946115640410,-1.3159020878350835559444931,-1.3318103403623593461446717,0.1021652493123734323221541,0.3745674254668722724659347,0.2212997525571227530605256,1.0520437462185707744311003,1.0000000000000000000000000,-0.1199714340462543632481740,0.6208535488851167905011152,2.1606253425333870055169427,0.3783910586913227791505676,0.4102482240472119512375571,0.7333339337791799916743685,-0.3882469625451285821782221
68 -0.0867897141911282421489204,0.7325900263551576863108039,0.3529862270476993302281699,1.9051325448523890315755125,-1.1679203890314886482570955,-1.3521415985342124521650931,1.6221533805304924058532379,1.0000000000000000000000000,0.4964401782142584540480357,0.5582733168404067081169728,0.6546408140175581369391011,0.8460009333352447313814082,-0.4931869142872095101992613,-0.1748151774979234129858696,0.1024039161071777226386104
69 -1.0138082205118792433751196,0.9029096740698023815241413,1.7649834129572781193928677,2.1054300870333935158384975,-2.5786572682194681682688042,0.5127662001220101295473341,-0.8779539656140626924241133,1.0000000000000000000000000,-0.1193899972675405152244821,0.2815319312716160204956850,1.0729784916387228310696855,0.3379895979582667742135982,-0.3713829622202217684012737,0.6490820973628163015334280,-0.5714262459881007671924635
70 -0.8118274988507252487579535,-0.8456451387576036093918219,1.8285929921716475021753467,2.1592496152488744876052351,-2.3658326916884782065153559,-0.7375908099000745288265080,-2.2270431424901091510548667,1.0000000000000000000000000,0.4264911764969661622792785,0.4818575550548434005548870,1.2737511038020308262730396,0.9581565446698665500235848,-0.0910523388144672124466794,-0.1440435234410763487566953,0.2299888921166360344905399
71 0.7083549936883297704071083,-0.2032044900358671579709835,-0.8756412922640208762459224,0.4697339978812886118753056,-2.7441514141583591701589739,1.8485115037907626778235226,-1.9980845549055770149493583,1.0000000000000000000000000,0.1466965035629256564053691,0.1562958172248056776254543,1.4578992271608584019304544,-0.3130960424654781748543542,-0.4821542196980416750129450,-0.2037034490261971919622397,0.7924650434402524812327329
72 0.8043861634060993637262982,0.5506682455491596073215987,-1.3708373114682590454549427,1.7516867824502690975663199,1.1092948507416506842560011,1.6828074649954767316728521,-1.5683344759276764968092266,1.0000000000000000000000000,-0.0635531338753615865355684,0.9225107872439577416656675,0.7718801489588690278864647,0.7985438872219919881345618,0.5430900343451500189573267,-0.1667629466920494962778321,0.1989191653397083259235956
73 1.2377622309875486728003580,-2.1164386115006350586043027,1.9282384485914354499414003,-0.0498798502552694894562890,1.5715939489345034374423449,1.6833725356686941587724959,2.0501672476274741541146795,1.0000000000000000000000000,-0.0848861042742215382572724,1.4215390427560208319590629,1.5989421532827052807590462,0.1584454965982139140745488,0.8453960213602781381680984,0.3114111819107830969599604,0.4040067258785963177913914
74 -0.3853866250044573060762332,-1.1123017730933153490724408,0.8416677723445973313687318,0.8248468535108708366010433,-2.5933464601935569682211735,-0.7818626426508892279798602,-2.4324435870039482487925397,1.0000000000000000000000000,-0.1584977957611491128364634,0.1595516389541629109771748,1.5818809852648003655417597,0.5397155776474346078330768,-0.4444529491494969009046656,-0.5195265311646591888106173,0.4911809346142932963807937
75 1.1151353025863155465913223,-0.7600470211408318910173421,-1.7026227248074574660563485,2.0203606636311675082140482,-1.9223690461820781560930982,0.2025630447065831507558187,1.4938250556899346221939595,1.0000000000000000000000000,-0.4149699692693488151107317,0.6908060722460418467960608,1.3400025565751099154709891,0.0653613869022131033226231,0.5915555902088284190298850,-0.8017418811868428640821094,-0.0547509927318692302122827
76 0.5142607465614630335437596,-1.8204464901524810560573542,-0.9641799222287139592424410,1.5053603127428143437782637,2.7764352363522331046397085,1.1966804130808430528531972,2.0349708289941643712950281,1.0000000000000000000000000,-0.2187121023356444204921445,0.7514845800198595160424020,1.9357163221839241984412183,0.6263420024225748727886298,-0.3709273078760057518188376,0.6545712112379037384002345,0.2040661275253146667019166
77 1.2994085922783944475611406,-0.7378131300373063083952729,-1.7274696797136377401926666,1.0444668051090399973901413,0.4072401930355655785831459,-0.6705165568105709850144081,1.4865294040755969717793050,1.0000000000000000000000000,0.0715410004852648773177037,0.1714489654850704369870584,1.8449852103072081899171053,-0.1773978913745284102798649,-0.4724962168113291394178077,-0.5681824068394303317575122,0.6499568226271570381413767
78 1.1682435618053084169787326,0.0941846878832137690551463,-1.6216619662146181113371313,1.3840692218439973881771721,2.3467885131890833250167816,0.0989929240499964890886986,1.6194260621957603518694668,1.0000000000000000000000000,-0.2409328855249991407916355,0.1031853434138454150836850,1.1186366520049222383903498,0.2965294833171665533910755,-0.8619116671718358713150110,-0.3985441526349484675506574,0.1016802976645231337826658
79 0.7141809166221677607211404,-0.9363012627220250738702134,1.6001023323413674503967741,0.3280486590722802020536619,0.0500195292974914273997911,1.7664738953721710323918614,2.7131716546631290398750025,1.0000000000000000000000000,0.6862868329195934702369186,0.5249249320107877148089415,1.6383314814254603675180988,0.9664505716785192213080791,0.1319577883710488785951043,-0.1924264926463365443787268,-0.1073789588534608541170456
80 1.4556396423270148154927028,0.9371867725728950659913608,-2.0958776588701768517353230,1.9372464090004775094655542,0.6704944387476396983061022,0.0483703715670549261318456,0.6503548492907333944401671,1.0000000000000000000000000,-0.0078069412848526253956294,0.2248208040602125423745861,1.2939448049082260538966693,0.4282245943792462594679193,-0.3652528047071099681630812,0.8072284886443019669144405,-0.1777472040690779853111536
81 -1.3752747780301064484120843,0.7423812078923832658006177,-2.5684925650533001473263539,0.9016938731315050636894171,-2.0066358461974358462498458,2.0618524399870570285031590,0.4230536868218583990142179,1.0000000000000000000000000,-0.4225489110653649071913662,1.2085232413793405292778971,0.9701852776246054910203043,0.4241104211361631515231352,-0.7118871332130431994755781,-0.5001665010809674960512439,0.2513529901206493777365836
82 -0.5688737571427215922170717,-1.5103887974179295294874237,2.3360207886898276541387531,-0.0420146009046652377239006,-1.2002043935559711940186389,-0.2111691665619175317658573,-0.9746169165911231502263945,1.0000000000000000000000000,0.1383088032650540422086038,0.9313639541129073995406884,2.2328094327495993098864346,0.6837491755166519302733263,0.2036979910153448591891845,0.6988244846646319841099171,-0.0513453730839192878931954
83 -0.9176998862519394339898327,-0.3200930442880338677724694,-1.3268477373210600944730686,1.8483141916181491382076274,-0.7140299312207054605039502,1.9478070775605176301326082,0.3029783148150788640862174,1.0000000000000000000000000,0.1876676635777941304361605,1.2301367308224515628722884,1.3299507775481487215074594,0.6539680918191075331691309,0.0092897241312861478235163,0.3815787477630973589803887,-0.6531729924003482068428639
84 -0.6402912430101910246094121,-0.5040034060454940956219616,0.2232871238898592736177307,2.2683791365373782156211746,0.4406147454183617639955628,1.8382347427577334642023743,-2.7928766596605427707800118,1.0000000000000000000000000,0.2026235807146511413989742,0.7686090732327840457926982,1.0916109071683022246901373,0.1013869006052836863052136,-0.2648119812676906770221308,-0.0307266017597392152027602,0.9584617718095779226317177
85 -0.5662439026978174361204310,-1.5514144089875807619449688,-3.0330891802081390018486218,0.0318987642088433415166193,2.5649051330694483397110162,0.8202295909628793957324433,-0.5868293439847556136612639,1.0000000000000000000000000,-0.0216685995505826248241910,0.9963612145461226976550506,2.1375124062961869952914640,0.3137662925201654684492780,-0.3118435343418717309305066,0.8706249284194709225914721,0.2152076609621643710212879
86 -1.2586537296571440602832581,0.4746039640668802128686821,-2.9244699073346818174456985,2.3349772620485058638450937,-2.4149973767483596809313440,-0.9657341460995148008095157,2.1746603478312769297531304,1.0000000000000000000000000,0.2926539483782734651917679,1.1718376427112136006769560,1.5133429680611845125071113,-0.4329138264906406408094597,-0.1497400430456399811340873,-0.0152321492518186496489818,0.8887796633588076478105222
87 -1.3283747081355583574691082,-0.5058188225407238558517520,2.9548274042688058571570764,1.6414503091608407814305792,-1.5332926411807037414547494,-0.3574362490022915395115888,0.3066130640989230826676248,1.0000000000000000000000000,0.2223662875588048593034074,0.8863567068962479034155422,1.9903097977578529942377372,0.6240286263667345068029135,0.2830050171132981740029777,0.3973689417461157002975369,-0.6104032501823007939023569
88 -1.0917718063497665603733822,0.8649627003697508698110141,-2.3827095588225373212765135,1.3747635036654597406879930,-1.4533549652334094570704792,1.8412736098929576300520239,2.9363063661536701332011035,1.0000000000000000000000000,-0.4129852970780292786834309,1.1489129351071276641249597,1.1883492521570806488284688,0.4916700996173210547190990,-0.7456319280463457044305642,0.4496190420319252090131101,-0.0115776843484640123982388
89 0.8619896304299454747877007,-1.1537083443844262653499300,1.5526324968520395231053044,1.3630471412320837032439158,-0.2721852162802522734352806,1.2482275320292495202068039,-1.6448831244240902371700486,1.0000000000000000000000000,0.8506991812952680032111630,0.7557314308116489520728010,1.2865260541197161003879046,0.5864861201869547846499131,-0.3095673541558384700422835,-0.3943924397622048938494288,-0.6361246110121607788556730
90 1.3363262186385669316734948,0.2598412742618663173743698,2.6167963551697779323035320,1.4173147900157208045612833,-1.1427089546219022508921626,-0.4017516551906701316454473,-1.1213515192039085199837700,1.0000000000000000000000000,0.8518626920656986456492632,0.4365369493974025072446921,1.7090275755433799176330467,0.0493032709675580299579778,-0.5163902460447549191968619,-0.2046398508668392790532664,0.8300786934217214696474230
91 -1.0000094554928269374727279,-1.8336993277346245179160178,0.6414327971193407584848956,0.9808046834537780256368933,0.1749977485742411076330427,-0.6793605055325526720366724,-1.9330518933944647042011411,1.0000000000000000000000000,-0.0630267312117726852260802,0.7189363887198689795354767,2.1203655165554251560422472,0.5375478263655799615605702,-0.4973988707449883417410774,0.5425246649607522453351294,0.4114625214850455847681587
92 -1.2408094031309093718817849,0.8630676972661484036564161,-2.2092833197048773463677662,1.8496025093661629945529512,-0.0060195866352970028856362,1.9597044554410949501743744,-2.3756825843074746984484591,1.0000000000000000000000000,0.1645907815842779786663641,1.1644794693969666710131605,1.2666217774488464087312423,0.8607362560856938182851650,-0.4656744092048406558070894,0.2055126742567420228269270,0.0065368425418138587090766
93 -1.6350464643495195016242860,-1.9561075561051755045127720,-0.0835653077012801226430838,1.4764643755417614645608637,2.5975352438225112194913891,-0.5010430427840124600891158,2.8130394877232793859889171,1.0000000000000000000000000,-0.0855045301379622341153564,1.4965846467974022182545468,1.7273987280314013759152658,0.2016739435352682963120685,0.3290802276411652349530357,-0.7631009977381826292486267,-0.5183709982225298551483661
94 -1.2575043028654637744523370,-0.5593647714817731042558080,-1.6977076948031382119808086,0.7492790089320757740409817,-2.8244083595478017834068396,0.1002867512084151258022757,1.2130532486271361491958487,1.0000000000000000000000000,-0.2460289189337158399784045,1.7459343529903954550519529,1.7211366622899264555712762,-0.5307297681781053544369797,-0.7978328706731200314905550,-0.0676494103395939017087102,0.2778668056574463696151156
95 1.0031734695551857150519481,-0.4639697193656906470948798,-1.8571276353944699000209084,1.7097743723559073458773128,0.9490609086696348839495840,1.0047995356754282347822027,2.1666211833337420955558628,1.0000000000000000000000000,-0.3374516147274252420018570,0.5973470054224910841256246,1.1656871088308460304716618,-0.1436779210075736223917175,0.7862497704606057347120895,0.4656963887620568787184538,0.3798587578489781013679760
96 -0.2097903589171441485206060,-0.6116857961065533810796069,2.4801104582024438016674139,1.1829585279472909498110766,3.0085040507938272114074607,-0.5425318156909710864965746,1.1594948175430737080660037,1.0000000000000000000000000,0.3783130972411681280931361,0.4657816779417540131724706,1.9044041907971815952294037,0.6447782345350384636262220,0.1101481802312135882537802,0.2883304657368064294331589,-0.6992794653185605557865756
97 0.6762714049704898755521754,-1.6090680620968655922808921,0.7746952046575534822636655,0.0955457896522925037574581,2.2153367111842792169795757,-0.3277697297721349212196174,0.6286201433546936279128658,1.0000000000000000000000000,0.2774360862554917650513175,0.6972124152776101313477852,2.2207920414455086799421224,0.6328413593353181543221808,-0.5086301347231865221942826,0.5097001946095078839249481,0.2846237598724364881164206
98 -1.0777865865032167924653095,-2.1246744392829359782126630,-0.1325346339385045091319171,2.1757979631208805848530119,-0.8613672248108157347701308,-0.8231894943224686844729376,0.4571257762853644379674733,1.0000000000000000000000000,-0.3275650874534081213873549,1.0046797661223560993448700,1.6417982946255711418359624,0.2576960838139057408113786,-0.2064527270641028922071314,0.9423841155638694733198690,-0.0536661445864141106731893
99 1.3016438251309918605613802,-0.6152471666905314773288183,-2.0408320426626369581413201,0.4875657001759697295462104,-0.7229631025763056939581475,-0.0336335085227068564250885,0.1899455138402741383174543,1.0000000000000000000000000,0.2986749507522309388107828,0.0814411551869460847985494,1.8834106825725807077276386,0.6842671695907562856575623,-0.4985060303537249826177913,0.5282713715621978334269215,-0.0647871999458670411176087
100 -1.3609106991407757814016577,0.5345281200416054367963170,-0.9445323233778823990292040,1.6651166184298302752608834,-1.0112449763511515143932229,0.1475980773996901085354239,1.0472093128115913529541103,1.0000000000000000000000000,0.5193580301270428467574902,1.5299413098801706301088643,0.6954626451881539273003341,0.8645285199580192703194825,0.1823710032704472516762451,-0.2580802097668647987482871,-0.3907987400105595310328965
101 -1.6902353737666990785015741,-0.4946565486153848834049995,1.3451920795793448348831589,1.9843195009093352876305971,-2.1696157385132348593970164,-0.6080038895399230147731373,-0.4268449128036597706170596,1.0000000000000000000000000,-0.3117832483308859425896742,0.6016313075718474623343468,1.1738259492123330751667254,-0.3939645232820213061053494,0.4617856765712052835581858,-0.5914742363443672434897280,0.5307559992939681059453960
102 -0.6511871552916781435982330,0.1096111441657932061843894,-0.5536537940670385182784230,0.3111968178326248724019365,-0.9151378858742016397798125,0.2194022354135345409531510,2.8743513512990217506626323,1.0000000000000000000000000,-0.8265756780178147300475189,1.0224138311027650694029489,0.8038866440899952170440201,0.0723746990400552792088718,-0.5960416536614299154450691,-0.7679949368666409981187826,-0.2228851224051118240510050
103 -0.3424169355820569915493934,-0.4748117996034264542970504,-2.1723805010555778949310479,0.6148147556301274407886126,2.9617675422163536325115274,1.6867164305192958728696340,-2.0163177012183322034388766,1.0000000000000000000000000,-0.5313293033677570775807908,0.5985160568840591777117766,1.4913478322039042112123752,-0.1682674400078058019047944,0.5383312093026693112562953,-0.6296193153516054241691791,0.5342873672182504307670570
104 -0.7185168491414867242284004,-1.4808243877290858669937279,-0.2935312914633221303972732,2.2337159830144215355574033,-1.7598960756915138503586604,1.4336752563289389961198594,1.2649168055979149727363620,1.0000000000000000000000000,-0.1989884879924516403182366,1.3471610531233091379021971,1.2972036223529406218091253,-0.3430934281604289814993081,-0.3911326901957988266822497,0.5910319372680187255397755,0.6164261440844535089311762
105 0.8987115054498997501752910,-0.0496606879870689077449697,-1.1459065085731612310127048,1.4622075136025469710432390,-2.3626277811162301745184777,-1.4546569187804689882170806,0.7528753448482023991061851,1.0000000000000000000000000,-0.0908751661884175804262398,0.6228816910343784041259596,0.7652891772134970960195233,0.3528900940255522700184088,0.6723704589762055094936954,0.1533047563342452290768847,0.6323622726863064036351147
106 1.1681772960217440271435407,-0.9510325773516821179498493,-1.5577418296459597524261653,1.0496702634578896073946908,-0.9444881795130148915973223,1.5777458828942210189438811,-0.4634955929547994735173688,1.0000000000000000000000000,-0.2019174461159776723384596,0.6804926109390243560426370,1.6282634268441713576436314,-0.2980675992441773614061162,-0.6672921921265125844158206,0.6086851884843706983474476,0.3088318713884353750032119
107 0.2502242889934751524094736,-1.5196265984385397551648111,-1.3888963719481348668693954,2.5812882305268605165338158,1.4384419282504552484169835,-1.2015084313690129746987623,0.4825874850952938110992818,1.0000000000000000000000000,-0.0368470708410326558412962,1.2776592987186854433190319,1.1513774418796525189634394,0.2950889161632657131661972,0.3936898631104231438548879,0.5653807824735045395314614,0.6620220295704604129838344
108 0.1572896757751667262681394,-1.3411837087665605672270885,-1.5349180784919012054956511,0.5133558318872729619997131,2.1176042829298431513507239,1.5609831099588071801065325,0.3000739705530337531058649,1.0000000000000000000000000,-0.1582683756824732612678019,0.5498153488732413496364870,1.8576065764275611069678007,0.2606538831544518708405178,-0.3354453957219422077784543,-0.6721223631436228362900920,0.6064530200962722217283840
109 -1.5223302318311295877606426,0.0650386410933170289183636,2.2384076268099768469710398,1.0780580418687581989445334,-1.9961243356275952809397722,1.6095682607916916850854250,-0.8333645025120883786939885,1.0000000000000000000000000,-0.5954784538844165586723989,1.0917029859303370997736238,1.0766182361557830038378825,0.4364173636962175861775393,0.3956105297536701148608529,-0.7570201625200509987223541,0.2827551866763979293573072
110 -1.1297415076121875010528584,-0.7571812428683883933189236,-1.2146894144939155424367527,0.7833302049400889810470971,0.2631437747302203256083430,-0.1317007202434461454743087,1.7637188961490615213278943,1.0000000000000000000000000,-0.3833009378681009882150477,1.6912914517176682593913029,1.6469391135804396508746095,0.4216510103628338113068708,0.3881253314845115043318913,0.7634685916080773404601700,0.2977963793052881835698997
111 -0.3205816047341853991525795,-1.0158116324482537873308274,-0.7690080038189850419882987,1.5338288610427770475297393,-1.2803140756410145151278357,-0.4767901080519572065696821,-1.9249004474291115940332020,1.0000000000000000000000000,-0.6848148430007401366026443,0.9332635952426362457856612,1.1980787316268093345428269,-0.0937848951086997922876876,0.9677260181990862131229392,0.1538643183503150824176231,0.1761656663993597105033473
112 -0.3586292296641757637587489,-0.6730538875591258740627154,2.9553289165224416734645274,-0.0129805739293715888260650,-1.8172983123465900057169620,-1.1022053385233210320848229,2.9946172445470544687395886,1.0000000000000000000000000,-0.4673060190152598103452419,0.8822060410979789546459529,1.8580289771897073869411088,-0.0436675850032567924863258,-0.6009487742021978329276521,0.6064495745952129812650355,0.5188163950888217135215541
113 0.0929683451693825713135766,-0.1963852310038098902822412,-1.5884364935463877177568293,2.5021217328124314427384434,-2.8893943216318240807538587,1.8391992152766971635458049,-0.2041355187954079219991854,1.0000000000000000000000000,-0.3800324433587717321003652,0.9631435209815518705411819,1.3170008037534264300205678,-0.0886890517255067845070471,-0.6456759403431415744734068,-0.7328176143819093990572355,0.1954817564663886841902496
114 0.7701911997215566962893263,0.9758623422630421373469289,1.0372859784630907853397730,1.4614846956503970698548756,0.3698312568621853202444072,0.1812938468900169297626235,-1.8218711782511656238625619,1.0000000000000000000000000,0.9206380219247762841661142,0.9533690257623259611818867,0.6639574009958799649666616,0.5153043758393526241334825,0.1884788124418259047665458,0.1209129792104959577603296,0.8272333206753730294735760
115 -0.3495822251387330492633509,-1.7036874876090730701605480,1.4312681897730552549319327,1.5474943281698478880770153,-0.7586192718193025541495444,0.1405392812010202163719441,-1.2293561491045896794105374,1.0000000000000000000000000,0.3993856386079469578120893,0.1724488246357978316058990,1.5257805099126509063012236,0.6617041162433624501559848,-0.5623765478939115602941001,0.2975779166257381813665006,-0.3966428261054456005929580
116 0.5141426716579955424890613,-0.4888545242342419161474254,-1.5222874385959845877636099,2.5220688963029855855779715,1.1280696870475397375344073,0.1329507178070978845596528,-0.0158940454548663900880001,1.0000000000000000000000000,-0.1736524109338084542741854,1.1445849416584965574372745,1.0039471855041404158015439,0.2835424204482435706076160,-0.0606334008064270124638284,-0.8088474737475515041751351,-0.5115573144121170479081684
117 -1.4972823345915928783256277,-0.9078091751219745653145310,1.1535768152803056452171404,1.3850194495483387768786088,2.2607444541145795824377274,-1.2754559714355149235842646,-0.3026152575377447639937145,1.0000000000000000000000000,-0.4772269270316181755120510,0.9924483425320528295898725,1.0952460614309487141326827,-0.1700534107403755545995239,0.7139779254223554971758858,0.3571063125786781422554839,0.5777458586443215970973597
118 -0.1046783663505512773639339,-0.3550266423272090410279134,-0.2424555932809568936647793,0.9891230278793363694944674,2.6295695266363070530246659,-0.4913441805889353641845219,-0.3705970739068451536013526,1.0000000000000000000000000,-0.5912839042343333018081353,0.5646892819262741003427664,0.7598576077503098602505816,-0.2619869654266834269051856,0.6582490267866254463058340,0.6120698506350517043017589,0.3513392603010535020224836
119 -1.2764031639236339543685972,-1.6111140447594753943860724,2.2036180351742267191639257,1.8179090432226232554313583,2.1217844115527277892851998,-0.3322623145021634805118538,3.0556751529232952790948730,1.0000000000000000000000000,0.1989948260981194982921494,0.2358592759272813699222837,1.2997860562218201962991770,-0.2289279095977842792830614,0.5454742815655544418973477,-0.5316152619503438092607439,0.6061623836525604769320807
120 1.3735381923065483888990457,-0.4877328706442995986947153,-2.1196753076018395312019038,0.6602415193571901097513432,-2.1481429960788895883183613,-0.6497063161534277764275203,-1.9569902926469175952206569,1.0000000000000000000000000,0.1710297885666737238707924,0.0359219742746619830064958,1.6718049511055803613146509,0.0997980636363029471880282,-0.3292738289759159497904761,-0.8116402683584690302964759,0.4720774777972698288408537
121 -1.3172977167120747399309266,-1.4572527708226128417834389,-0.0790208638328602219758068,0.1529337922460091148124661,-0.7561593954512662030253978,-0.7477203004618920845203434,1.1102141588205540756462142,1.0000000000000000000000000,-0.0248432046278212713408262,0.9020416264358201985373853,2.1577816445665112254914675,0.6734426004370989149450111,-0.2686603741435110714874668,0.6730654512615857898438776,-0.1458675421991050269454604
122 0.9457766145946528979493451,-1.8886790388699987719434148,-1.2289513046724946931931299,0.1397139969476098309009160,-2.4555773983172035634936492,0.9436843379871260317770520,0.4635757386528776002876384,1.0000000000000000000000000,0.1619318426889075068775270,1.3283508466674078807301385,2.0258282384647148255396587,0.2065118906373381857388694,-0.1206328715647458915682932,0.6242578838959336184899485,0.7437072521885633724636477
123 -1.4239092180797188191831992,0.1861759735071921717519672,-1.2362319505181209589039781,0.0529622932462777279427613,0.6633090430220165423236267,1.0038375478987622280158121,-0.3524041628313270280159486,1.0000000000000000000000000,-0.3355670478273261037038822,1.6760434871966014558353208,0.7349543860646412518633497,0.6606707642459068718920889,0.1922041998761594150391119,-0.6766034289074744911829384,-0.2622544817153513174723400
124 -0.9970963537699626400012676,-0.6010354421055108531390943,2.7411590691703535682677284,1.8999794800961291585394974,2.1259865993303188602681075,1.6613736956655174026309396,2.7344949344301108240529175,1.0000000000000000000000000,0.1311730078069207328095303,1.0385160519090625985683118,1.8475470179304334106262786,-0.6041117547113299401928543,-0.7113646814560889986012171,-0.1388798869269490532385447,0.3312393029379844811010969
125 -1.6535051911573002136890409,0.7404276013213340057461664,1.8296305081973889272717315,1.7715878621794223235497157,-2.7673180449811360936962501,-0.5041728692355003094149879,0.6497604059245256635790611,1.0000000000000000000000000,-0.4537836587131709453757367,0.7348408256686459472106776,1.2667819582410049239484806,0.3159499604759216095928309,0.1777705639340579624185779,0.8201794633140563339779305,-0.4425796159990131872774555
126 1.5219278874453538996647239,-1.1232595104762628235306465,2.9172628411195846709347279,0.6864143576176903183139189,-2.9119926222502221513366294,1.5435005331193019095792351,-0.7782943882957540360223447,1.0000000000000000000000000,0.5674929249499659489330838,0.6803670242465178485957722,1.9770058297546404535438569,-0.4486475305881723607548395,0.0634004226479530363924653,-0.3886295415787473506163963,0.8022846898491382550133721
127 -1.5248619911093321821482505,-1.5406702302432013773625386,0.2437229901857791425356936,0.2107559298876467424044279,0.7679915807475294897699314,-0.5443792301222480922717750,-1.7304379505912950154566943,1.0000000000000000000000000,0.1201028459510109502872410,1.1345685135377798768985258,2.1998283103744631361564643,0.5263270737339332816517867,-0.3368094769670069155154124,0.4858373944760486784488762,0.6111456871720254424573682
128 -0.1332451426272784900106672,-0.5878328403163852744484075,-0.4791585624864511672171830,0.2358884700657280508728775,2.7368565602404331116304093,-1.4718336709439840959134926,2.1371997779087159585742484,1.0000000000000000000000000,-0.6192568918508115638488221,0.6793834382111757497213489,1.2600918379021577298004786,0.4008233568540215396858173,0.7211855817323327144663381,-0.5554977788845896213842934,0.1032085617765784446575594
129 0.2656319164914235919638941,-1.2374762853209282376099054,2.8267374558868274547762667,0.4773983536881385991712534,-1.0224250334349576085912759,1.1987444437960217413774444,-1.2333730149121830965697200,1.0000000000000000000000000,0.5740244167817806220099897,0.7406834063387022215607658,1.9742915353696215419176951,-0.6097298180440664516765992,-0.0112210381103753920051247,-0.1588950027776956652747486,0.7764366041225194692287914
130 -1.3012647965132262406484642,-0.8942940572021966794125092,1.8699548536213681515505414,1.6420075446162405441441479,1.5886674925199093522110161,1.3293806694633443221675861,-0.5822329887697623718167961,1.0000000000000000000000000,0.1054394961125865171069904,0.5378103687756073947312530,1.7256213861464599901296424,0.3877907438288927255420901,-0.3890019375498890985554112,-0.0227107199363708600614586,0.8353309646603465088432472
131 -0.8459740861201983097572565,0.3425953076871088853749825,-0.7050502724622988992564387,1.4754108174915474549493410,-1.2987918241628408910770531,0.3992630968643640088089342,1.9804373393987475537869614,1.0000000000000000000000000,0.0054072148712909148815520,1.5391382167081941734210204,0.5884794718179162664739579,0.5662872027914542805149267,0.2182550960137545903450018,-0.5806312122421246613157564,-0.5427234519985020266830134
132 0.2968114946257935926610116,-1.3146679748425573741599237,1.6855302318175153786228293,0.4687504047037802101804971,2.1739809811352666102379771,1.1016356565676641565687532,2.7594486673159748235661937,1.0000000000000000000000000,0.3118945889233384338723454,0.8309190371962844601227971,2.1206269185194739357314120,-0.6158065018022060854718802,-0.6513094399420916724707808,-0.3241107614436149475523052,0.3025365827052891587456429
133 -0.8130563754848386670559535,-1.0648472338299483919143995,-0.9398898918532037072282037,1.0609071015747761901337753,-2.2526160302374584887274978,-0.6570653224661650027016435,-0.4207176642174448311095603,1.0000000000000000000000000,-0.5547413243601101440205525,1.4165746187537244793475111,1.4111572676257504443952939,0.2596900964292436775338047,0.9430257584767340883757925,-0.0908151629548519800927409,0.1871199995470047006129732
134 0.2578269615652721835630246,0.2201379932235640879412131,-3.0077990351738979057927281,1.5932227763529969166711453,-0.3595536565205796897259916,1.1994823149849405119482526,1.1154887525609176179841597,1.0000000000000000000000000,0.1362366142866567320091065,0.6961655209831133506170886,1.7101207488149150481859806,0.5381196619913578560456813,-0.0843033608817458368633879,0.4255377989752292533509603,0.7226586967540383765751244
135 1.4607440585662136989242299,-1.5943119761167614534258519,-1.3796069179940440019294101,1.4065707324559661994811677,0.8032750263420287417659438,-0.8062282048125023470319661,-0.8545539971951181534848274,1.0000000000000000000000000,-0.2751282154776106825266879,0.5060226674661910672980980,1.7807423220812907960208804,0.2953303330448270314079195,0.1490393327069319817645976,0.9374473552846313006980949,-0.1084326144142113701462904
136 -0.6818047349844453819400769,-0.5307358621422832989367180,2.2535620952505119873876538,0.2700337182935484414691985,-2.7868009166223002281981280,1.2469841796118648069580104,0.1776875324438735859189364,1.0000000000000000000000000,-0.6880150928591013403945453,0.8376201508481747604051293,1.4924451569265166916977705,0.2165822578343153392843590,0.1575017348722815568873301,-0.9554813607097865091333233,-0.1238487568470239830187296
137 -1.1965492258864431907028347,-0.5024404015054182437438612,1.5953106309910021209930164,2.5044780103296404583090862,2.2699880718202276597139644,0.1666712016092097847774767,-2.1915513642330428645266238,1.0000000000000000000000000,0.1338611365937575903295453,0.4143794895065714412041302,1.1389945700177181997503340,0.5564198376416936708821481,-0.2579342764651179065182873,-0.4911234990599379068854091,0.6185970626326203758438282
138 1.0725098186868953220596268,0.8376533967874264519082317,-0.5686859976692155704824927,2.0167594362752323533527488,-0.0003543353217443367952910,0.3590539389359770350296230,-0.4782391678817754510077975,1.0000000000000000000000000,-0.1846295875640791006588870,1.1801320142688784819995362,0.8462549294070627059483058,-0.4346211407540738758115140,-0.8957240233286618558139480,-0.0856439136746227624996664,0.0380245496903657831389012
139 -1.1553829743519541395357919,0.4352315973342544275226373,2.0873539331238024630010841,2.0906324885024840654068612,2.2110889094165004920000683,0.8841622952830072712515630,0.6345645371319559302492053,1.0000000000000000000000000,-0.3787724855164766868398374,0.6698845795712675688093896,1.5335861165405526573835004,0.4562158239115476354719192,-0.2608003011444210983427183,0.8501937604132889791941352,0.0319180470698475771129665
140 1.1197593842100261873895306,-1.2859148428695810206789929,-2.5870914237705333604822044,0.4366712664396833476487814,1.6739083083434538323786001,1.9466044605817676149683848,-2.8495142017437680159730462,1.0000000000000000000000000,-0.0050156315580056586023172,0.5514528661429616285261091,1.7387345080351861437151229,-0.4155319585320353947821559,0.8384399867262839478598835,-0.0974886506969332711225462,0.3388883574364184858573879
141 -0.1249458148125937029249144,-0.6356508692152100792327474,1.8356464820989950581520134,0.5784643696641847965267402,3.0329983760714522844637031,0.5178061022463240625768321,-0.1846208589522264631455073,1.0000000000000000000000000,-0.2597760131619836765359821,0.2056540359011757856944058,1.8361073945364918547085153,0.4573721214230060949645917,-0.5557451173918247500083112,0.6942302362983227004278319,-0.0005401955605744968025306
142 -1.0073674297766772589568518,0.2861882506651753921289583,0.4129529148219224232718716,1.8967209010919185985244440,-1.1002662293125251569136935,1.7828001745155166446465955,1.9386533346928906951234239,1.0000000000000000000000000,0.2027407070191183102725319,1.0961243179559638782905040,0.7530906587010957053962557,0.7137606217798591057288604,0.4115210317828505992565624,-0.2409140069938301986773865,-0.5129857590921074184109330
143 -0.4326975243732751330583142,0.0438411829950484666085231,-1.0733375170820582678032906,0.5864948710373112383820171,0.5120443224855906194648014,-0.9945834701081344153550390,0.3091534764664962686708805,1.0000000000000000000000000,-0.7998926657322871225375138,0.7886115660749567490839240,1.1437166170555763677896266,0.2669976722699403670624463,-0.1450616907360423590844789,0.9392902452732325713213868,-0.1593769666044842492347300
144 0.9579746915999662881802124,-1.1271106456239290416476706,1.2992772125367606506074480,1.0942410877534376467679067,-2.3344667417199662651228209,-0.1268786068054776894342695,2.4644338683138764523050668,1.0000000000000000000000000,0.9887308261109449825099205,0.5478228192176211042152545,1.7114828714496879147333175,0.2592913613410592343910821,-0.1586491183351279032898162,-0.0340034076100587806523734,0.9520714315513372216770449
145 -1.5286774932457172226918374,-1.0369919952657034034615435,2.5770921118384624293184970,0.7630245862421692892851866,0.7847480912896562799119238,-0.4253705813031707361204781,3.0513203886134183662193209,1.0000000000000000000000000,-0.1687109243331339214488906,0.8417979361466710885864018,2.1316609994885094003791437,0.4795886174230277188001992,-0.3164347435286343213078908,0.8144480988409816824002974,0.0808449734377563178355786
146 -0.6183946100128907552573310,-0.0780779037899699268621134,1.7071871422403424034541786,2.0387334019321636802146713,2.5964495590633944743785833,-0.4370101893555371486144168,0.7263725254150914523165739,1.0000000000000000000000000,0.3108686425374620476702603,0.3136189117179097873844285,1.1841224017210085772688899,-0.6276562859040498709717326,0.2563939372943043748520608,-0.1510131293452978418212496,0.7193765145522952320078502
147 0.2351598796800431490083838,0.4178400850746966099791280,-1.0589037865517265668557911,2.4915800211436951450139077,0.7370386751322257623542100,-0.6614782043086370189044487,-1.8753944708082799230908222,1.0000000000000000000000000,-0.2109825205373604406489108,1.2659374282364914687804003,1.0414499735994786622228503,0.4366787792353034047820870,0.8874039495964050061616035,0.1464900399271845676807402,0.0190880337216853823711915
148 -0.2628337089524512837357406,-0.4420980343386053945664571,-1.3074703902978210834362471,0.0241692565261242969798516,-1.6677869000345408867502783,1.5684037040907683469015410,0.4918049924880292245177316,1.0000000000000000000000000,-0.3598177436962383124452458,0.7411654981628380545188861,1.7645853233314272578979853,0.2770420717685669886876099,-0.4547078008011281036182538,0.3997616420344859422542072,0.7461079445642531116078544
149 1.3687420618049879195154972,0.5183896677714723288943333,-0.4644452703198549414764784,1.5252175661228677405745202,-2.7892534655790095499128256,-1.4557823346794984686880525,-0.2335435998414379099585858,1.0000000000000000000000000,0.0856215544405591749699269,0.9522185394164244254255891,0.7025258293885383586996340,0.1735960391047596806934905,0.0683413343871831779896553,0.8122574450528026179796370,0.5526568104790449131868968
150 -1.4694674221014181192401793,0.2417694013569362532223295,2.0354734356882220325246635,0.0952460184680512106369932,2.8980984173692290184476406,2.0239751495627844590785571,2.2108788816490578810203260,1.0000000000000000000000000,-0.1399860644121160013764182,1.5233465417267240127330297,0.9990271401707322418417334,0.1591154674303382754452230,0.0932895437453984954778718,0.2235933836068064173296932,0.9570701265560388470987618
151 1.1368384093207692941973619,-0.1926318843130170321842343,2.9947417170470611580412879,1.1698467778432397601307002,-0.6448316705570706908190459,-1.3604731101145375316008312,0.3443055784978463762513456,1.0000000000000000000000000,0.3636063590036288095674877,0.1844790697854521988041654,1.7114736809799655503638860,0.5952229098867773959824490,-0.7994122167091369801639189,0.0805080835130810856803407,0.0128871433382033995229676
152 -1.5620871678539376414818207,-1.0013496198041129670031069,-0.1588480472650202202089531,1.1067273967455732996967299,1.6862499082662401050924927,1.5951421678420407701537442,-1.8062667663922846728041804,1.0000000000000000000000000,-0.4801274705645283136234980,1.2502371589854819333709202,1.4099546275311656273743210,0.0296898088710308427629059,-0.0608673998508453273359464,0.9420220745351315372317913,-0.3286424698827266621670162
153 -0.2420320549133792020768396,-1.3173923177022448527395682,-0.3646725684705143244457304,0.2501885943115635391187368,-2.8716429127290115097537182,0.9801641451766229806707997,2.2917872515687660595062880,1.0000000000000000000000000,-0.0027799964338224951443390,0.8468945086715948811217913,2.1313021398454932153754271,0.7963815771581232993980848,-0.0391321044253706840088114,0.5467111505914628022395618,0.2556361588686704711115283
154 1.3138998492367344184117428,-2.1336729837128300957260763,-2.2755022508422131366501162,1.3166987631538409342368823,-0.0914665613986862524598109,-0.7330671522388915173351620,2.3357323355091423877638590,1.0000000000000000000000000,-0.5076524727103084444479464,1.2413101737349163666834784,1.5720646634488348869496122,-0.2700850358187546484955988,-0.9013596408044100005696464,-0.2607294474312672472038344,0.2159231661454439343827971
155 -1.5329602663845061094605171,-1.5156290721207059668529382,-1.1738897084756128030846867,1.4753413595116422474262663,2.1422844572268822105343133,0.8275981881078378066263213,-1.8540066659483158684196269,1.0000000000000000000000000,0.1811961659936748569865728,1.6799208075339724377528228,1.7106620232931093461559158,0.1834450512979031167049015,-0.1088115576276182938642023,0.8254863357346058361230234,0.5225688196966051801695130
156 -0.6816483012685177200751241,-1.2572901917334133869985635,1.2273089867254443063870895,1.0441358488361052181403466,-0.1118773334486768966655745,-0.9941469575439740857802917,0.3206289319273221138928420,1.0000000000000000000000000,-0.1741960658267013850597493,0.4821671229736305130941787,1.9587675341471579848473539,-0.3973677827090621450523145,-0.5382409868291169185994249,-0.5761983071020245761317824,0.4694558360807150609872451
157 -1.5504956019313427262318328,-0.2243451621743592916402577,-2.3621426668539458049167479,0.2789913116903003365010250,-0.1674525518819933722625137,0.2046714116888634915625289,-0.5305515174006818490681781,1.0000000000000000000000000,-0.3357981078979683231544584,1.7862583666223297296227202,1.6382888826206800647611317,-0.4830478478030562627942857,-0.8235397435398101873005317,-0.0671986713661551493537161,0.2897053997833728966604383
158 0.0450116820708867937383957,0.3560576063352907105752365,-1.6864166547400376572340974,0.9280760767544041778265296,-0.8195046982888620767937482,-0.8151127729274615374421842,0.7041838362064138934215407,1.0000000000000000000000000,-0.6624876006342833578699469,0.6454086565819217025108401,0.7551609492439861348600516,0.1324075079187155001836373,0.7505390801972150471854661,-0.4931138738794327291969921,0.4195186034549475140309482
159 1.2226023224310154091654113,-1.6852916655281051649950541,0.2084137758314335009401930,2.4720900588082566073921953,2.1041938951672962687666768,-1.5182048361813889059135363,-1.9083382300927016483882426,1.0000000000000000000000000,0.1596789163547355228089941,0.5546549135328210367035240,1.1533548169221601309430980,0.0851917522466182908225107,0.5642161609686613399361477,-0.7896540519475936381610381,0.2254923446470499248661667
1484
2 1
3 2
3 1
4 2
4 3
5 0
6 1
6 5
7 5
8 5
8 7
8 6
10 6
10 7
10 5
10 8
11 0
11 9
11 5
11 8
11 7
12 10
13 0
13 11
13 9
13 5
14 1
14 4
14 2
14 3
14 9
14 12
15 12
15 13
15 10
16 13
16 5
16 9
16 8
16 11
16 0
16 12
16 15
17 13
17 16
17 11
17 9
17 0
17 5
17 8
17 7
18 9
18 13
18 17
18 16
18 0
18 11
18 15
19 12
19 16
19 15
19 18
19 10
19 6
19 9
20 10
20 19
20 1
20 12
20 15
20 14
20 4
21 9
21 13
21 18
21 1
22 12
22 19
22 15
23 21
23 18
24 18
24 23
24 13
24 0
24 16
24 21
24 11
26 1
26 14
26 4
26 21
26 23
26 24
26 2
26 19
26 3
26 9
27 4
27 12
27 1
28 27
28 21
28 12
29 24
29 18
29 23
29 13
29 16
29 21
30 12
30 15
30 19
31 19
31 22
31 12
31 15
31 30
31 28
31 16
31 27
32 1
32 21
32 26
32 14
32 27
32 23
32 28
33 19
33 12
33 28
33 22
33 27
33 29
33 30
33 15
33 26
34 16
34 19
34 12
35 26
35 32
35 1
35 33
35 21
35 27
35 4
35 14
35 28
35 19
36 5
36 8
36 16
36 17
36 18
36 13
36 11
36 19
37 22
37 34
37 31
37 19
37 15
37 12
37 16
38 20
38 10
38 33
38 35
38 19
39 32
39 35
39 26
39 1
39 21
39 14
39 27
39 33
39 28
40 28
40 27
40 23
40 21
40 29
40 24
40 18
40 33
40 2
40 13
41 34
41 16
41 36
41 17
41 25
41 37
41 18
41 13
43 15
43 31
43 30
43 33
43 37
43 28
43 22
43 29
43 24
43 34
44 20
44 38
44 10
44 6
44 33
44 31
44 19
44 43
44 12
44 37
45 31
45 30
45 44
45 12
45 22
45 33
45 37
45 19
45 20
46 20
46 44
46 38
46 10
46 33
46 45
46 31
46 35
46 26
46 28
48 42
48 7
49 48
49 42
49 10
49 6
49 38
49 7
49 25
49 20
49 41
50 17
50 13
50 11
50 18
50 9
50 0
50 16
50 36
50 5
50 24
50 29
50 8
51 21
51 0
51 7
51 11
51 9
51 13
51 32
51 24
52 46
52 25
52 20
52 23
52 44
52 28
52 10
52 38
52 24
52 43
52 29
52 6
53 48
53 42
53 49
53 51
53 5
54 51
54 42
54 6
54 38
54 7
54 9
54 52
54 48
54 21
55 54
55 53
55 51
55 42
55 7
55 48
55 47
55 49
56 50
56 53
56 17
56 13
57 27
57 23
57 1
57 21
57 32
57 4
57 28
57 39
57 40
57 26
57 2
57 35
58 43
58 25
58 34
58 22
58 19
59 51
59 7
59 11
59 54
59 53
60 56
60 41
60 50
60 18
60 17
60 16
60 36
60 13
61 52
61 10
61 20
61 38
61 46
61 6
61 25
61 44
61 54
61 48
61 45
61 49
62 56
62 60
62 53
62 16
62 47
62 5
62 48
63 16
63 18
63 24
63 28
63 29
63 9
63 13
63 23
63 34
63 22
63 37
63 17
64 17
64 11
64 13
64 50
64 18
64 16
65 37
65 22
65 15
65 34
65 28
65 30
65 31
65 16
65 19
65 33
65 63
65 29
65 12
66 17
66 64
66 5
66 8
66 11
66 13
66 16
66 50
67 17
67 16
67 13
67 63
67 66
67 9
67 60
67 36
67 18
67 5
67 11
67 50
67 24
68 62
69 46
69 45
69 44
69 20
69 10
69 52
69 43
69 61
70 61
70 10
70 20
70 69
70 46
70 38
70 44
70 52
70 45
70 6
70 25
70 54
71 25
71 42
71 6
71 20
71 54
71 48
71 10
71 49
71 52
71 61
72 42
73 19
74 10
74 61
74 70
74 38
74 20
74 6
74 46
74 44
74 69
74 25
74 52
74 71
75 41
75 62
75 60
75 67
75 56
75 25
75 53
75 16
75 36
76 13
76 17
76 11
76 64
76 50
76 18
76 0
76 9
76 16
76 66
76 23
76 5
76 67
77 67
77 36
77 66
77 5
77 8
77 17
77 16
77 75
77 11
77 13
77 34
77 50
77 64
78 66
78 64
78 17
78 11
78 5
78 77
78 13
78 8
78 76
78 50
79 65
79 18
79 16
79 29
79 63
79 24
79 34
79 15
79 37
79 58
79 9
79 28
80 66
80 77
80 78
80 53
80 72
80 56
80 67
80 75
80 17
80 11
81 56
81 60
81 42
81 62
81 48
81 53
81 71
81 75
81 54
81 67
81 80
81 72
82 61
82 10
82 46
82 74
82 20
82 52
82 70
82 38
82 6
82 44
82 19
82 33
82 54
83 56
83 81
83 62
83 60
83 54
83 75
83 67
83 72
84 54
84 57
84 51
84 23
84 27
84 4
85 51
85 67
85 55
85 7
85 11
85 54
85 66
85 64
85 78
85 72
85 13
86 53
86 81
86 56
86 41
86 60
86 77
86 80
87 82
87 69
87 12
87 30
87 70
87 31
87 33
87 65
87 46
87 45
87 22
87 52
87 61
88 56
88 60
88 81
88 62
88 83
88 86
88 75
88 41
88 67
88 80
88 50
88 77
89 46
89 52
89 25
89 20
89 38
89 84
89 44
89 57
89 82
89 23
89 28
89 6
89 54
89 35
90 44
90 46
90 33
90 20
90 45
90 31
90 38
90 89
90 19
90 6
90 10
90 82
90 12
90 35
91 61
91 54
91 82
91 74
91 89
91 10
91 38
91 52
91 51
91 70
91 84
91 55
91 27
91 59
92 42
92 72
92 54
92 83
92 48
92 55
92 51
92 81
92 53
92 71
92 7
92 56
92 59
93 76
93 64
93 63
93 5
93 16
93 8
93 13
93 47
93 11
93 17
93 9
93 18
93 23
93 50
94 62
94 86
94 81
94 75
94 60
94 41
94 83
94 88
94 56
94 48
94 67
94 53
94 10
95 17
95 78
95 50
95 77
95 66
95 13
95 80
95 67
95 56
95 64
95 76
95 18
95 16
96 40
96 21
96 27
96 28
96 12
96 2
96 35
96 23
96 33
96 3
96 39
96 16
96 32
97 21
97 11
97 16
97 13
97 5
97 96
97 18
97 8
97 17
97 9
97 63
97 36
97 73
97 67
98 62
98 63
98 91
98 30
98 67
98 61
98 10
98 94
98 75
98 83
98 22
99 77
99 67
99 75
99 80
99 53
99 95
99 60
99 66
99 56
99 59
99 83
99 36
99 6
99 7
100 62
100 83
100 56
100 94
100 81
100 88
100 60
100 98
100 75
100 53
101 87
101 69
101 70
101 61
101 10
101 98
101 74
101 45
101 82
101 52
101 30
101 46
102 60
102 62
102 56
102 88
102 63
102 94
102 67
102 16
103 51
103 85
103 7
103 54
103 92
103 55
103 0
103 21
103 84
103 9
103 11
103 42
104 83
104 98
104 100
104 75
104 62
104 94
104 63
104 60
104 24
104 25
104 56
104 102
104 52
105 94
105 53
105 86
105 62
106 99
106 25
106 83
106 71
106 67
106 75
106 72
106 54
106 56
106 104
106 77
106 80
107 11
107 77
107 78
107 8
107 5
107 13
107 59
107 98
107 67
107 64
107 66
107 51
107 80
107 95
108 13
108 9
108 85
108 0
108 51
108 76
108 11
108 17
108 67
108 50
108 18
108 103
108 66
108 78
109 69
109 52
109 87
109 46
109 101
109 82
109 20
109 61
109 70
109 58
109 43
109 89
109 44
110 62
110 67
110 102
110 100
110 63
110 56
110 60
110 77
110 16
110 95
110 47
110 5
110 98
111 48
111 74
111 10
111 91
111 38
111 54
111 6
111 59
111 49
111 42
111 61
111 98
111 70
111 106
112 37
112 34
112 65
112 22
112 15
112 31
112 19
112 87
112 58
112 30
112 12
112 79
112 102
113 83
113 104
113 106
113 81
113 25
113 75
113 71
113 94
113 48
113 100
113 111
113 56
113 42
113 105
114 57
114 89
114 90
114 1
115 52
115 91
115 89
115 61
115 82
115 70
115 46
115 111
115 10
115 101
115 74
115 98
115 20
115 38
116 107
116 80
116 11
116 51
116 59
116 78
116 77
116 13
116 95
116 72
116 66
116 108
117 96
117 47
117 21
117 97
117 91
117 23
117 28
117 12
117 51
117 4
117 107
118 51
118 117
118 97
118 11
118 116
118 108
118 107
118 47
119 93
119 96
119 63
119 40
119 16
119 65
119 28
119 12
119 117
119 22
119 97
119 30
119 47
119 23
120 49
120 111
120 99
120 6
120 71
120 106
120 42
120 10
120 53
120 59
120 48
120 25
121 110
121 98
121 63
121 67
121 102
121 100
121 62
121 47
121 94
121 22
121 34
121 104
121 101
122 106
122 99
122 75
122 25
122 94
122 67
122 41
122 104
122 71
122 60
122 113
122 120
122 121
123 54
123 55
123 83
123 51
123 110
123 56
123 108
123 67
123 100
123 42
123 118
123 92
124 40
124 119
124 96
124 65
124 28
124 79
124 18
124 23
124 63
124 29
124 24
124 9
124 16
125 101
125 69
125 87
125 45
125 109
125 30
125 70
125 31
125 10
125 22
125 15
126 44
126 46
126 58
126 90
126 43
126 82
126 109
126 69
127 91
127 54
127 117
127 55
127 115
127 51
127 111
127 123
127 118
127 82
127 121
127 61
127 98
128 5
128 8
128 64
128 47
128 36
128 66
128 97
128 93
128 78
128 118
128 17
128 16
128 110
128 11
128 77
129 82
129 89
129 46
129 115
129 52
129 126
129 20
129 109
129 44
129 90
129 61
129 25
129 87
129 33
129 38
130 23
130 27
130 57
130 28
130 21
130 2
130 117
130 40
130 24
130 4
130 115
130 32
130 89
130 29
130 3
131 100
131 62
131 110
131 56
131 94
131 60
131 104
131 88
131 83
131 75
132 18
132 16
132 79
132 124
132 63
132 119
132 9
132 97
132 96
132 13
132 29
132 65
132 17
132 40
133 111
133 94
133 10
133 98
133 105
133 48
133 121
133 101
133 100
133 74
133 122
133 120
133 99
133 104
133 75
134 56
134 95
134 80
134 83
134 60
134 99
134 75
134 81
134 106
134 88
134 53
134 77
134 116
134 100
134 62
135 59
135 116
135 107
135 99
135 77
135 51
135 11
135 67
135 7
135 118
135 111
135 106
135 80
135 13
135 108
136 109
136 58
136 126
136 129
136 87
136 82
136 69
136 125
136 46
136 101
136 25
136 43
136 52
136 20
136 44
137 2
137 4
137 27
137 3
137 130
137 117
137 57
137 84
137 21
137 32
137 91
137 23
138 80
138 116
138 72
139 40
139 27
139 130
139 28
139 23
139 96
139 57
139 2
139 124
139 21
139 3
139 117
139 4
139 137
140 103
140 7
140 51
140 85
140 108
140 54
140 106
140 135
140 92
140 59
140 84
140 42
140 116
140 0
141 21
141 96
141 32
141 39
141 97
141 27
141 130
141 35
141 139
141 117
141 4
141 40
141 23
141 28
142 104
142 83
142 56
142 60
143 110
143 55
143 67
143 47
143 77
143 123
143 118
143 121
143 99
143 116
143 53
143 5
143 66
144 34
144 37
144 58
144 65
144 22
144 15
144 112
144 30
144 31
144 19
144 79
144 102
144 104
145 119
145 65
145 124
145 63
145 132
145 112
145 22
145 96
145 37
145 34
145 12
145 30
145 47
145 79
145 93
146 96
146 139
146 27
146 40
146 117
146 141
146 2
146 21
146 3
146 28
146 23
146 130
146 12
147 59
147 138
147 116
147 51
147 72
147 111
147 135
147 55
147 7
147 53
147 143
147 80
148 60
148 122
148 106
148 83
148 81
148 94
148 56
148 99
148 131
148 67
148 100
148 104
148 133
148 123
148 134
150 124
150 132
150 40
150 139
150 141
150 9
150 96
150 18
150 146
150 29
150 119
150 145
150 24
150 130
150 28
151 31
151 19
151 12
151 33
151 90
151 22
151 37
151 44
151 45
151 87
151 30
151 65
151 46
151 82
151 34
152 54
152 51
152 84
152 130
152 127
152 123
152 103
152 137
152 23
152 91
152 118
152 108
152 21
152 72
152 57
153 94
153 122
153 144
153 104
153 148
153 102
153 60
153 41
153 58
153 75
153 121
153 142
153 133
153 63
154 77
154 67
154 95
154 75
154 99
154 36
154 107
154 110
154 50
154 16
154 5
154 8
154 17
154 41
154 135
155 152
155 51
155 103
155 54
155 127
155 118
155 108
155 84
155 123
155 55
155 91
155 137
155 116
155 72
156 121
156 98
156 115
156 12
156 82
156 91
156 28
156 63
156 22
156 30
156 87
156 117
156 19
156 47
156 101
157 123
157 55
157 143
157 54
157 53
157 110
157 42
157 100
157 83
157 148
157 56
157 67
157 133
157 81
157 99
158 143
158 99
158 53
158 100
158 77
158 110
158 62
158 67
158 75
158 80
158 133
158 134
159 59
159 135
159 147
159 107
159 51
159 21
159 91
159 116
159 11
159 117
159 2
159 97
