256
0 -0.0820153486212944204947206,-0.5249848150920249922890548,0.8695034957461131863709625,2.2848329193106753365327677,-0.0143653229877911299550153,-1.5568506298679161137243909,2.4089646307326595398023983,0.0000000000000000000000000
1 0.0944941761554651260546223,-0.1350197569193758440064812,-0.1074871850664531891528242,0.6513860919241448721450638,1.5273115758491935256557781,1.8386105870169635601030222,1.0211954511251120081283261,0.0000000000000000000000000
2 -0.1103669556549618790963763,-0.2616928786093892789210713,0.2108092776303350512900892,1.2806103556887524774765552,1.4179216391347917447518512,1.4216489567149657169409238,0.5582634790567200244737478,0.0000000000000000000000000
3 1.4025560209066187944415560,-0.7300611228462360324797942,-0.4694652941837139104030996,2.0865304403795921217579235,-2.0222147776652943385045091,1.1586502001055749566660324,-0.0845754444490048190585796,0.0000000000000000000000000
4 -0.3680079489489633814969238,0.0616090873274173916884777,0.9912229823414729912300913,2.1978966036706411024681529,2.6528633062060085201494530,1.4407221262504914527369237,-1.1579216702406811556613775,0.0000000000000000000000000
5 1.1866772891933745626147356,-0.1504130322369778283153607,-0.1502564700780446849126548,0.9908204242530119776333208,-1.3648025522637607931386583,1.5785450887091196925382519,-0.7393384532883400250824479,0.0000000000000000000000000
6 0.9922972378117582703538346,-0.2734354489797204412759868,-0.2298644004863321932408127,0.7596101590480475174160802,1.7348180079967852051936461,1.7028673261729383447971031,1.0920401860075776845349083,0.0000000000000000000000000
7 0.1428730697635365032294175,0.8254804667174056032052931,1.4321656803822455650276879,1.9223239881605092005401048,2.5829456777294663716304512,0.5813693266072169629765654,-1.8965119361422804189487579,0.0000000000000000000000000
8 0.3067616088947066055325763,0.2252524487392354723969135,0.9938005719715693464522133,1.7919151664561527859120815,2.2202801250827910450880154,0.8019611298156721357344168,-0.8795702388719333075783879,0.0000000000000000000000000
9 1.4807113232067086183718629,-0.2833807927426549300164993,-0.9276052778001852017197848,1.4145831579135437205962944,2.4815589304511505019945616,1.8814033059344641429788680,0.9715920208410598890580445,0.0000000000000000000000000
10 0.2465730429514197685758603,0.1164826125279286583857896,1.1352151842190127961629287,1.8603532577175267981317575,-0.8100560404124754754207061,-0.6331390373222245404605246,2.2184962003781825146120354,0.0000000000000000000000000
11 0.0958053591528349457462355,0.9500533077837181039626557,1.3940321372983506265086362,1.7368721282685761764241761,-0.8792793128410200109712491,-0.4225574731018661434056582,1.4668136196450631825172195,0.0000000000000000000000000
12 0.0032648896438555795145031,0.4676478455559973657074124,1.6416523945360055325437543,1.5597054676842021514460157,2.6713151676239648146804484,1.3360177738452412299352545,-1.6342101899587613278441722,0.0000000000000000000000000
13 1.5107095274627266867639719,0.4145303743831040277356692,-1.4159972795456354788257158,1.5668263900079582029434278,0.6422933367992049724648496,-0.6216397763856872371590612,-1.8464769594736698543613329,0.0000000000000000000000000
14 1.2953822761347062453296530,0.6417518920592938380664805,-1.4935528271636819841461374,1.3944382305093219187597242,0.7532736905367700686042554,-0.9675156842356156250417598,-1.7932975409583937764779193,0.0000000000000000000000000
15 1.3926024538292813836903861,0.9982494954727499925084544,-2.2618922197249275996000506,1.6483055445637060376640193,2.3518431432161039928985247,0.4262425125731353903191234,-2.8634237646194105053609746,0.0000000000000000000000000
16 0.5749690844758402752390225,0.7289869126736272519906379,-2.3508197557728411908328781,0.9012129353848763457790483,1.0116762483423533680593209,-1.3741051013623850618472488,-1.5889607037720923088386371,0.0000000000000000000000000
17 -0.3901156990565659565817214,0.5770641931558881942976313,1.4346979682493425922729102,1.4111786868515867610085479,-1.0612222201781291719413503,-0.4165470178276053925259248,2.0936576269322109133952381,0.0000000000000000000000000
18 0.8742824224254446274784414,0.7629257215455870211329170,-2.9009649065263407585746336,0.9466486367131267121166616,-0.5379420347017387360466500,-0.1668234171815325683763120,0.3447916470872638416977907,0.0000000000000000000000000
19 0.8230561854497662199747765,-0.3809422135408394582967162,-0.1097889234992561191539551,0.9366302322310058325882665,0.3539668849991974841628917,-0.5737215756469972172126859,2.9302631060250150518697865,0.0000000000000000000000000
20 1.3395166157704361253877323,-0.2148379938083392060033106,-1.0855811781249182779163220,1.7164377583967060925118631,0.1490096836246514455659451,-1.0742753770050010864167689,-2.1699697021835557819713358,0.0000000000000000000000000
21 0.2970259582300078804451005,-0.5150492745126374893871457,0.2605683021958064005119127,1.7081154821593267367774160,2.7145219083402545301453301,1.1309434005007807932940977,-0.0638493809717652349711159,0.0000000000000000000000000
22 -0.0089982826867008799953673,0.2240672598260042558404592,1.0812452663686142884102992,1.4969316664533185434748930,2.7052873663458414377203098,1.2070099691804543340367672,-1.0443185244662647193081284,0.0000000000000000000000000
23 0.1015564857521620983904498,0.2910980616302260015615389,1.4985172517726916829872152,1.5352101886223581406198946,2.8298181065008316537046085,1.4731695355741163400153937,-1.4964406301014283595662846,0.0000000000000000000000000
24 1.4168108087640776115989638,0.5299103623214227454241154,-2.0147731691563839362402177,0.6932170137116185903991550,0.5523129426510576811537589,1.0355861150611593846093683,-1.3838102198879216331306452,0.0000000000000000000000000
25 -0.0996848078734675208112392,1.0461706672251440686238766,2.4385433143092805075013985,1.1691152868808745157735984,1.8866528376372762032531227,-0.6744465618386614735868534,-1.5676153937016916728452998,0.0000000000000000000000000
26 0.4799298386317569220516077,0.1549528590259614813096078,1.9815978360025607862837660,1.2694891378151316185807218,1.3917333388478554390133013,-0.3452004466992805165048708,-0.1140109666295122670121032,0.0000000000000000000000000
27 1.1820955839655302721524777,-0.7941137289796058595925388,0.7060508522078424720191947,1.0743147152730063709213937,1.0030307555551039033758798,-1.0115752401512931868410305,1.7150157981722633504517717,0.0000000000000000000000000
28 0.7902201998076349154231934,0.3210542425168227964604739,2.4077630573752104581330968,1.4598047648901801842669101,-2.8579609104676158004565423,0.8772211668487737146193695,-2.6335404624427067865610752,0.0000000000000000000000000
29 0.5309077546763421029396568,0.3913850926362622550946924,2.0226251113193134401058160,1.4463703435215260473256649,0.3729673461826794600426638,-0.4696085346446413621990246,0.6506656691908550005365441,0.0000000000000000000000000
30 0.5253136288520846575167411,0.1931602936975214956927260,1.8067977396079184515542693,1.4723775423387881478021200,0.0835220675421950581318598,-0.6235986479472364063525447,1.1866974592088606055284572,0.0000000000000000000000000
31 0.4852032762076717853361174,0.1644646943068815425625928,2.0001450053382834326498596,1.2499615268443775573103949,1.4930467683213781704409939,-0.3600032048063367962065229,-0.2308261347984554567869253,0.0000000000000000000000000
32 0.8009457063863645309709227,-0.3989799522669713049971563,0.8915807678412044356974775,1.0140489013468507728532586,2.9367973083430665148796379,0.3558629953446161842123274,-0.6259101810235669915982726,0.0000000000000000000000000
33 1.3243463869664051646424241,0.3933190527199225128285320,-2.7326946020446123419844753,0.9174043980344446236330214,-2.6366521633444834904480558,0.6882327583950167415594024,2.3250220527451728180778900,0.0000000000000000000000000
34 1.4333598481308145178303448,-0.5857112699155927471039718,-0.6227641779202132132908787,0.9323759445841249826614217,2.4361855282738358319249983,0.5695772216075926097644810,1.1505888846608154363337917,0.0000000000000000000000000
35 1.4610970018609990006552835,0.6747550862017533956915827,-2.9000617681806097891694662,0.9918499848617645664461406,2.4791675341542092070312719,0.3264946058529869521436240,-2.7134583286799016654811112,0.0000000000000000000000000
36 0.8947879750780798335796362,0.1296067475842434812971504,1.5779735795375051665700994,0.8728546898662941089241940,2.9469495592174910214566808,0.7496816006659910991416496,-1.4671050313170643786264691,0.0000000000000000000000000
37 0.9461257499953490412991641,-0.4894775146705260260304726,0.6863563873003907245262667,0.9878071714683851478611132,0.1968787520538650970269856,-0.4523829786127354646296794,2.3518286190971595672749572,0.0000000000000000000000000
38 0.6717030515822658420788116,0.5515870409491161474591081,2.2756799711742852210250021,1.4118154241155760342252279,0.2863395057553648204162755,-0.5459637960656379407353711,0.4523854606710010495262964,0.0000000000000000000000000
39 1.4777809136950126323029053,0.5296367967594814984977347,-2.6015519548813044181656551,1.3987377942930310226188340,-2.7790630149689352634823081,0.9891929496401887789147622,2.4360385651600573453379184,0.0000000000000000000000000
40 0.8478878327101486700456690,-0.6617672859499158510843131,1.0048428799480113582376362,1.3048079844562983087286057,0.5832518590161283045247842,-0.8544006598812532438103062,1.8928267202810908909071941,0.0000000000000000000000000
41 1.3114921837676618565637909,-0.5183690140560377468403885,0.4129361121915617882649485,1.0766552134456270906071040,0.8534207021490128886043181,-1.0578826652555179954617870,2.1266403875121180355733941,0.0000000000000000000000000
42 1.3027562571570097116335774,-0.7003999039121707737010070,0.1918367199913840193126191,1.3706805554864516238922079,0.5982361837438228135965801,-0.8294193206678235341655636,2.5316254120576902053585400,0.0000000000000000000000000
43 0.5208571913538525555154024,-0.4404334012678350340763700,1.1569678633906927966989997,1.4111179414036869594895052,2.8754310679871788458683568,0.4013618322230699808628174,-0.7543437611635890327477227,0.0000000000000000000000000
44 0.6684877172287930768845854,-0.5801149477670610732360501,1.3144593504675319284302759,1.2194960495707041214785704,0.6093764368887845117583879,-0.5638533878158096257493526,1.5761827063899109813149835,0.0000000000000000000000000
45 0.7769675871400032463043317,-0.0687820458875458562442162,2.1317951798608469893281381,1.1072374091520738037530691,0.4540151452072285764849369,-0.7621323125903181061602254,0.7344085147382561906681531,0.0000000000000000000000000
46 0.9784075172766322214812362,-0.9411131036300631746982504,0.7265103186616835850841767,1.0964709988557557185373525,1.1198032585796477977879704,-0.4874253506779789302250094,1.6087476482772971042578547,0.0000000000000000000000000
47 1.4930079625404586440851062,0.4037464443922514356621889,2.9672819101729430713021429,0.9392289933758549702602636,2.1102466021441603771791051,1.0132602873999905224167151,-2.2061528650373380955329594,0.0000000000000000000000000
48 0.7629152596067966252135761,-0.7692118477457829950338919,0.8640143478796465936753179,1.3335568787502929399835239,0.2512268770363020320424141,-0.4341901128581679980555919,2.3151042530789589513062765,0.0000000000000000000000000
49 0.7851676682302335397167781,-0.7803516663978656842104442,0.5328514570539566452822555,0.9442647062211465547321154,1.3194824535709825941154349,0.5635644261128570642327418,1.4109070419937694840228914,0.0000000000000000000000000
50 1.4787670502922816151425423,-0.9552876101002972797360258,0.0678938566188555109315317,1.2829782850413142814005596,-2.0389251829639762902957045,0.6976190070726996372840745,-1.0546546499644446903687367,0.0000000000000000000000000
51 1.1832751945511297275714924,0.2306117649300222505193148,2.5645065713925463413147554,1.1645870254839276736191778,2.7621663034897991906291281,1.1380474658403767485026492,-2.3942640585498224936600309,0.0000000000000000000000000
52 0.6447556826188324263782192,-0.4857773349761199677132595,1.5715157224986751050010980,1.2841498319194293298295406,-2.5327508770899478385274506,0.7550932580857040443689243,-1.7798092590202421181544423,0.0000000000000000000000000
53 1.5284093465516632726064472,-0.8457911189719429234656900,-0.0260770484932521980081521,1.2756075967175082297444533,1.0541076286463051392416901,-0.7423328599381879833174480,2.2294294832849335108448940,0.0000000000000000000000000
54 1.5198478140475197850634004,-0.4731246839352320487925851,-1.0613749974858024405222068,1.0868654676066917819099444,2.5333714765354513609452169,1.2288242457363862669694754,1.3759088475281644470271658,0.0000000000000000000000000
55 1.1900184508245883474586435,-1.0048632146725176017554304,0.3738714302993432214705649,1.4153804882983695989651096,-2.3769193197371087933333911,0.6127013060188392090665843,-0.8979122599141311500403617,0.0000000000000000000000000
56 0.7335738878541067098382200,0.8378904965014780659160465,-2.8535329130889626192413289,1.6297467387747686107246636,1.2573506957842994768981271,-1.5295645580606365143694347,-0.8300482301051348432707755,0.0000000000000000000000000
57 -0.1366075902679528553118615,-1.1981217476365462193399480,1.2025037646620801989882921,2.1690671470336502224540709,2.9153963335332337969418859,0.7001217224978476538765904,-0.1919174282200539760623315,0.0000000000000000000000000
58 0.4199511377035270998092642,-0.1883503083407136735605292,1.6999126665058423846232927,1.9276590752500657455215105,-2.9510664998291953331488457,1.9027387671203999097713222,-1.6417914493526359898112332,0.0000000000000000000000000
59 0.1987418729548578733012931,-0.9146066192799273686375727,0.4833861691445061059546617,1.9764644960537636197983602,1.9819772365004948433409027,1.0441912683873393330458157,0.3511315887932752732858432,0.0000000000000000000000000
60 0.4569699901606084635474758,-0.2218076652048569241681975,1.8749119649715193514083467,0.8534967962583618339422742,2.6385048226638696533541406,-0.7258911207043523550197506,-0.9885213138031401225447325,0.0000000000000000000000000
61 0.3596018045900400972314515,-0.7019691488278270163903017,1.5463746001168530153080383,1.2404944950670984127327756,1.5849924398881418685647304,-0.2473527424356214143852384,0.6351478662209473213806632,0.0000000000000000000000000
62 1.2874466589992172860235087,-0.3109947440837232957022707,-1.4313220571396509939177122,0.6242466719267732999654186,-0.3288822015902951867438730,-1.4419602383263221412335042,-1.4075155747331928868248951,0.0000000000000000000000000
63 1.2333884449269421068606789,-1.0051057952906177206386928,-0.4090748200107019449944801,1.3500037571869070163188553,1.9877830842304005098952757,0.9962281728918795931093655,1.2023722528854543512011332,0.0000000000000000000000000
64 0.5283112388601309827862451,0.0087396339041011864012809,2.1355547492784521246278473,1.4580980245485892776713399,0.6074422267593250213124634,-0.7795530810638113816679606,0.6971271723917514817614460,0.0000000000000000000000000
65 1.4783715169699815916715124,-0.8880413404210230066126996,-1.0215092038876081304010768,2.0786366750822158344647050,2.8115739555572658581183987,1.1361108766929761682007438,0.7285294875636709743815800,0.0000000000000000000000000
66 -0.1612348404814463453949003,0.3722534227218702862494126,2.2148764661416913135383311,1.3972668847149232185245182,2.0346472244547477714604611,-0.8196172882116480318259732,-0.8484554442552401098964765,0.0000000000000000000000000
67 1.0068821990692646828335910,0.5808630361849674850205361,-2.3724603675051865181444555,1.7058899034523091753356994,0.6707178030557731096550356,-1.5707781530786200097082883,-0.8538809558774607122444422,0.0000000000000000000000000
68 -0.4036776474385786461773762,0.3099240261212490299413957,1.6215973602572175682468014,1.7710644509300446092225911,0.7596068143755617674273140,-0.1236966252569092483692970,0.4965043242577103499435509,0.0000000000000000000000000
69 0.2746052531439303057148038,-0.3003109818737834113555607,0.2011229617993659235519743,0.5756070481583132059100194,1.3571611619788279678999743,1.5868901154687109489316299,1.2934313621822401962901949,0.0000000000000000000000000
70 -0.1518949534206619766951718,0.2603895606659242245584096,1.9895503174350162023387156,1.0820849495178601618050607,2.5491470734005101661523440,-1.0091486246190726205895771,-1.3095742254548103922218161,0.0000000000000000000000000
71 0.4897001738040227536430393,1.0316936533040532708582759,3.0533854293138449342848162,1.9675348669775210019849965,0.7757865317159224893828195,-1.0531362717347851898352928,-0.4097703912825284566778805,0.0000000000000000000000000
72 0.1048014038512609519271379,-1.1642781246174485065836279,1.0437847566821567557582284,2.0552703341312179574629226,-2.6770195762645498938070432,0.8998871274550851451223821,-0.6926696124039964930219071,0.0000000000000000000000000
73 0.3956617900281335642453939,-1.1213004093045828568619982,0.0248793059812496934746218,1.6731371360873497078358696,1.8358480331027067222748883,1.1467185556482140107448231,0.9438051210036954019599875,0.0000000000000000000000000
74 -0.2162053159955280579040959,0.1739965222191268978679801,1.5377837298456924486345088,1.9991888066149836600260414,-0.1472284564720887922728565,-0.9027287357504149012399353,1.5075984002644433612516650,0.0000000000000000000000000
75 1.1415598847152437222973731,-0.9738152335996059782985412,-0.5064778826666590516580868,2.0846387189684105756271038,-0.2341183657124446537700635,-1.1281544052717065174107347,-2.7707556458270552468547976,0.0000000000000000000000000
76 0.5219549608194704592989410,0.7583819920755963117642295,2.2622892587879985804022454,1.8742871227082904539429364,2.4379865731239638293459393,1.4989321019933234957477453,-2.2848516717139100151712228,0.0000000000000000000000000
77 1.1195882104869778750355636,-0.8312626554814712687146994,1.4906440437491519368506943,1.7400935405913482423301275,-2.2413732676172894997534968,2.0390245777792412873452577,-1.3883294222401603157379668,0.0000000000000000000000000
78 -0.4311750420524428917268267,-1.3180612986044539791663510,1.8383702910353494353046244,1.8613063621588170626353076,1.6607358585341349677122480,0.5561251033080393257890250,1.1584520511574623036210596,0.0000000000000000000000000
79 0.9058813688049626167142492,0.3561810879534471618867997,2.7798875613793176952981412,2.1584379819020820256980642,0.6892156352080145431671099,-1.5137404585842697546382851,0.3758162051866410502398708,0.0000000000000000000000000
80 -0.0386923116132571742742385,-1.1562338593626455551799381,1.3870340342411546785683640,2.1256441557456424717997834,1.9286294270930706140632083,0.7000460261022884989046133,0.5748952981376568294180629,0.0000000000000000000000000
81 0.1023629683370948784126853,-0.0985474835256919118320340,1.8022163094845859987458425,1.7563988943981130308458205,2.9240021877856703369502611,-0.5749524904964271598828418,-1.1650379381712836490692098,0.0000000000000000000000000
82 0.1582884755773759088981478,-0.6189392705817799988921024,2.0412825111279357948035340,2.2707766923257155511350902,-2.4445999133216118615052892,0.9783335998321572857250317,-1.4788172469797242758460243,0.0000000000000000000000000
83 1.1055495205673064873508338,0.2326930732887840802547430,1.5665169420125617527617123,0.8141432909827501784860715,2.8911077959827089500777220,1.1474993450988544285706894,-1.4031955564759632792970478,0.0000000000000000000000000
84 0.6077500817788855647094692,0.4073634954092836268912947,1.7072667807084922486637879,1.2349638918879277671436512,2.6877344762166290870197827,0.4020977088660457887669963,-1.5583173898554139036320976,0.0000000000000000000000000
85 1.2017543810222219846650660,-0.2757764846585529783240531,-0.1439082773780036572652818,1.0274306889585191893132787,2.5147081135232096649190225,0.9202450798844199475468031,0.5520154281620968106381042,0.0000000000000000000000000
86 1.2418412051080489622023606,-0.1483245239254527281236307,0.5478703814356825629872105,0.8868843922649090050214227,0.4210050527892130745044597,-0.9835847927777028321116859,2.3010548216422055389784873,0.0000000000000000000000000
87 0.8593153103237460843644158,0.5726162418095340767010271,1.6581448111692718150322889,0.9109702839460920298364499,2.2960107262468425481927170,0.7265588086948540080811654,-1.1576615248221335807699006,0.0000000000000000000000000
88 0.6901212971082434366465463,0.6145757249910936970138664,1.7094109559031767098247201,0.9311951570430822000545845,1.7363004087955868914860957,0.3403564080961310467365877,-0.7316560311447204423274115,0.0000000000000000000000000
89 1.3638356839593475111627185,0.6377373073712866435869273,-2.4795479671323139569949490,0.8590704396593157321504464,0.9656580232559512921852729,-0.8684246826346148084851961,-1.4603145542555606706258686,0.0000000000000000000000000
90 0.6255644814103477058253588,0.4866317025130836304569470,2.0176891587713883247090507,0.9078478629968814717088321,2.4295702777224792434651590,-0.3019845691202134307928873,-1.5207554256853152985229372,0.0000000000000000000000000
91 1.3971323208394750281513552,0.9173110094650479551248168,3.0539880208506855474581698,1.0030978179627256796635493,1.7771122232297462684158518,0.4752529462374529001245094,-1.7602837335627603554399911,0.0000000000000000000000000
92 1.4992019592338470257431027,0.9391595512541277557261310,-2.6536267603773149303947321,1.1258129299075181339873097,-2.2194735350668080009484129,0.3367572678559261900588240,1.9400976144538979450970828,0.0000000000000000000000000
93 1.3041603898044975551329117,0.9998058338748592177580576,-3.0540504289442416130384572,0.9545761215704989810504344,1.8916161254505021727112535,-0.1281453806693876595890202,-1.9579020774337581034529876,0.0000000000000000000000000
94 1.1595884266893554670474487,0.6914033640215183629251783,-2.8293101791145964796214685,0.8340024030928314680011226,1.2296676426316826002960170,-0.9063458052302458822779840,-1.4326045255882757789578363,0.0000000000000000000000000
95 0.9797260761422270647358346,0.9551140294899091998104268,2.7661628404513329826386325,1.2953585119644017709106265,0.3140144884675309389088227,-0.3017328298817076315252450,-0.1025900251320615019778870,0.0000000000000000000000000
96 1.1142949505393096032435096,-0.2766682177216143179165897,-0.0996729884421497097646281,1.0213762814656865973717004,2.4106420934077461559752464,0.9434992144235874178548329,0.5797726586991437391915838,0.0000000000000000000000000
97 1.5379801354298321403035743,-0.3248256582166189621041497,-0.2897827204661213018610511,1.1595779173546689744256355,0.4866048835937119565464570,-0.7881394351539853238008959,3.0586200948169173230439810,0.0000000000000000000000000
98 1.0194613033360617748712684,-0.1059646594148476034247253,0.1758964659167219224400469,0.8676817244944453610955293,-0.7893594312361792431076424,-0.8206240052760691572331098,-2.7628393294722353168424434,0.0000000000000000000000000
99 0.8483796627544530899456277,-0.0167416175650279032416368,0.6808509253547184725263719,1.0547090728609214149713580,2.5999164912399481686122726,0.7863038673723600213705254,-0.3567635886736629236004603,0.0000000000000000000000000
100 1.2783106260694137024103156,0.4846744021041896610668687,2.1475627812027933138949720,0.7345323989239169737430757,2.3883823750794173079725624,1.2499994475487612444197794,-1.5562215384415603036671882,0.0000000000000000000000000
101 0.4634328952882947327829299,0.1399199996724573846762496,1.3775550231638884479679064,1.3066085878451623170093399,2.2245050772100629643546199,0.2906420049339728528536853,-0.7342370878979073145487177,0.0000000000000000000000000
102 1.2838372055137454719186962,1.0129483577339946087647604,2.8096366193694755075682679,1.1872284646332880164720791,-1.2098078613465781394609166,-0.6520508342730119144547984,1.3193848477132494867447576,0.0000000000000000000000000
103 0.9774026419699788359451986,1.0469266975738034108900365,2.4070762936851468616339389,1.1598639733520836880842353,1.8966064981645336384730172,0.4994120495450740104814713,-1.5698960894710010105512765,0.0000000000000000000000000
104 1.2539828253785989531365885,0.7497620094040339244756410,-2.9288132472766417180309872,0.9313795992287057234904069,-2.1658172100660180170450531,0.3850448869471180812773525,2.0216151074821988586904808,0.0000000000000000000000000
105 0.7430089118665632597071635,-0.0550112458454113870121027,1.0463655580166093539418171,0.9068919093730307690037762,2.3917775117535344797659036,0.4007171100140163311209562,-0.4200146737757904924492891,0.0000000000000000000000000
106 0.1452027071073990760474715,1.0263679213064267337074398,1.4898085571862660358988251,2.1741058885232993347358388,-0.5133884721129311490273039,-0.8705458089860838022389089,0.9234699412217324265839125,0.0000000000000000000000000
107 0.7333207859332322442469376,-0.5810840698898550593654022,0.7909345203755051567640066,2.2747479102236316528262705,-0.0893863380317026640087263,-1.4574049584308661486886649,2.4962138392184618496116855,0.0000000000000000000000000
108 0.8309126482696055360221976,0.7005113576757169280284643,1.4716993434557823494657214,1.7669918117708574012425515,2.4119115343331154477368727,1.8683074914125294974098779,-1.6409155850538861276532998,0.0000000000000000000000000
109 1.1457171517686595141327643,0.7304387457816149398226457,1.7671316515579709172101275,1.3988196042748719527537560,2.3630547150789635857393023,2.0119327171463203818291277,-1.6190800516489405325160078,0.0000000000000000000000000
110 0.1384157913615262636142234,1.0212226979602747611863833,1.2083055968792162371272525,1.8768039996104730615655853,-1.0052402024723878781742314,-0.9665441106913817970180958,1.4582563261719325709009354,0.0000000000000000000000000
111 1.3034166104468163371876699,0.0319938886041265385662413,-0.8329380687263714388990365,1.0644911566705446137603985,2.4027762984392881939754716,1.9798441535461894780212333,0.8376866677894960755423881,0.0000000000000000000000000
112 -0.2583170940902123624560716,0.2916675931305241498137093,1.2835217790061517195709939,2.2308840267977343430061410,2.6780309242778832512499321,0.5357352419373742069552691,-1.5167468568875641654614128,0.0000000000000000000000000
113 1.5227512943247705212712617,-0.5634424917453833003833097,-0.8396901951543102038399979,2.2649170707947177128005478,2.6980195557431652098046015,1.8492579157684265744876484,0.6149225019239494827161252,0.0000000000000000000000000
114 1.5234157447537051144337283,-0.1758851852160974171823682,0.3655902322977977458862142,0.8581348663426133782650140,-1.7656800054338528394026753,1.9332063476860552597713649,-0.9092702172375518587799093,0.0000000000000000000000000
115 0.7194990933282978673446451,-0.1580880984986017256943569,-0.2004120705692828963151442,0.7252734181179216754742356,1.5793251515698125686526510,1.8906955677464121201580838,0.9740178249623259176814827,0.0000000000000000000000000
116 0.6418818588513905964987316,0.7741730892907713323936036,1.3972855732770781411744565,1.6346955198919130847201586,2.3715501234094729099410870,1.9283190453063312475023849,-1.5019136042779879236519491,0.0000000000000000000000000
117 0.8452254149534500493601286,-0.4218231309093085079631180,-0.0220168990513793343122284,2.0897321836993043575603224,2.4746058411616793648590829,1.6565634261777448799080048,-0.0600061311389062657095650,0.0000000000000000000000000
118 0.4116004377272051151237520,-0.7067611867627882071829504,0.6391768770219796724774142,2.4534354586009521348444196,2.8761600253202974641908440,1.5039740074276803927233459,-0.4863275537249240887405222,0.0000000000000000000000000
119 0.3009118224091265614283941,-0.5999154953413736723888405,0.3033572826747654715973113,1.5239650248185059311367695,1.3349869997473282623445812,1.4254450139717400602989983,0.6859282798427305261057541,0.0000000000000000000000000
120 0.0574679353616051394326725,0.3893602892577301965992831,1.1033117126561566845310836,2.1796758521391716989512588,-0.6090687415693302186880942,-1.4490307313124786148250678,1.6828186118535315429767252,0.0000000000000000000000000
121 -0.1824183715323586252310406,-0.1655044581431748818012295,0.9117980233564224601394699,1.7824120303152981570349311,1.1391671157980640671780748,0.7246478202468938922820030,0.3514011396542273124588007,0.0000000000000000000000000
122 -0.0373367153464121623307470,0.0875411573565969824972655,0.9502814600891666962922955,1.1778059331905121887018595,0.4817952679795650672289753,1.1363571826025644639912571,0.8897252834574209678919487,0.0000000000000000000000000
123 -0.2215140475265933717174960,0.0688397611573030726583866,0.8881175643953216347625812,1.7952049695656318029080012,1.2899592348392940888146541,0.6354638598109427771731816,0.0005569291137527397107798,0.0000000000000000000000000
124 0.8565713529042199292362625,-0.2958101190579495165522417,0.1774797935966266615448461,0.8101909158502298424764376,1.4444942885830560630466834,1.4188767362869241228651163,1.0574865650854208265485568,0.0000000000000000000000000
125 1.4941683903105753561391111,-0.6597187288615246059109154,-0.4703825452238342141875194,1.8553271409907357014645868,2.6148636743798276960148996,1.3793036403117253652084173,0.5157832786451899131918708,0.0000000000000000000000000
126 0.4672271544884444294254422,0.9170698176670772916452279,1.6232209363951206615439560,1.7670621673899236103721933,2.3951707007021831863369243,0.8735066093062545666825258,-1.8312535723001048815206104,0.0000000000000000000000000
127 0.3961449061839392160599971,0.3852161893269443471155000,1.3083329836301169635248698,1.7532958944261289868649101,-0.5862870938873941950575386,-0.8320689932187409487696073,1.7827993148134226863987806,0.0000000000000000000000000
128 0.9569147333730192439560369,0.4806222576846778671288973,1.3408232046951518157129613,1.3341529655233677065240272,2.7068696838395664983067945,1.5995181083341676320230818,-1.2752436973189835711650630,0.0000000000000000000000000
129 0.7337212337137005713216809,0.4929316322718205189978846,1.2638460863272806822266148,1.5400189177323293510113444,2.5793025345639377654549662,1.3944829487239391863084848,-1.2964483542821316763848927,0.0000000000000000000000000
130 0.9778880384999226738074185,-0.8544948840276868073928540,0.2164810510319253034072773,2.3828327600511638451052931,2.4751767506763742154873853,1.4330735557568599070066284,-0.0920266379674112289244192,0.0000000000000000000000000
131 0.2466390478337349423387792,-0.1297367670540752748742364,1.0934420935897937177117001,2.3272260039268419795632781,2.5570028311730661485512428,0.9320364517133853388131115,-1.0405259445222045933121535,0.0000000000000000000000000
132 1.5507335005206872580174604,0.9128846965144343794662518,2.2790415779441635102386954,1.2234831837032729140446463,1.9919189596237747430507170,2.0125898321143305125247025,-1.7022234602320893692706250,0.0000000000000000000000000
133 1.0591035725231736641660518,-0.4164374758167496137772901,-0.1964638995653820718878535,1.3489026853809031880615521,1.6240320467249429459144494,1.7360248918193508238516642,0.6399318171683706646390988,0.0000000000000000000000000
134 0.1377041103862144677538737,0.6489641154602514561133830,1.0133180682483209356092857,2.0358223721485391166652335,-0.9051640367331784675641870,-0.8891913410376716120353535,1.6888204608115762184183950,0.0000000000000000000000000
135 0.6521119962899851740800727,0.1570547923698427383865095,0.8735490219349458795861096,0.6083827384775873925448764,0.4704191254732834059915092,1.6214659046504951156464358,1.0549009322619014028532547,0.0000000000000000000000000
136 0.2069398604751342407581660,-0.7335298697988172911266247,1.5633849703145541454318845,0.2562615204147349334817818,-1.3039191346563954176929201,0.0861515574154294583308911,2.2840701911845568972125875,0.0000000000000000000000000
137 -1.2247559706981461236097175,-1.4444319378581975676922866,2.7547295816113868127672504,0.1362362961369735225858335,-1.8908262041852932355823214,-1.0706239550304423868709591,1.9810344749903467942431234,0.0000000000000000000000000
138 -1.5684591190693564222158329,0.7011848844607291297847951,-1.2079919813707544751224532,1.9247549180233638477233171,2.5680631049056827919230273,-0.3694019624157232062344747,1.0679459637882864342373068,0.0000000000000000000000000
139 0.1555606305915890885671615,0.1324023690882154546955007,-0.9894677319886140409721520,-0.0388206010371542550863033,-0.4628437410871701906955877,-1.5574720259154564150350097,-2.4096899321604006161123834,0.0000000000000000000000000
140 -0.4272324934578890509584426,0.0063561477583631287302524,-2.5898845853929124416481500,1.2762518969300442606140678,1.1686382160902200055829780,1.7726251735775986340115651,-2.1189992630770428938546956,0.0000000000000000000000000
141 0.2667370065562248981905213,0.2232270616834179932652660,-1.4511165966174099928309715,2.0546308336018728191163518,-2.6315188602071808432469879,-0.2867898887453770306876777,0.2387803856207897368335580,0.0000000000000000000000000
142 -0.0519857306649793571295959,0.3315307865229115691363404,-2.0617548805027730018935017,1.6383622001932756084841003,1.8104020730235621527981493,1.8272218205026686810299452,0.2294469586948149064653535,0.0000000000000000000000000
143 -1.0337966388832011688236889,-1.3645431993256988967289089,-1.0395133153435769379768772,0.7637788812433270457802337,-0.7345795081442125784576547,0.2892804655765273125211934,-0.3913339983794532628280649,0.0000000000000000000000000
144 1.5484777848118875809291239,-0.7628992751929437599045514,-1.7558535313424741275412089,0.7844421612650350761342111,0.2921514264220146372963427,-1.2748667939836568763212199,-2.1257362565559971834261432,0.0000000000000000000000000
145 0.5891166314952775984181699,0.3034029768390595904747897,-2.1231394154445970556821521,1.9104492080176476154207421,1.8432863327023980559715710,-0.6001502027775689196431586,-0.3195934165746874278113410,0.0000000000000000000000000
146 1.4164743993859123527556676,-0.3783634616347788526269369,0.9816602954690454296837743,1.3209325268785152562855956,-2.1074096572596623389017623,-1.0155716343554146430250285,-1.2394278155706954791526186,0.0000000000000000000000000
147 1.2133393982358486873351922,-0.8663820237542416702325454,1.1041075867349725569965813,1.0826024265198979090740750,1.8413219853454840801987302,1.6121539815831007480539938,-1.7003601264866816666909699,0.0000000000000000000000000
148 -0.2052679050081840372854458,0.4534616082797113811864165,1.6432718867079438851419582,2.4089637327822686074796366,-1.9503833806614314649863218,0.3517668621583469601432625,-3.0417996226850898544569191,0.0000000000000000000000000
149 -0.8541685310143487530609718,-1.1492571818354804236150812,-1.9764294685659626882312523,1.0267095278467559538171372,1.2544067451261948775709243,0.3731183517045475461770820,2.5828013751515195295382910,0.0000000000000000000000000
150 1.4638496389905699679445661,-0.5196610219369923733268024,-2.1664132038285206505179303,1.7323589338745728483104358,2.6063451169530607032243097,0.2390671310366518920176304,-2.1147500995275332336120755,0.0000000000000000000000000
151 -0.1617762621976119863376198,-0.2582220089003544050143546,2.1470988466351119683395154,0.4541902804803989446291723,-2.2379679908514806818686793,0.2232513179653521362411084,0.7461983210459348647702882,0.0000000000000000000000000
152 -1.5098235679737186387683323,-0.6940196654857226921109259,0.9820081261911424164168238,1.2063354300019959453038609,-1.5052572104801691388331619,-0.2942494912835509346393792,-1.0474311550326791397935722,0.0000000000000000000000000
153 -0.7466551110163185400736552,-1.3426272634899367730554332,0.9324763714575348139135258,0.4449176904796239284678450,1.3566547846252356990248700,-0.0313391493640362561734491,-2.7339452646239408295514295,0.0000000000000000000000000
154 -1.3946201696437019457164297,-0.9645420969908786723578942,-2.0941770301752589134025584,1.0814520034917871615931517,0.3298002982804550953233047,0.2889249955446377970957883,1.8710458857966800749750291,0.0000000000000000000000000
155 0.4532859053802371640529145,1.0048862724676199675855059,-0.6395583540405227473968353,2.0073610958612340127160678,-1.2521763346778120862268224,0.6164264046327727619711823,1.5239777578473923114188437,0.0000000000000000000000000
156 0.2940283000198253837709217,-0.4982930631764663775840063,0.5172927732870844508283881,2.1328941601602799948977918,-2.5220702545061106647494853,-1.4939826535483777814050654,-1.3911068881126618101973236,0.0000000000000000000000000
157 1.1764125102288405244621572,-2.0101213704883682531487921,-1.4493944583675957282764557,1.3567366836717056344241428,1.2415835958219059165230647,-0.4587211422694636997476891,-2.7478918297276329063549838,0.0000000000000000000000000
158 0.9916478984131420482128760,-0.2000314711644459730877088,-2.7289410645706153601963706,2.3156044814016691901770173,-2.6496376538903629871413159,0.5383191568026912676714346,0.2695439551437948111356491,0.0000000000000000000000000
159 0.4715573469185385668822619,-1.4517193969798829478179414,0.6351144407458528817755905,-0.0458420527781555689483817,-1.8789254939183248627188050,1.4687585001161456155216456,0.6169732771795120029878490,0.0000000000000000000000000
160 0.6339598487427835493690509,-1.4477530270864966688293407,-0.1513248486192519948190238,0.3060435667187177966042100,2.3715868434182310053870424,0.5551673154497356321712687,1.9016887268166478008879494,0.0000000000000000000000000
161 -0.5103517959299239681314475,-1.5032586731828088133511301,-0.6015035909227526289555499,1.2249234089008174120039030,-0.9270251435609653256619822,1.4802527439178683188458763,-1.1366443764845117758710558,0.0000000000000000000000000
162 -1.6487838701658774631653159,-1.4456733119574716184274621,-0.4960012493881018613706146,1.9908099252920641308861605,-2.8654290855929391845791088,1.2376179895967833743952724,0.4592922171793376584503221,0.0000000000000000000000000
163 1.2313373121539661347867423,-1.2493679925987346557292312,-0.6843726981609745685375401,1.1921504934179365520208194,2.4245965932698902989272938,-0.8184629478959589699016419,-1.5235359707831108710962553,0.0000000000000000000000000
164 -1.3260654090500936241880936,0.7850017240876341340083400,-0.9103698737909411420332617,1.6574562742819336502719807,-2.5783612601744763104250069,-0.1719078388400705481586783,-0.6377389472121088864753347,0.0000000000000000000000000
165 1.4548343782683650360354477,1.0116709691075009835969922,-2.4632758892946666762213681,2.2385263472388157168779799,0.0924534429104313382197233,0.1975158197600161980034272,0.5950314579168476392112552,0.0000000000000000000000000
166 -1.3340332447112228653196553,-0.3265191862273584266773696,-0.1949988193991507579028166,2.5262401270979268907979076,2.8200956195942570303714092,0.9810703149923818422450950,-2.8733029332069230932233950,0.0000000000000000000000000
167 0.9478808468094235273326831,-0.6384000949745065600637872,-1.0143553821079520638193117,1.3545446046351197200152683,2.4104417866689349381204011,-0.3978527173768391378416709,-1.8506877731055431102191733,0.0000000000000000000000000
168 -0.5046873194753509483945209,-1.5888679665382334782464113,2.5704957383524220659865023,0.3634721530384719678785643,0.9641952351840190615916981,-0.5486801159600596111687310,-0.0427806508763604043110718,0.0000000000000000000000000
169 0.2699758063565267374173118,0.2051614280949172197665575,-1.8318921716195948334870991,0.2016867852880092071288232,-0.0325612994663235788550537,-1.3891499783313185911737264,-2.8005133578290761775519968,0.0000000000000000000000000
170 -1.6825405316437920255623339,-0.4950918060066604731161988,-0.4283569674854641462502514,2.3151217343402663573215250,-2.9008009558347058742810987,0.6092335176777039507101108,1.6031534684841304283509089,0.0000000000000000000000000
171 0.4647715075398708428622285,0.1105130057500272044990197,-2.1073504208234732359983354,0.4244406625025163304343323,1.3901129726279126685994925,-0.3453652548733081584231286,2.4991996744620612602716392,0.0000000000000000000000000
172 -1.1145810649736924702324359,-1.1799040571501961949252291,2.5101103452753896760896168,-0.0338048334139421785549118,-2.9302082762202288357400448,1.3934485840391483968403463,-1.6851698672092381148246432,0.0000000000000000000000000
173 0.2040311344208038946135275,-1.8971758693802056594535088,0.5377103271637473369537474,2.6088406645110064907555625,-1.2175268611556511189064622,1.3015249676187372607216730,0.9588690618238731033784461,0.0000000000000000000000000
174 1.0564406316286709675011934,-0.2973463542528200775905134,2.9142347611383945249485805,2.4694744633824909918473622,-0.8133498750470344873519934,-1.1516928518504900846863848,-2.8360299643869653074546022,0.0000000000000000000000000
175 0.1592819663125570883721593,-1.8565727703383063662556651,-1.5654366154895016371995098,0.5907435384042296622197910,-0.9295095747339119363061855,-1.5434945842469747212533093,-1.7888458488107874533312724,0.0000000000000000000000000
176 0.5588210778683602164562672,-1.6455925787382721381391093,-0.4101644209037997867994818,2.4654331524425341370942988,2.5017600434845128631877742,-0.8962708286495389975456760,-0.4964614370341697835442574,0.0000000000000000000000000
177 0.2775173748805135343076245,0.9811253625834948088879628,-0.8300619623312273098747482,1.5646561231755908849549996,-0.0837849272819166657200185,-0.3573478955936442158503041,2.7855937227572287184784727,0.0000000000000000000000000
178 1.4011101323700705378882958,0.0234157298712132089235638,2.1040219693800965572449968,1.7216119070163049542543376,-1.6801082299217156013071417,-1.5408575490900737747779203,-1.2160858197384916135064259,0.0000000000000000000000000
179 -0.9111967378818891516445433,0.0467591514018179665868047,1.0921181574224485544277741,1.1129749101470105543398859,-2.2533987271079789493910539,-1.2074354871803596456203422,-0.6301093513905580145717522,0.0000000000000000000000000
180 -0.5725723904182884460567493,0.8366744324228143625532539,-1.4932669246220890979515161,2.1197907638483637349224864,0.2645507573595038408598157,-0.6257970608732232875581758,2.0162645091122319840337695,0.0000000000000000000000000
181 -1.3209907112231922265976891,0.9787512915272973401670242,2.2699933244486487637914252,0.8306277919675351117945183,-0.0428819554717660977871674,0.9846020485105593245123146,-1.6694940586725688369540421,0.0000000000000000000000000
182 -1.4972750111709856035702160,-0.7922960815230830622368785,0.1525327486502625617958984,0.4570726766954514297403023,-1.2738712013759050378780557,2.0866431371188052246168354,-1.4625879222962947512343135,0.0000000000000000000000000
183 0.0105479927493759007006702,-0.2633864034015620525508439,1.0761691410426159620783437,1.4242740430283704622382857,-2.1237779887853087679161490,-0.8913039806792700803228513,-1.8528493053176671168102985,0.0000000000000000000000000
184 -0.1680404239455599579855516,-0.0495127485145405721311818,-2.4991191362333973202680681,0.5795617080952792932180273,2.4986296263614811152820039,0.5707735056945080209800381,-0.7227637639407831215976330,0.0000000000000000000000000
185 -0.9186234217308614224961616,-2.1111165623386001222172581,1.9582261472958633063967682,1.3118827609894250230127000,-2.1611033577127862770339561,0.8018369755502043894068720,-2.7266553934596737818196743,0.0000000000000000000000000
186 -1.6748192611802561469147577,-0.0786700305359762097623388,0.9998218178884172857578960,1.2434975700012860233556466,-0.8813336457723441874634318,-0.2754690308073008964129258,-0.2616207443664881893141683,0.0000000000000000000000000
187 -0.6355510326333064785586657,0.8018399703543819256879033,2.7776050046213365263270134,-0.0207583730904191653132695,-1.7931530789612575294000862,0.1083739935074516935742395,1.7553021562994937099233539,0.0000000000000000000000000
188 0.4655762391013720247201491,0.0276296749481139691795306,-2.9414471299315838592747241,0.4342808531710322661467671,1.3169275802904403249726784,-0.5303955475866075630619889,-0.9344903911303217292072532,0.0000000000000000000000000
189 -1.4912062473499694270628879,-0.8890376643892550223569060,-0.2104178707248154367448478,1.3919785509901019260325938,1.2738338492414147395948021,1.7253065143247483526067754,-2.1589031087355237126246266,0.0000000000000000000000000
190 -1.2421546684275195371327527,-1.1919451733748172017612887,0.3049802142762350065652299,1.6720881710471993120137313,-1.5182849119358161615878089,0.4793362007839960803323720,-2.7880127000906567147353599,0.0000000000000000000000000
191 -1.4893290205714557750127369,-0.0253396555550113866672746,-1.2767331083517685641481876,1.5525741121296647850869022,-0.7587820531678302060640817,-1.4982956525048916063269644,-0.0433140875605464437114733,0.0000000000000000000000000
192 -0.8903123835490387438795779,0.4759054140825318413021705,2.2572521842633097577390799,0.6787392278540596013414188,1.0690506593622508546559402,-0.3563267313582401119020915,0.8469658388532543824567256,0.0000000000000000000000000
193 1.0959840505581754932507010,0.5952140422650682438643344,1.0870515820510613380633913,1.2715717967010902178515153,-1.7813122130186820335495668,2.0452613207632066583130381,-0.1151932263831576541690538,0.0000000000000000000000000
194 1.2907535357658246333301122,0.0870582417957757037640931,1.4340873437668504308817319,0.8987220202762269405383222,-0.3004085158814717715358711,-0.7063682856548847421862547,-1.0733391379492076556090296,0.0000000000000000000000000
195 -0.7964060755561120918954998,-0.3458922548158520626770951,0.1584909209563849508128897,1.5076313987251515058574114,-1.4654802811697498210463664,0.7054233956663642501894174,2.4179848780124384433065643,0.0000000000000000000000000
196 0.3008385375937430161741304,-1.6756901324385262697092003,-2.7004838978429352991383894,0.4458305385670766618488869,-0.1700067985844828655217498,0.1428381098240301128043939,2.0901553157824812601006670,0.0000000000000000000000000
197 -0.0621204477813088740134617,0.1755577873096609842207272,-0.4633263382679575492772983,1.7352256114432704769967586,2.9646422947904289557641277,1.3105126354735228133563396,2.2928578912037700376913563,0.0000000000000000000000000
198 0.2588954884106771103802203,-2.0898742153704508162093134,0.6044527494400240286154258,1.6486591074870242668026776,0.9851620358201493843353092,1.6455362912758433324711405,-1.1283562566346287958651828,0.0000000000000000000000000
199 -0.8575569007057247672420885,-0.2963733778471933089093682,-2.4620122726329620732599324,0.8426547840240665721012192,-1.4883271155009638597732646,1.5723564222402979240200693,1.2714134873349278720411348,0.0000000000000000000000000
200 -1.0419842976083319996405407,0.4446432782130518290841792,-0.8155120824799970691287854,1.6543859488034553528734705,1.4507124961566706389248793,1.3966960671341723809746327,-2.3387329902172711015850837,0.0000000000000000000000000
201 -1.0325443022631000111744015,-0.7753042454469500910363422,2.6689110570130614163986138,2.4639807157264934645013454,1.5865735451362903418726091,-1.4278865783112137943788866,-0.6508136329864218083685046,0.0000000000000000000000000
202 -0.6065935666851829388690476,0.8090359859354965266220461,1.9579944402948239456918600,2.2789366066087675122275868,-2.5784864244393475019023754,-1.4320249934033302263713949,-0.5226243836663777564410793,0.0000000000000000000000000
203 0.3150630245742855883861466,-0.8913412720711626491265633,-0.9538521415872653896883548,2.6169320762599501684064762,-1.3909834787798969202299304,-0.5658393605883862420569130,1.8327624208022665897033221,0.0000000000000000000000000
204 -1.4663913857599359946703999,0.8504183882416316286878555,0.4701776662546612861603990,0.4359313719151221566683319,-2.3697669930685156813865433,-0.0342250410187758813407299,1.9469897294202773707638698,0.0000000000000000000000000
205 -1.2536272117285074401138445,-0.0915931377208756281049773,0.9870802140615220210406733,1.0882054431187944132375378,-2.4653556521005723922712605,1.4485903981007459684349215,-2.3946665053896918351483691,0.0000000000000000000000000
206 -1.4429583717036644774367460,-0.0421539544477842476055685,1.9133808046129594515605277,0.2691137103452876377929215,-1.5360817268579649574888890,0.8812367689168190132420477,-1.9145535813987040185679689,0.0000000000000000000000000
207 1.4867082803857840644923272,-0.8898745508179413121752077,-2.6766159747045987771230102,2.2387153163779132114541426,1.2573599027108217640602561,0.7862732358306110391765742,1.0888550596357582378459483,0.0000000000000000000000000
208 -1.4621872177582819762875488,0.0892082611556204163605344,-2.7591938866012499786961598,1.6755886273689513110696225,-1.2060343919699241244103405,-0.2691441977894029058404612,-0.2242678947976175507506014,0.0000000000000000000000000
209 -0.7841761786765394370846138,0.9175744057486650007149365,2.7826838394719093372486896,2.5786407865791769467023187,-2.7065499169200428752901644,-0.7294468315141995340411540,-0.0929183346815030120069423,0.0000000000000000000000000
210 0.3303863035729954766850369,-1.9396288253490945319157390,-1.8429645463781922920531997,1.6280976184970219478032050,-2.2365232315992580325314520,0.1094789512398135489235074,2.1677149561646933406677817,0.0000000000000000000000000
211 -0.9692478923746081775902894,-2.1162864093628179773531883,0.7120386193287848719535305,1.7015929275004157972261964,-2.3473754753025133368282695,1.8444407825672808343142606,0.0294291644470905389141535,0.0000000000000000000000000
212 0.3521591595098612081926603,-0.2720520866210813792918088,-2.5845205796965728950453922,0.6330718478295354056939459,3.0235634593705480455128054,0.8145330086520954360196356,-1.3510031682224961091520754,0.0000000000000000000000000
213 -0.3474922055264304532329334,-0.6775854368957621165492355,-2.2078028155053726067080788,2.0458883764426634144228956,3.0405241716473945245979849,-0.6754114206360123384698113,-1.2553835956055594547109422,0.0000000000000000000000000
214 0.8282014993214312781333319,-0.6995006751774346387406922,1.9509885205600294710848175,1.5409315684451398986709592,-2.8506237233810240994102969,0.0370184304585017276423287,0.2786382013473835961292480,0.0000000000000000000000000
215 0.5854993720250556421547117,0.7399839093261326716799431,-0.2150279525843470374013577,2.2336648738084661225400396,2.3883454336688600960769691,0.6951138602680662081922947,0.7036242037418412031968273,0.0000000000000000000000000
216 0.9715003141083795590304817,-1.7840255729355964930959999,2.9990931494956125646922374,1.0974318064839725384018720,-1.7235617305992925185620379,0.7575856060857182328049930,-2.3579060479676847705832188,0.0000000000000000000000000
217 1.0258481569577257985770302,-0.5417091762501322627088030,-2.2798778836733433195149701,1.2114602864223811273802767,0.2316811866903121241989538,1.9494596086702316029004578,-2.2750385100199093102446568,0.0000000000000000000000000
218 -1.0483009071557987113010313,-0.1739121918840853542320701,-0.0348237631562140492746948,1.7730000729761083988478276,2.7155538923789528382712888,0.2821297356193879224406373,0.8706640175290702998722736,0.0000000000000000000000000
219 -0.7849954017675864204051095,0.7718812968474262348195225,-1.1571151512828850016489923,1.8882841040186042480542028,-2.0020255170506544573072460,0.8349435454034743742113278,2.3447626520431432695090734,0.0000000000000000000000000
220 0.8844073118872266547896288,-2.0912299615685965292755100,-0.2141255212282144881896784,0.8543552712706639074013992,2.8366704262893973620407451,-0.7292621414383403388725924,-1.0289662978546534333190721,0.0000000000000000000000000
221 -0.2253524169274612187763296,-0.1356850364369734940339640,0.9018964744866169169768000,0.0718657893081501714105386,1.1656324133913180673971510,0.8294547001772953898068863,1.2911835895116361427881202,0.0000000000000000000000000
222 -1.5575943784736352437647611,-0.4041039868924318767540171,-1.7550685349881203212163427,1.2110497827665178682821079,2.7647924355798370044112744,1.2538552002854488343075445,-2.8142692051163264999047442,0.0000000000000000000000000
223 -0.4340515552702701729259616,1.0445675634479001381293983,-1.8301386906316949865214383,2.4018776546939637484001651,0.2608231847024629068698687,-1.5059433923575520353210777,-0.4901987538417795775558261,0.0000000000000000000000000
224 -1.6215448786990049878653508,0.2018415956538364142147657,1.4108095822854673784263468,0.7701759131123198098833882,1.0882419530224254344830115,-1.3782091545601846682700398,-1.7277441839374341192581142,0.0000000000000000000000000
225 -0.5807788149134711641607964,-0.8441335806907774852447801,1.5469972750674472194987175,0.0152473742241260451502072,-2.9108229001741032782035745,-1.3392655564334698947703828,1.9304180650792170936824732,0.0000000000000000000000000
226 0.0978063686162653489475360,-0.5417258788779033551463726,-2.8167424077504175095043593,0.7596055446069711614143216,-2.5077649681748659382662936,-0.3996070392996329267987221,-2.1286723263439126796470191,0.0000000000000000000000000
227 1.3449580687352198360429156,-0.9310673686312824770539009,-1.2034359891298296307837745,0.6860001926552503626055568,-0.5199888232103497820446592,-1.5043961214847449969767013,0.0964394919962807684044037,0.0000000000000000000000000
228 -1.1319966171887094752435132,-1.1932648906811440525643775,0.6444612696314191424562523,1.8686261216283894803780186,-0.9923950739639786355894557,-0.6465153524129130246933528,1.9216516635542051361085214,0.0000000000000000000000000
229 1.2147837111717390001786043,-0.4430801845472678301973701,-2.3344523689490994655670875,0.7836827873967973090429950,1.6157385253518530277005993,-0.9871151607325951982119250,1.8396575889329698227925292,0.0000000000000000000000000
230 -1.4159822959495129701679161,0.6523634009507315312248465,-0.6049460697446908952201738,-0.0340916552264670241756406,-1.7483753281679823565752940,0.1477041124120110904271996,-2.0957074537448154849528237,0.0000000000000000000000000
231 0.9680924955925735986284053,-1.2379101490913471117494282,1.0979828931550734694155835,1.4776217708306487175207167,-1.7402308164635817977483612,1.5187430045667440481338417,2.0379764693048674217834559,0.0000000000000000000000000
232 1.1120349060850944766798420,-1.7529314033314264964502627,0.6729986065263497962973815,0.5873762072889953111953787,-2.2290893876282913410591391,1.6553159314873560070680014,-2.0455591463328151036193958,0.0000000000000000000000000
233 -1.4811620911996130622867440,1.0325075686431994803626822,1.4662859442541451571173639,2.4825720627291927300461793,2.2946129743026633107660928,-1.1231741589835495531701781,1.9887753295189583013780066,0.0000000000000000000000000
234 -0.3788727886559226654128452,-0.5768669538953650199886170,-2.2928230232989901260509669,2.2300249846950288556968189,2.8203286779966809660891158,-0.3373622856128406510833884,0.6769531330419482628713013,0.0000000000000000000000000
235 0.7740686284236701908412215,-1.7450415727887493844150413,-2.2790911493742602722534230,1.6508260481193779423136903,-1.1525350217584218182054201,-0.3782164287146698722352767,-1.5244306157983051885906889,0.0000000000000000000000000
236 0.5969789392170046227192870,-0.2495795457542775430681559,-1.0469229530967663066576279,2.3981059013940884128146536,1.7287356749948745715528275,0.5482260717948213013528402,2.9233602747388003351147745,0.0000000000000000000000000
237 0.0008627523557318550473383,0.2822848391184979988111081,-2.8853278421901982220276750,1.5303536450007710900678148,-0.6197994272507725277421287,1.4506696222641926041774241,0.8812806673349258268501671,0.0000000000000000000000000
238 0.5581484531441200935830693,0.5210259730583177706364495,-1.2439917940897227133234537,1.7844509813647952967130550,-2.5782650836274330075070793,0.7963694639527796326206044,2.9363350148505231729245679,0.0000000000000000000000000
239 -0.0092787762866242129433658,0.0188729140692731611750332,2.6871175441301069497512799,0.0486287051842681505853250,-1.1679967542183571360681071,1.5438323963928066717699039,2.4149777961503611223292864,0.0000000000000000000000000
240 -1.4112737152693348718912603,-1.7346917991580868001477711,0.5372670659250178282206889,2.0228884920593763752094674,-2.3873820072805425063222629,-1.4668045047494753241323906,2.5293089392009697746743768,0.0000000000000000000000000
241 -0.6615803284571084574849920,-0.9290166577715501805556642,-2.4803826556179164875004517,2.0548577960957112864548435,-0.0023413030697692072124028,-1.3211736750468714429729289,1.7503825146711351479211771,0.0000000000000000000000000
242 0.1540255253070363927747621,-1.7229768601180874831868550,-1.6333991546095740776678440,0.5981260170881290694211430,2.1646190280158164043200486,-1.5318577988345540852321847,0.4569056377158995374543338,0.0000000000000000000000000
243 0.6248778024183692103576959,-0.9698374561568894325347401,-1.2662810347957063061841154,0.9085721475344951114649916,0.0093641453601254198702009,-0.7476301978356242328160874,-2.4797264122137456787697829,0.0000000000000000000000000
244 -0.9267477243889900018203321,0.6973919110458308701083752,-0.9565130316780665609144307,1.7595094913195394870086830,2.8159782896214062830608782,-0.1582421743071502628907865,-2.6465991199983283088670305,0.0000000000000000000000000
245 -0.9382929535507722462739366,0.6512621192123098090576150,0.6472444160272985413939750,0.9555243591766449107183234,-1.3714944363872030308471039,1.4099252361684704304423121,1.7594101988069761333122187,0.0000000000000000000000000
246 0.9752478848227976726548150,-0.1651933651567405458848725,-0.7743277303244924247849212,2.5020595949609107933042651,0.8338010960029440532537137,-1.3215922602636143157184279,2.2419046027021973799264742,0.0000000000000000000000000
247 -0.4324852878088292218450306,0.1974711292555890729261137,1.4252891962633045253028286,0.3440884928321877311852006,0.3102546735719102777295575,1.4083025441515308884277147,-0.9433609775045703749185577,0.0000000000000000000000000
248 -1.0858685413747091175196147,-1.8422098148368342140912546,1.9691371662596166558500954,1.3689694419032751859788277,1.6084058463794201898622305,-1.5144525698383939360525119,-0.6349174038376275142070426,0.0000000000000000000000000
249 1.3631978472957433368151214,-0.6930965604791865519729299,0.1111285962639900759540978,0.6638597089861796307630470,2.7015715135552795800322201,-1.2261040079682234971159005,1.7248342472537583347502732,0.0000000000000000000000000
250 -0.0863729892127123033418457,0.9176375158022334055374358,-1.2971599663482493713928534,1.0083266641135915087090780,2.4633520637780206286038265,0.8918509122182656234656406,2.2283602133380995269362757,0.0000000000000000000000000
251 -1.6998037056792012489125909,-1.2989753756467137257857303,-0.9086778068204663938445265,0.7388108016889590734521676,-2.4831008589137817388348140,-1.2947300372325027950637377,-2.7017843047710066173294763,0.0000000000000000000000000
252 -0.3485033161837418624884322,-0.6559415754140081045164834,-2.8726082400040229281046322,1.5241331460038818335078759,-1.7570105171799710319646692,1.1662624743313392272625606,-1.0160310494131552516705597,0.0000000000000000000000000
253 -1.5179454300199157756878776,-1.0410151600427994811326471,1.5380007942216300520499317,0.6726615695090318869375778,-0.6810546173453584373191916,0.4371420324064767548577493,0.2387701295240640675388022,0.0000000000000000000000000
254 1.5270462547928858043633227,-0.2407059408471481365410227,-2.9198262726174988301863777,1.7396003037903455812340781,0.2621150340992564053976821,0.5056289348741636047179782,0.7618308773435797931483648,0.0000000000000000000000000
255 -0.6744882368401130534607546,-0.1108310087257207143807136,-0.4221990737568281915059742,2.1638225411948854848276369,2.5716005466229292508728577,-1.4034382380521395194961087,0.0938478333320689195318209,0.0000000000000000000000000
2999
2 1
5 3
6 1
6 2
7 4
8 4
8 7
9 6
9 1
10 0
11 10
11 0
11 8
12 7
12 4
12 8
13 5
14 13
15 13
15 14
16 14
16 13
16 15
17 11
17 10
17 0
18 16
18 14
18 13
18 3
19 0
19 18
20 13
20 14
20 16
20 15
20 18
21 2
21 4
21 6
21 1
21 9
21 12
22 8
22 4
22 12
23 12
23 22
23 4
23 7
23 8
23 21
24 13
24 14
24 18
24 16
24 15
24 20
25 7
25 12
25 8
25 22
25 23
25 4
25 21
26 25
26 8
26 22
26 7
26 2
26 12
26 21
26 23
26 4
26 11
27 19
27 0
27 10
27 26
27 6
27 2
27 17
27 1
27 21
28 11
28 26
28 25
28 17
28 8
28 7
28 10
29 26
29 11
29 10
29 17
29 27
29 0
29 25
29 8
29 22
30 29
30 11
30 10
30 17
30 26
30 27
30 0
30 8
30 25
31 26
31 29
31 25
31 8
31 30
31 22
31 7
31 12
31 23
31 21
31 2
32 8
32 21
32 22
32 23
32 12
32 31
32 4
32 26
32 7
32 2
32 6
33 18
33 3
33 19
33 5
33 24
34 9
34 6
34 21
34 1
34 2
34 32
34 27
34 19
35 15
35 24
35 16
35 13
35 14
35 20
35 18
35 9
36 23
36 32
36 12
36 22
36 8
36 7
36 4
36 31
36 21
36 25
36 26
37 19
37 27
37 10
37 30
37 0
37 17
37 29
37 34
37 6
37 26
38 29
38 30
38 26
38 31
38 11
38 10
38 17
38 27
38 37
38 25
38 8
38 0
39 33
39 18
39 3
39 24
40 27
40 37
40 30
40 19
40 0
40 10
40 29
40 38
40 17
40 26
40 31
41 27
41 40
41 37
41 19
41 0
41 30
41 10
41 29
41 34
41 38
42 41
42 19
42 37
42 27
42 40
42 0
42 30
42 34
42 29
43 32
43 8
43 22
43 36
43 21
43 23
43 4
43 12
43 7
43 31
43 26
43 2
44 40
44 27
44 37
44 30
44 41
44 29
44 42
44 10
44 38
44 0
44 19
44 26
45 29
45 38
45 30
45 44
45 26
45 31
45 40
45 27
45 11
45 37
45 41
45 10
46 27
46 40
46 44
46 41
46 37
46 42
46 19
46 45
46 30
46 34
46 29
46 0
47 36
47 12
47 23
47 7
47 25
47 8
47 22
47 43
47 31
47 26
47 32
47 4
48 37
48 40
48 44
48 42
48 46
48 41
48 27
48 19
48 10
48 0
48 30
48 45
49 46
49 6
49 44
49 2
49 27
49 34
49 40
49 1
49 48
49 37
49 41
49 42
50 3
50 5
50 28
50 24
50 30
50 29
50 38
50 45
51 47
51 36
51 12
51 23
51 7
51 22
51 43
51 8
51 25
51 32
51 4
51 31
51 26
52 28
52 50
52 3
52 38
52 29
52 11
52 45
52 30
52 26
52 31
52 17
53 42
53 41
53 27
53 46
53 19
53 37
53 40
53 48
53 44
53 49
53 34
53 0
53 30
54 34
54 9
54 6
54 1
54 49
54 21
54 2
54 53
54 46
54 32
54 27
54 41
54 42
55 50
55 3
55 52
55 5
55 28
55 30
55 29
55 38
55 45
56 16
56 14
56 13
56 18
56 20
56 35
56 24
56 15
56 34
56 54
56 53
57 43
57 21
57 4
57 32
57 8
57 22
57 23
57 12
57 2
57 36
57 31
57 26
57 7
58 52
58 28
58 55
58 50
58 3
58 11
58 38
58 29
58 30
58 17
58 45
58 10
59 21
59 2
59 57
59 49
59 8
59 43
59 1
59 32
59 6
59 22
59 4
59 34
59 9
60 43
60 31
60 32
60 26
60 36
60 25
60 8
60 7
60 22
60 12
60 23
60 57
60 51
61 26
61 31
61 44
61 46
61 45
61 49
61 29
61 40
61 27
61 59
61 30
61 38
61 43
62 20
62 14
62 13
62 16
62 56
62 24
62 18
62 50
62 5
62 55
62 3
62 35
62 15
63 34
63 54
63 6
63 9
63 49
63 59
63 1
63 2
63 21
63 46
63 53
63 27
63 61
64 45
64 29
64 38
64 30
64 26
64 31
64 44
64 61
64 40
64 46
64 27
64 11
64 48
65 9
65 54
65 63
65 34
65 21
65 6
65 59
65 2
65 49
65 1
65 32
65 57
65 43
66 25
66 31
66 60
66 26
66 43
66 7
66 8
66 61
66 64
66 36
66 38
66 29
66 32
67 56
67 16
67 14
67 13
67 62
67 20
67 18
67 24
67 15
67 35
67 34
67 53
68 29
68 64
68 26
68 38
68 30
68 31
68 61
68 45
68 44
68 11
68 66
68 40
69 1
69 6
69 2
69 49
69 63
69 59
69 34
69 9
69 54
69 21
69 46
69 61
69 44
70 66
70 60
70 25
70 31
70 26
70 43
70 7
70 36
70 32
70 8
70 22
70 12
70 61
71 38
71 26
71 29
71 31
71 64
71 66
71 25
71 45
71 68
71 30
71 70
71 60
71 61
71 11
72 55
72 52
72 58
72 50
72 3
72 5
72 28
72 11
72 17
72 10
72 30
72 29
72 68
72 38
73 59
73 63
73 2
73 49
73 21
73 6
73 69
73 1
73 34
73 65
73 9
73 54
73 57
73 61
74 30
74 10
74 11
74 17
74 0
74 29
74 64
74 68
74 44
74 45
74 38
74 40
74 48
74 37
75 20
75 13
75 62
75 14
75 50
75 67
75 16
75 55
75 24
75 52
75 56
75 15
76 12
76 51
76 7
76 23
76 47
76 36
76 22
76 4
76 8
76 25
76 43
76 32
76 66
76 70
77 58
77 52
77 72
77 55
77 50
77 5
77 28
77 3
77 38
77 29
77 30
77 68
78 61
78 59
78 57
78 68
78 73
78 49
78 44
78 2
78 46
78 26
78 64
78 31
78 21
78 40
79 71
79 64
79 38
79 45
79 29
79 30
79 26
79 31
79 68
79 74
79 66
79 61
79 44
79 40
80 78
80 59
80 57
80 61
80 73
80 21
80 2
80 49
80 43
80 8
80 68
80 26
80 31
80 32
81 70
81 60
81 66
81 43
81 7
81 32
81 8
81 25
81 36
81 31
81 22
81 26
81 12
81 57
82 52
82 58
82 72
82 77
82 28
82 55
82 50
82 38
82 11
82 29
82 68
82 30
83 36
83 23
83 12
83 22
83 51
83 32
83 43
83 8
83 7
83 76
83 47
83 60
83 4
83 81
84 36
84 83
84 7
84 12
84 23
84 43
84 8
84 22
84 81
84 60
84 32
84 51
84 76
84 70
85 34
85 63
85 6
85 54
85 9
85 21
85 73
85 65
85 59
85 32
85 49
85 2
85 1
85 69
86 41
86 37
86 42
86 40
86 27
86 19
86 48
86 53
86 44
86 46
86 30
86 0
86 49
87 84
87 36
87 83
87 8
87 12
87 22
87 23
87 43
87 7
87 32
87 51
87 60
87 31
87 76
88 87
88 31
88 26
88 84
88 8
88 36
88 66
88 83
88 60
88 43
88 22
88 25
88 32
88 7
89 16
89 14
89 67
89 13
89 56
89 24
89 62
89 20
89 35
89 15
89 18
89 75
89 34
90 84
90 60
90 70
90 87
90 25
90 88
90 36
90 66
90 81
90 7
90 31
90 83
90 43
90 26
91 47
91 51
91 90
91 87
91 88
91 84
91 76
91 25
91 36
91 83
91 31
91 7
91 12
91 66
92 33
92 39
92 18
92 3
92 24
92 50
92 67
92 55
93 35
93 89
93 15
93 16
93 56
93 14
93 24
93 13
93 67
93 20
93 62
93 18
93 75
94 89
94 16
94 93
94 56
94 67
94 14
94 13
94 35
94 24
94 62
94 15
94 20
94 18
94 75
95 38
95 71
95 29
95 45
95 64
95 26
95 31
95 79
95 30
95 88
95 68
95 66
95 91
95 25
96 85
96 34
96 63
96 6
96 54
96 21
96 9
96 73
96 65
96 59
96 49
96 2
96 1
96 69
97 19
97 42
97 53
97 86
97 41
97 37
97 48
97 27
97 40
97 46
97 44
97 0
97 49
98 75
98 62
98 50
98 52
98 55
98 82
99 32
99 43
99 21
99 96
99 85
99 36
99 83
99 84
99 59
99 23
99 2
100 83
100 87
100 36
100 51
100 47
100 84
100 91
100 88
100 76
100 12
100 23
100 90
100 22
100 7
100 8
101 8
101 88
101 43
101 87
101 84
101 32
101 99
101 22
101 31
101 36
101 90
101 26
101 60
101 81
101 83
102 11
102 38
102 30
102 95
102 29
102 45
102 17
102 64
102 10
102 74
102 79
102 71
102 44
102 40
102 68
103 91
103 87
103 100
103 88
103 90
103 84
103 47
103 25
103 51
103 76
103 36
103 7
103 83
103 101
103 12
104 92
104 33
104 39
104 18
104 3
104 24
104 67
104 42
104 50
105 99
105 32
105 101
105 43
105 88
105 87
105 8
105 36
105 22
105 84
105 83
105 21
105 60
105 31
105 26
106 11
106 74
106 30
106 29
106 38
106 10
106 17
106 68
106 64
106 45
106 102
106 79
106 95
106 44
106 0
107 0
107 48
107 40
107 10
107 42
107 37
107 86
107 41
107 74
107 44
107 27
107 19
107 97
107 53
107 30
108 23
108 12
108 76
108 83
108 22
108 100
108 7
108 87
108 8
108 84
108 36
108 4
108 51
108 103
108 101
109 108
109 100
109 76
109 83
109 23
109 12
109 87
109 51
109 36
109 103
109 84
109 22
109 47
109 7
109 8
110 11
110 106
110 10
110 74
110 30
110 29
110 102
110 38
110 0
110 107
110 64
110 68
110 45
111 9
111 54
111 6
111 85
111 96
111 34
111 63
111 65
111 69
111 73
111 59
112 7
112 4
112 8
112 22
112 12
112 23
112 84
112 81
112 101
112 43
112 36
112 108
112 76
112 87
112 90
113 65
113 9
113 111
113 54
113 63
113 85
113 96
113 34
113 21
113 73
113 6
113 59
113 1
114 5
114 50
114 77
114 55
114 3
114 52
114 58
114 72
114 82
115 6
115 1
115 69
115 2
115 111
115 96
115 85
115 9
115 63
115 73
115 49
115 54
115 34
115 59
115 21
116 108
116 109
116 23
116 12
116 76
116 22
116 83
116 87
116 8
116 100
116 7
116 4
116 36
116 84
116 112
117 21
117 59
117 113
117 96
117 85
117 73
117 65
117 9
117 63
117 6
118 21
118 117
118 57
118 4
118 59
118 8
118 22
118 43
118 99
118 23
118 32
118 80
118 112
118 73
118 101
119 2
119 73
119 59
119 69
119 1
119 115
119 6
119 49
119 63
119 96
119 21
119 117
119 80
119 85
119 99
120 74
120 110
120 10
120 106
120 11
120 0
120 17
120 107
120 30
120 40
120 44
120 29
120 48
120 64
120 37
121 119
121 68
121 59
121 80
121 61
121 73
121 8
121 78
121 49
121 26
121 101
121 21
121 31
121 69
122 121
122 119
122 69
122 68
122 49
122 29
122 61
122 44
122 59
122 30
122 73
123 121
123 68
123 8
123 59
123 119
123 101
123 80
123 61
123 26
123 31
123 105
123 88
124 6
124 115
124 69
124 1
124 119
124 49
124 2
124 96
124 63
124 73
124 85
124 122
124 34
124 59
125 65
125 113
125 9
125 117
125 85
125 96
125 63
125 54
125 111
125 34
125 21
125 73
125 6
125 59
125 124
126 7
126 12
126 84
126 76
126 108
126 23
126 116
126 87
126 112
126 103
126 8
126 22
126 109
126 36
126 83
127 10
127 120
127 11
127 110
127 74
127 30
127 17
127 106
127 107
127 0
127 44
127 29
127 40
127 48
127 37
128 116
128 108
128 83
128 109
128 23
128 36
128 87
128 12
128 22
128 100
128 126
128 84
128 8
128 76
129 128
129 116
129 108
129 23
129 22
129 12
129 83
129 126
129 109
129 8
129 87
129 36
129 84
129 7
129 100
130 117
130 118
130 21
130 59
130 125
130 113
130 73
130 65
130 96
130 85
130 57
130 119
130 99
130 63
130 8
131 8
131 4
131 112
131 22
131 118
131 43
131 129
131 23
131 12
131 101
131 7
131 57
131 21
131 126
131 128
132 109
132 100
132 108
132 116
132 47
132 128
132 76
132 51
132 103
132 129
132 83
132 91
132 87
132 126
132 12
133 6
133 115
133 124
133 119
133 96
133 63
133 111
133 73
133 9
133 85
133 1
133 125
133 2
133 117
133 69
134 110
134 127
134 120
134 11
134 10
134 106
134 74
134 17
134 30
134 0
134 107
134 29
135 122
135 69
135 124
135 1
135 115
135 119
135 49
135 6
135 133
135 121
135 73
135 96
135 44
135 68
136 17
136 10
136 37
136 48
136 127
136 44
136 30
136 40
136 74
136 86
136 19
136 45
136 102
137 136
137 17
137 10
137 74
137 127
137 30
137 11
137 120
137 134
137 44
137 0
137 45
137 110
137 102
137 48
137 64
139 62
139 98
139 20
139 16
139 75
139 89
139 67
139 94
139 56
139 50
140 24
140 15
140 35
140 93
140 94
140 89
140 13
140 16
140 14
140 20
140 56
140 18
140 67
141 3
141 92
141 18
141 104
141 33
141 39
141 62
142 9
142 113
142 140
142 54
142 65
142 125
143 5
143 50
143 141
143 55
143 62
143 3
143 119
143 72
143 139
143 18
143 1
143 73
144 62
144 20
144 13
144 14
144 89
144 75
144 16
144 139
144 94
144 67
144 98
144 24
144 56
144 93
144 35
144 15
145 56
145 67
145 94
145 89
145 16
145 14
145 13
145 93
145 142
145 24
145 18
145 138
145 20
145 65
145 34
146 55
146 50
146 52
146 98
146 72
146 82
146 28
146 75
146 62
146 77
146 58
147 83
147 128
147 129
147 36
147 100
147 109
147 108
147 87
147 116
147 23
147 8
147 99
147 22
147 43
147 105
147 32
148 28
148 82
148 52
148 58
148 77
148 72
148 146
148 95
149 19
149 73
149 63
149 138
149 69
149 1
149 49
149 54
149 34
149 53
149 142
149 97
149 6
149 42
149 115
150 35
150 15
150 93
150 145
150 13
150 94
150 89
150 14
150 24
150 16
150 140
150 144
150 20
150 56
150 67
150 65
151 136
151 17
151 137
151 11
151 102
151 72
151 127
151 30
151 10
151 52
151 134
151 82
151 74
151 29
151 55
152 143
152 72
152 82
152 52
152 151
152 55
152 148
152 146
152 68
152 50
152 98
152 106
152 74
152 58
153 147
153 70
153 60
153 90
153 101
153 84
153 112
153 43
153 81
153 36
153 8
153 22
153 12
153 66
153 7
153 98
154 149
154 143
154 138
154 142
154 19
154 1
154 69
154 73
154 18
154 119
154 49
154 63
154 115
154 124
155 141
155 92
155 104
155 39
155 18
156 146
156 152
156 52
156 82
156 141
156 148
156 75
156 28
157 144
157 75
157 20
157 150
157 13
157 14
157 62
157 89
157 98
157 153
157 16
157 94
157 35
157 24
157 15
157 139
158 141
158 92
158 104
158 3
158 39
158 33
158 18
158 155
158 50
158 5
158 55
158 143
158 114
158 62
158 72
158 24
159 5
159 151
159 114
159 55
159 136
159 50
159 72
159 3
159 135
159 77
159 143
159 122
159 52
159 152
159 69
159 58
160 63
160 34
160 49
160 73
160 54
160 96
160 124
160 6
160 69
160 85
160 46
160 115
160 1
160 53
160 119
160 133
161 143
161 5
161 50
161 55
161 3
161 72
161 152
161 114
161 159
161 77
161 52
161 2
161 119
161 140
162 72
162 161
162 143
162 141
162 152
162 3
162 159
162 55
162 50
162 158
162 82
162 151
162 155
162 5
162 58
162 52
163 157
163 150
163 32
163 144
163 13
163 43
163 14
163 20
163 145
163 105
163 99
163 21
163 85
163 60
163 96
164 141
164 162
164 143
164 155
164 158
164 161
165 18
165 145
165 67
165 155
165 56
165 24
165 89
165 92
165 13
165 94
165 142
165 104
165 14
165 158
165 16
165 141
166 153
166 57
167 163
167 150
167 157
167 13
167 14
167 145
167 20
167 32
167 15
167 144
167 89
167 35
167 16
167 94
168 61
168 26
168 31
168 45
168 64
168 78
168 68
168 66
168 60
168 29
168 44
168 80
168 38
168 30
168 121
168 70
169 139
169 144
169 62
169 16
169 14
169 20
169 89
169 13
169 94
169 67
169 75
169 56
169 157
169 93
169 24
170 162
170 164
170 141
170 155
170 72
170 143
170 152
170 3
170 151
170 158
170 159
171 149
171 19
171 97
171 154
171 53
171 34
171 54
171 42
171 160
171 41
171 86
171 63
171 18
171 49
171 37
172 52
172 82
172 58
172 28
172 72
172 152
172 151
172 77
172 159
172 55
172 148
172 114
172 161
172 50
172 5
172 146
173 3
173 72
173 159
173 162
173 161
173 55
173 122
173 119
173 50
173 5
173 121
173 170
173 48
173 77
173 143
174 28
174 71
174 95
174 79
174 25
174 91
174 38
174 103
175 62
175 144
175 139
175 169
175 75
175 20
175 143
175 98
175 157
175 156
175 13
175 14
175 16
175 161
175 67
175 50
176 163
176 167
176 57
176 59
176 21
176 130
176 43
176 32
176 145
176 65
176 73
176 118
176 80
176 125
177 155
178 146
178 156
178 52
178 98
178 95
178 38
178 79
178 102
178 82
178 55
178 106
178 71
178 45
178 29
178 28
179 152
179 156
179 146
179 151
179 178
179 72
179 52
179 82
179 55
179 120
180 177
180 155
180 154
180 171
180 138
180 149
180 165
180 18
181 152
181 68
181 123
181 66
181 148
181 31
181 12
181 26
181 121
181 122
182 161
182 143
182 152
182 5
182 172
182 159
182 72
182 162
182 114
182 181
182 52
182 77
182 58
182 55
182 82
182 50
183 156
183 146
183 179
183 52
183 152
183 178
183 98
183 148
183 82
183 55
183 72
183 50
183 28
183 75
184 142
184 145
184 140
184 93
184 150
184 167
184 94
184 35
184 24
184 89
184 16
184 56
184 15
184 85
184 96
184 111
185 172
185 82
185 52
185 72
185 152
185 183
185 148
185 58
185 77
185 28
185 182
185 161
185 55
185 50
185 179
185 156
186 152
186 179
186 68
186 143
186 74
186 181
186 151
186 183
187 151
187 136
187 137
187 74
188 94
188 89
188 16
188 56
188 184
188 93
188 145
188 67
188 24
188 14
188 13
188 18
188 144
188 62
188 35
188 150
188 167
189 166
189 153
189 4
189 161
189 140
189 182
189 112
189 147
189 131
189 23
189 12
189 2
189 21
189 143
190 185
190 152
190 161
190 182
190 183
190 52
190 72
190 82
190 143
190 98
190 186
190 156
190 189
190 55
190 179
190 153
191 143
191 164
191 186
191 180
191 141
191 152
191 179
191 154
191 175
191 67
191 62
191 139
191 18
191 156
191 16
192 68
192 29
192 64
192 26
192 31
192 38
192 45
192 30
192 61
192 74
192 66
192 121
192 122
192 168
192 123
192 44
192 95
194 178
194 146
194 95
194 38
194 45
194 29
194 98
194 26
194 31
194 64
194 88
194 183
194 30
194 71
194 79
194 68
194 106
195 170
195 136
195 155
195 177
195 173
196 154
196 149
196 171
196 18
196 19
196 104
196 143
196 97
196 33
196 180
196 53
196 177
196 42
196 92
196 160
196 63
196 165
198 147
198 59
198 119
198 130
198 161
198 189
198 80
198 73
198 118
198 2
198 21
198 121
198 117
198 57
198 123
198 131
198 133
199 154
199 196
199 143
199 104
199 33
199 158
199 18
199 155
199 195
199 92
199 162
199 39
199 141
199 170
199 161
199 149
199 164
200 189
200 140
200 166
200 184
200 142
200 167
201 66
201 70
201 81
201 31
201 26
201 71
201 68
201 168
201 79
201 25
201 60
201 64
201 61
201 192
201 78
201 80
201 29
202 179
202 183
202 156
202 178
202 106
202 152
202 110
202 186
202 146
202 11
202 151
202 82
202 134
202 120
202 148
202 52
203 155
203 195
203 141
203 180
203 177
203 173
203 170
204 195
204 187
204 170
204 151
204 136
204 186
205 190
205 182
205 52
205 58
205 172
205 185
205 82
205 152
205 28
205 72
205 183
205 77
205 161
205 181
205 186
205 55
206 205
206 181
206 172
206 152
206 182
206 186
206 185
206 52
206 190
206 183
206 82
206 148
206 179
206 28
206 58
206 151
206 72
207 65
207 165
207 54
207 63
207 142
207 9
207 145
207 113
207 34
207 125
207 111
207 133
207 196
207 171
207 73
207 18
207 6
208 191
208 164
208 143
208 199
208 141
208 18
208 154
208 158
208 180
208 67
208 188
208 161
208 165
208 203
208 155
208 162
208 175
209 202
209 179
209 151
209 106
209 82
209 110
209 11
209 183
209 178
209 186
209 102
209 134
209 152
209 156
209 17
209 72
209 187
210 203
210 196
210 33
210 199
210 158
210 195
210 141
210 39
210 170
210 104
210 173
210 92
210 162
210 3
210 154
210 155
210 143
211 162
211 72
211 173
211 161
211 159
211 182
211 55
211 82
211 77
211 152
211 170
211 3
211 143
211 58
211 185
211 50
211 172
212 184
212 150
212 35
212 188
212 93
212 167
212 140
212 145
212 15
212 142
212 94
212 24
212 163
212 89
212 16
212 200
212 65
213 145
213 167
213 184
213 212
213 150
213 176
213 163
213 188
213 56
213 16
213 94
213 93
213 138
213 35
213 67
213 15
213 89
214 151
214 72
214 55
214 82
214 52
214 146
214 50
214 178
214 179
214 77
214 183
214 209
214 202
214 58
214 156
214 159
215 197
217 24
217 140
217 161
217 13
217 150
217 200
217 5
217 15
217 157
217 35
217 93
217 188
217 89
217 212
217 142
217 20
217 14
218 138
218 197
219 155
219 195
219 170
219 199
219 177
219 203
219 180
219 141
219 39
219 33
219 92
219 104
219 210
220 163
220 176
220 167
220 32
220 43
220 157
220 105
220 99
220 60
220 21
220 57
220 85
220 96
220 213
220 34
220 59
220 101
221 69
221 122
221 135
221 49
221 1
221 124
221 2
221 119
221 121
221 115
221 61
221 6
221 192
221 123
221 44
221 46
221 68
222 200
222 166
222 140
222 189
222 212
222 184
222 213
222 167
222 150
222 15
222 35
222 153
222 142
222 217
223 67
223 56
223 191
223 145
223 16
223 14
223 208
223 180
223 13
223 89
223 165
223 18
223 94
223 20
223 188
223 62
223 138
224 153
224 201
224 186
224 60
224 181
224 192
224 168
224 152
225 137
225 151
225 136
225 204
225 187
225 17
225 214
225 179
225 10
225 195
225 127
225 120
225 159
225 74
226 175
226 208
226 169
226 62
226 141
226 158
226 139
226 164
226 143
226 144
226 18
226 20
226 50
226 161
226 217
226 191
227 62
227 144
227 175
227 67
227 20
227 18
227 14
227 13
227 27
227 41
227 89
227 143
227 53
227 139
227 203
227 191
227 86
228 195
228 0
228 10
228 74
228 17
228 120
228 134
228 203
228 127
228 107
228 48
228 136
228 11
228 186
228 110
228 40
228 44
229 171
229 207
229 53
229 34
229 145
229 196
229 97
229 149
229 54
229 19
229 41
229 42
229 63
229 188
229 160
229 180
229 227
230 205
230 152
230 182
230 206
230 190
230 143
230 186
230 226
230 161
230 191
230 208
231 173
231 136
231 159
231 195
231 214
231 151
231 3
231 10
231 48
231 37
231 135
231 211
231 122
231 17
231 72
232 77
232 50
232 55
232 52
232 114
232 5
232 72
232 58
232 161
232 82
232 159
232 3
232 205
232 182
232 28
233 68
233 192
233 74
233 61
233 78
233 64
233 121
233 123
233 30
233 29
233 106
233 66
234 145
234 213
234 138
234 184
234 218
234 142
234 65
234 176
234 207
234 229
234 215
234 149
234 212
234 34
234 54
234 197
234 188
235 175
235 226
235 144
235 62
235 20
235 75
235 227
235 143
235 157
235 161
235 50
235 13
235 158
235 217
235 3
235 169
235 141
236 197
236 149
236 171
236 177
236 215
236 180
236 207
237 199
237 18
237 165
237 208
237 104
237 142
237 158
237 155
237 154
237 92
237 207
237 219
237 196
237 33
237 180
237 39
237 141
238 219
238 39
238 33
238 155
238 92
238 104
238 195
238 203
238 210
238 177
238 141
238 170
238 199
238 158
238 204
239 136
239 151
239 231
239 17
239 135
239 122
239 102
239 11
239 159
239 221
239 10
239 30
239 137
239 127
239 37
240 228
240 225
240 170
240 195
240 203
240 0
240 137
240 10
240 17
240 120
240 107
240 136
240 210
240 134
240 204
240 74
240 127
241 154
241 180
241 203
241 196
241 149
241 191
241 229
241 208
241 171
241 177
241 223
241 210
241 18
241 227
241 207
241 237
242 229
242 220
242 176
242 234
242 163
242 145
242 213
242 188
242 34
242 160
242 167
242 227
242 184
242 171
242 241
242 46
242 149
243 144
243 20
243 75
243 62
243 169
243 175
243 139
243 157
243 98
243 13
243 14
243 235
243 16
243 89
243 167
243 163
243 227
244 166
244 200
244 222
244 213
244 167
244 15
244 150
244 212
244 184
244 189
244 140
244 145
245 195
245 204
245 187
245 170
246 53
246 177
246 180
246 236
246 229
247 181
247 122
247 123
247 88
247 121
247 135
247 206
247 2
247 221
247 87
247 101
247 68
247 8
247 26
247 182
247 31
247 186
248 201
248 168
248 66
248 224
248 61
248 70
248 60
248 81
248 31
248 26
248 78
248 80
248 153
248 68
248 57
248 64
248 192
249 27
249 53
249 46
249 41
249 34
249 160
249 42
249 49
249 40
249 86
249 85
249 96
249 63
249 61
249 44
249 229
249 97
250 197
250 236
250 215
250 138
250 218
250 142
250 149
251 190
251 175
251 230
251 226
251 152
251 183
251 139
251 156
251 164
251 179
251 143
251 243
251 191
251 205
251 235
251 98
251 169
252 208
252 226
252 158
252 237
252 199
252 161
252 143
252 141
252 217
252 18
252 164
252 3
252 5
252 140
252 24
252 162
253 186
253 152
253 151
253 247
253 168
253 122
253 228
253 68
253 206
253 192
253 143
253 121
253 245
253 179
253 221
253 136
253 182
254 207
254 165
254 18
254 237
254 229
254 145
254 196
254 24
254 188
254 142
254 67
254 171
254 89
254 104
254 158
254 92
254 56
255 218
255 138
255 176
255 234
255 145
255 213
255 215
255 242
255 167
