177
0 -0.2412666118283128269261795,-0.0072126903236731177218588,-0.6935611368531411358162586,2.1364821791014101393102464,-2.3773407773901427120222252,1.3414936681936930895631122,0.8400298716540194332580427,1.0000000000000000000000000,1.5038086761505384814086028,-0.3163059565314585430684247,0.9574699183984053396656577,0.0000000000000000000000000,0.0000000000000000000000000,0.0000000000000000000000000,1.0000000000000000000000000
1 -0.9355917364547134962293740,-0.2465340049934596489134009,0.3883388935937989727698039,1.4128863233478556882261046,-1.8402779890951193042525347,1.8548503938852114458768483,-0.4856218509696642038342418,1.0000000000000000000000000,1.5038086761505384814086028,-0.3163059565314585430684247,0.9574699183984053396656577,0.0000000000000000000000000,0.0000000000000000000000000,0.0000000000000000000000000,1.0000000000000000000000000
2 -0.8045304433304405478111221,0.5855789876291899176408151,-1.9590718772621180665538532,0.5056321665360179462567203,-0.1580760384748860214454425,0.4601335676666971075121637,-0.7403433277751303442926201,1.0000000000000000000000000,1.7415914367845242161081387,-0.0259053737511418247230210,0.9550598811754303918419851,0.0000000000000000000000000,0.0000000000000000000000000,0.0000000000000000000000000,1.0000000000000000000000000
3 -0.8261786902320447101288892,0.1865837702643163564797391,-0.9202900351690656011172109,0.7011904491558182961341572,-1.9018439207279844715969830,0.5510019310987561702575022,-0.0600918592417239716407806,1.0000000000000000000000000,1.7415914367845242161081387,-0.0259053737511418247230210,0.9550598811754303918419851,0.0000000000000000000000000,0.0000000000000000000000000,0.0000000000000000000000000,1.0000000000000000000000000
4 -1.0226483603418399237483527,0.7321004203087372319558312,-2.5081835209050007406972327,0.5718883129447405178069630,1.7308833658326991944420570,-0.3899241100949812910414494,-2.2355228227269061669346684,1.0000000000000000000000000,1.6612731362279844482543467,0.0373204086149671043770581,0.9553150542268133982304334,0.0000000000000000000000000,0.0000000000000000000000000,0.0000000000000000000000000,1.0000000000000000000000000
5 -1.1602261899122556787489202,0.8088001690626702711028884,-2.9487648273775382001815615,0.6191008133046606021210323,2.1762546725491485055670182,-0.2847580636314852586821189,-2.3286083551440355243755675,1.0000000000000000000000000,1.6612731362279844482543467,0.0373204086149671043770581,0.9553150542268133982304334,0.0000000000000000000000000,0.0000000000000000000000000,0.0000000000000000000000000,1.0000000000000000000000000
6 0.6128250481838316554572543,0.1030234105183524678794882,-0.8773306477910929324082190,1.8833711462347741960599024,-0.2446525296018090545047130,0.8781601155075060560761813,-0.7356202973374945663920244,1.0000000000000000000000000,1.3417784416078490927759503,-0.4858123278179263260234677,0.9582300454579433246493636,0.0000000000000000000000000,0.0000000000000000000000000,0.0000000000000000000000000,1.0000000000000000000000000
7 -0.4480917736179118593398130,-0.3200482784438466454801642,0.0648185150688442152100421,1.4504805987719036064476086,-0.9685722656183191059398041,1.8795927659979057011696568,-0.3240757448048521283112677,1.0000000000000000000000000,1.3417784416078490927759503,-0.4858123278179263260234677,0.9582300454579433246493636,0.0000000000000000000000000,0.0000000000000000000000000,0.0000000000000000000000000,1.0000000000000000000000000
8 -1.2186251147429993935134007,-0.1110581124452113543910059,0.5754630135400967683168005,1.2052073846690956049343413,-2.6955566318507706569107540,1.3926483203622739281968279,-0.7204288057128050981603451,1.0000000000000000000000000,1.5544623219428874705272392,-0.0812285741238056857582706,0.9585096764371309197017013,0.0000000000000000000000000,0.0000000000000000000000000,0.0000000000000000000000000,1.0000000000000000000000000
9 -0.7317329938719567827831725,0.8840905147344724213098743,-2.9624512885490452696046759,0.7493052688690609031141321,-1.7547265449630484734910851,-1.0894059180698385524976857,1.7293946268951612132980244,1.0000000000000000000000000,1.5544623219428874705272392,-0.0812285741238056857582706,0.9585096764371309197017013,0.0000000000000000000000000,0.0000000000000000000000000,0.0000000000000000000000000,1.0000000000000000000000000
10 -1.0614520322632086113401328,0.1450398337753068533917400,2.7760772740839763095266335,0.8748792421396501817199010,-2.0384470905615112990005855,0.7710247511374879181289543,2.6584199331959830203686579,1.0000000000000000000000000,1.1483456829555080958016333,0.0786858986311992220086253,1.4866525193614199551461752,0.0000000000000000000000000,0.0000000000000000000000000,0.0000000000000000000000000,1.0000000000000000000000000
11 -0.9286129067256471136815321,-0.9294650022298379665741663,0.1411345697569469648247065,0.9782369804940391766479024,1.5808133401836341747070946,0.4438430175389362908333624,1.4712142287589482503307181,1.0000000000000000000000000,1.1483456829555080958016333,0.0786858986311992220086253,1.4866525193614199551461752,0.0000000000000000000000000,0.0000000000000000000000000,0.0000000000000000000000000,1.0000000000000000000000000
12 -0.1143351467345779665096828,0.4322971886962166943035868,2.7979846458039205892021073,0.5716091805937297820605636,-1.2081725292188054687869680,-1.1678528213723808892865463,1.4536542238674947657983694,1.0000000000000000000000000,0.7723447650309395173806593,-0.0644909200000068766334138,1.1961727872473060241276244,0.0000000000000000000000000,0.0000000000000000000000000,0.0000000000000000000000000,1.0000000000000000000000000
13 0.0574846167821275594311814,-0.1895417835726076194458045,-0.1040530028700128867269470,0.3354459441872274516605046,-1.5271860275085766822655842,1.1652022819804037645496919,-1.4111347064028041398131563,1.0000000000000000000000000,0.7723447650309395173806593,-0.0644909200000068766334138,1.1961727872473060241276244,0.0000000000000000000000000,0.0000000000000000000000000,0.0000000000000000000000000,1.0000000000000000000000000
14 -0.6800033596265802060543137,0.4615600785770153646758729,-2.6545928371944160772955001,1.0072424123923200411923062,-2.1007986549344535021077718,1.4645282674881294759927641,2.0215783891833840613116990,1.0000000000000000000000000,1.0417899232319509650324107,-0.0437632769922554829000738,1.3044453556670085880853094,0.0000000000000000000000000,0.0000000000000000000000000,0.0000000000000000000000000,1.0000000000000000000000000
15 -0.6117589722532243978747601,-0.7350885301802698723605545,-0.4572495653754332090024093,1.2086199270666577731958569,-1.0856301869356497213914281,-1.2933881819683072933457879,-1.9800533080435669397445508,1.0000000000000000000000000,1.0417899232319509650324107,-0.0437632769922554829000738,1.3044453556670085880853094,0.0000000000000000000000000,0.0000000000000000000000000,0.0000000000000000000000000,1.0000000000000000000000000
16 -1.1729223166632865016367759,-0.2437620637692470282331669,0.6915429114269024957195597,0.5916265673541091230092093,-2.0562793085039201557151500,-0.8461430791514660265661973,-1.8627439784389590027302575,1.0000000000000000000000000,1.1441207166733782241152539,0.0758032414297588191809396,1.2048596780304143827322605,0.0000000000000000000000000,0.0000000000000000000000000,0.0000000000000000000000000,1.0000000000000000000000000
17 -0.7855249785065301360020840,0.7029174900769206146833312,-2.9294588888652031144488319,1.1062319578217627569216575,-2.1162582476592040059415467,0.8403101020214660543672380,2.1044946023175992166898141,1.0000000000000000000000000,1.1441207166733782241152539,0.0758032414297588191809396,1.2048596780304143827322605,0.0000000000000000000000000,0.0000000000000000000000000,0.0000000000000000000000000,1.0000000000000000000000000
18 -0.3513829903968745393960660,0.7372472452229148487390376,-2.8860112959105523877667565,1.5415927603235575205076202,-0.3550254030177757980091258,-0.7733342551036431755662193,0.0698139412163637923525172,1.0000000000000000000000000,1.0735426008810953213412631,0.0097577627421160106901965,1.3221965147518535133031037,0.0000000000000000000000000,0.0000000000000000000000000,0.0000000000000000000000000,1.0000000000000000000000000
19 -1.1343517442715462806290816,0.5888513482731849713047723,2.6675981812526918801609099,1.3672177918653256600833856,-2.0445719025354511799719148,0.7503251762829372673024864,2.6856982753175411282597906,1.0000000000000000000000000,1.0735426008810953213412631,0.0097577627421160106901965,1.3221965147518535133031037,0.0000000000000000000000000,0.0000000000000000000000000,0.0000000000000000000000000,1.0000000000000000000000000
20 -0.0268759912671642370307623,0.3030060058454985827403050,-2.9337572545937229406831648,0.6072305180715332761920422,-1.4509916391808252988937511,-0.7554463107397063614811827,1.1403068317162756706295568,1.0000000000000000000000000,0.7563402901479696627262683,0.0029318728265035343127920,1.3149664876120938927783754,0.0000000000000000000000000,0.0000000000000000000000000,0.0000000000000000000000000,1.0000000000000000000000000
21 -0.7156397909660936473841275,-0.5958139118886645047012962,0.8085512136351266088141188,1.1348949252086413252982311,-2.9039656012456203093563545,0.4476940573415224555731129,-0.8564748411218878754169737,1.0000000000000000000000000,0.7563402901479696627262683,0.0029318728265035343127920,1.3149664876120938927783754,0.0000000000000000000000000,0.0000000000000000000000000,0.0000000000000000000000000,1.0000000000000000000000000
22 -0.8992427096103560169026991,-0.0654722317874387449432305,1.6966820679963647844346042,1.3156162348842923570657604,-2.9989739918060251966380747,0.8974734532635069150785512,-1.7430983612430190898834326,1.0000000000000000000000000,0.7773232053021542631299212,-0.0440731356172231747425627,1.3320242033256330937973644,0.0000000000000000000000000,0.0000000000000000000000000,0.0000000000000000000000000,1.0000000000000000000000000
23 0.2731504578627585444472459,0.0663102516621453530465402,-2.1926929992321850804160022,0.7867296035596949010937351,-1.7642288224146009945059177,-0.4765801315552462558144953,0.6539429284994796587326960,1.0000000000000000000000000,0.7227142407944026070154564,-0.0274282597738449776536562,1.4080949524688044505182916,0.0000000000000000000000000,0.0000000000000000000000000,0.0000000000000000000000000,1.0000000000000000000000000
24 -0.3893244251199118322048776,-0.6253815369747500740871260,-0.8967639948060964760756519,1.8384324867238348577558327,-2.5980995025875719406371900,0.7416884404335584157763606,0.3277882205931773595963818,1.0000000000000000000000000,1.5994281991615091342850974,-0.1442310232642251555112978,1.1960382207976831825391173,0.0000000000000000000000000,0.0000000000000000000000000,0.0000000000000000000000000,1.0000000000000000000000000
25 -0.1248278643751679212181571,-1.0710285204646543544271253,-1.1179050600098854317820951,1.7988257297937133571963386,2.5658747090676965463273973,0.7363863849250535942303486,0.9335652363578863521809126,1.0000000000000000000000000,1.3130345912943754971280441,-0.0698617038875173901324445,1.4100443708291483524419618,0.0000000000000000000000000,0.0000000000000000000000000,0.0000000000000000000000000,1.0000000000000000000000000
26 -0.0161344288225612753073790,0.3349119042507476828873791,-2.2653178221970473593671613,1.6023264140857522708216720,-1.1436955523689726899050356,-0.6650936320261534584474816,-0.0157364834139642369159606,1.0000000000000000000000000,1.3130345912943754971280441,-0.0698617038875173901324445,1.4100443708291483524419618,0.0000000000000000000000000,0.0000000000000000000000000,0.0000000000000000000000000,1.0000000000000000000000000
27 -0.8156324967980952411750195,-0.5367641309958685047476479,-0.6169136496252403123463637,1.3534922005113163567813217,-2.5596830901551865800058749,0.6090919704218822339214512,0.0603805747469371087432499,1.0000000000000000000000000,1.7420523657892141855541013,-0.0682993626074396842362546,1.1831431774809690882221958,0.0000000000000000000000000,0.0000000000000000000000000,0.0000000000000000000000000,1.0000000000000000000000000
28 -0.7542294513829370661284202,0.5415786159037433433738329,-2.0195916411201908502448532,1.3604889325033218128169210,-2.7845466254482134083048095,0.7562056122143778758015742,1.9597747196733246166644449,1.0000000000000000000000000,1.7420523657892141855541013,-0.0682993626074396842362546,1.1831431774809690882221958,0.0000000000000000000000000,0.0000000000000000000000000,0.0000000000000000000000000,1.0000000000000000000000000
29 -1.3393918049811919246394609,-0.5451042032425638117487665,-0.3231208008189823122080497,1.1162119177869744834907806,-0.8796440055070375851897779,-1.0082112518177419602238842,-2.1992655365882041174074857,1.0000000000000000000000000,1.7301522896067016432652963,-0.0724217221478101191856069,1.1952012258093809293768572,0.0000000000000000000000000,0.0000000000000000000000000,0.0000000000000000000000000,1.0000000000000000000000000
30 -0.5216783700816187696602810,-0.1368148532072598899667071,-1.2171442456355174854820689,1.0743315736631122714328512,-0.9727062100017372925364612,0.3644278332891073279853345,-0.8580136982881808593859319,1.0000000000000000000000000,1.7301522896067016432652963,-0.0724217221478101191856069,1.1952012258093809293768572,0.0000000000000000000000000,0.0000000000000000000000000,0.0000000000000000000000000,1.0000000000000000000000000
31 0.1558477998084357996066984,-0.6963451754488720890634568,-2.0742037688938834705254521,2.5878686643674440048812357,2.2434440379767446316350288,1.8986891249188637686984293,1.1955527629649644882903203,1.0000000000000000000000000,1.2839768859716025328765454,-0.4054297277496334839241854,1.3775511092634644683130318,0.0000000000000000000000000,0.0000000000000000000000000,0.0000000000000000000000000,1.0000000000000000000000000
32 0.2155406869878041808963332,-0.5277661323966689188580403,-1.2108544417522277836241074,1.1833044377661754431585450,-0.5930636163138300886998877,1.8489601481002568839073774,-1.4768613936080474680068164,1.0000000000000000000000000,1.2839768859716025328765454,-0.4054297277496334839241854,1.3775511092634644683130318,0.0000000000000000000000000,0.0000000000000000000000000,0.0000000000000000000000000,1.0000000000000000000000000
33 0.1936432416523697630506007,0.9016268894616144002895908,-2.1084201437839524828632420,1.1270676551751201976969696,1.9229242940155213403841117,-0.0622950282703595981104172,-2.4821128203492941466379307,1.0000000000000000000000000,0.9402617489408058304434235,-0.0066513766006805891128906,0.9590722960112952888422910,0.0000000000000000000000000,0.0000000000000000000000000,0.0000000000000000000000000,1.0000000000000000000000000
34 -0.3747807157341380701609523,-0.1542178354661276062920194,0.1855205489485405867533530,1.0352642271411423013915964,-2.5409184986620383384092747,1.0678121554981041541054765,-0.5252549769962027159664331,1.0000000000000000000000000,0.9402617489408058304434235,-0.0066513766006805891128906,0.9590722960112952888422910,0.0000000000000000000000000,0.0000000000000000000000000,0.0000000000000000000000000,1.0000000000000000000000000
35 0.0266377674901757885428388,0.5082372884528818524074723,-1.8997111376660891224332772,0.3775038673473202766039947,-2.7936250937403435123940199,-1.1953876508378367127249930,1.9555697701753520512113482,1.0000000000000000000000000,1.0669853509482858378021319,-0.0567061158906231252418984,0.9593846945717858787361365,0.0000000000000000000000000,0.0000000000000000000000000,0.0000000000000000000000000,1.0000000000000000000000000
36 0.3109979646648176609957659,1.0250400540482795808117089,-1.8109853960846384879346260,1.4687629909874917455425702,-2.2064917575086573364728793,0.3283585795799077722278980,1.6879850970053627001732366,1.0000000000000000000000000,1.0669853509482858378021319,-0.0567061158906231252418984,0.9593846945717858787361365,0.0000000000000000000000000,0.0000000000000000000000000,0.0000000000000000000000000,1.0000000000000000000000000
37 -1.3745512139222433312113480,0.1962738099001040958935249,1.0304733119501352511804271,1.5275564525995997122720382,2.6260188464510352268632687,1.0934586362417126892410124,-0.9518534912747403931021495,1.0000000000000000000000000,1.1389495713584820713037971,-0.0558573369569412142565668,0.9551793051465318207249311,0.0000000000000000000000000,0.0000000000000000000000000,0.0000000000000000000000000,1.0000000000000000000000000
38 -0.0123680474359253150112847,-0.0594511479504896064862685,-0.6074978265449464398528789,1.0462779822437022758663261,1.7227012834895343296182091,-0.9389631813107818247843284,2.5708520061457860172993151,1.0000000000000000000000000,1.1389495713584820713037971,-0.0558573369569412142565668,0.9551793051465318207249311,0.0000000000000000000000000,0.0000000000000000000000000,0.0000000000000000000000000,1.0000000000000000000000000
39 -0.7517493722774406528230884,0.1901173551194245969764296,1.0232265374791420509126283,0.7191942720541383282650827,-0.7845169050408133948337763,-0.5539834271436480106487465,2.7239467332622879780501535,1.0000000000000000000000000,0.7994016728128314763779372,0.0140527888825408980855158,0.9582882109020315342107210,0.0000000000000000000000000,0.0000000000000000000000000,0.0000000000000000000000000,1.0000000000000000000000000
40 -0.0860792978807173175814782,0.1394202994187278554782949,-0.3209002261675057976475500,0.3868325282967191580674182,-1.9288970603542396897722710,0.6943229358616855861896511,-0.7117444046076880637130557,1.0000000000000000000000000,0.7994016728128314763779372,0.0140527888825408980855158,0.9582882109020315342107210,0.0000000000000000000000000,0.0000000000000000000000000,0.0000000000000000000000000,1.0000000000000000000000000
41 -0.7394371498329749270439493,0.5795221905544660767617415,2.0037076410033547446687408,0.5394376760022985273224094,-2.0126289912329622389108863,-0.3013288342865783064894458,2.9427917730420434239135830,1.0000000000000000000000000,0.8193690039074835729238089,0.0431515753842664773198834,0.9565164838552085990741602,0.0000000000000000000000000,0.0000000000000000000000000,0.0000000000000000000000000,1.0000000000000000000000000
42 -0.2535956845914731916380447,0.7142602049442799971856743,-2.5207223806147740496896859,0.5060554740346310254039963,-1.3602635293513571923540439,0.4267189101906114778728352,0.8437853033783189182770457,1.0000000000000000000000000,0.8193690039074835729238089,0.0431515753842664773198834,0.9565164838552085990741602,0.0000000000000000000000000,0.0000000000000000000000000,0.0000000000000000000000000,1.0000000000000000000000000
43 0.1231018282877084923931932,0.4461707767071741992381817,-1.4879573339377487606327577,0.7580472708481370558430967,-2.3671673328433477934140683,0.6785000561170746458117264,0.9519867971108226800680541,1.0000000000000000000000000,0.7353375230428471631682896,-0.0285838440240285610038917,0.9550476245768589889095779,0.0000000000000000000000000,0.0000000000000000000000000,0.0000000000000000000000000,1.0000000000000000000000000
44 0.2533012529196861928326712,0.3808619589520551573791352,-1.3668988679054325796613512,0.7554226177411899056934885,-1.6745876744654191181638225,0.4214567541710365627949386,0.2176588472021036557713103,1.0000000000000000000000000,0.7541620359076941504383740,-0.0202124985634407478007901,0.9599477372946905173733967,0.0000000000000000000000000,0.0000000000000000000000000,0.0000000000000000000000000,1.0000000000000000000000000
45 0.1412094593559242161617817,0.1085587366714473728235291,-0.7709395590161058908762470,0.7313482194636360400608055,-1.9840619593150941035730739,0.5974712642363604331308125,-0.1375266031967647128997356,1.0000000000000000000000000,0.7541620359076941504383740,-0.0202124985634407478007901,0.9599477372946905173733967,0.0000000000000000000000000,0.0000000000000000000000000,0.0000000000000000000000000,1.0000000000000000000000000
46 -0.4320854164494154492359712,-0.0682344303417587033644409,0.1418774829585345009785868,0.7759520874149173907952104,-0.6405647300950646494399621,-0.7543660175308426474316548,-2.7943282333403089978673961,1.0000000000000000000000000,0.7234206517801715641269311,-0.0445795715295614625173215,0.9586121893807371119322625,0.0000000000000000000000000,0.0000000000000000000000000,0.0000000000000000000000000,1.0000000000000000000000000
47 -0.2382083415169017337476021,-0.3619954004131943348099298,-0.1894974892766992380366275,1.6858437302333777463303477,1.6259848556845004630133644,-1.3975935864251076701236798,2.8840927824512894162012344,1.0000000000000000000000000,1.3269122809064166634840376,-0.3017653252704838862108261,0.9570019797664144345361592,0.0000000000000000000000000,0.0000000000000000000000000,0.0000000000000000000000000,1.0000000000000000000000000
48 -0.2280854196897555141720915,-0.2716013891391148571408110,-0.2436869620127793123476323,1.3840531369304742703718603,1.9227700314219886568167794,-1.4881263710503123132156134,2.6288684454632504916560265,1.0000000000000000000000000,1.3269122809064166634840376,-0.3017653252704838862108261,0.9570019797664144345361592,0.0000000000000000000000000,0.0000000000000000000000000,0.0000000000000000000000000,1.0000000000000000000000000
49 0.0270796224428472565026738,0.2575883063939248263096715,-0.9434450407411667516299758,1.9375475082478534893937194,-2.1961075318212719409416422,0.8559073877315537259846678,0.9577645029421961719862111,1.0000000000000000000000000,1.4888126644020958089242868,-0.2479944545766313013235305,0.9584133547839770450593733,0.0000000000000000000000000,0.0000000000000000000000000,0.0000000000000000000000000,1.0000000000000000000000000
50 -0.7086725348091922338511495,-0.3920562423234834614760302,-0.2009682031902599586015157,1.9559971575831573975534639,0.6494845258298110879380260,-1.4431741768229633393616496,-2.9997521164460168030529985,1.0000000000000000000000000,1.4888126644020958089242868,-0.2479944545766313013235305,0.9584133547839770450593733,0.0000000000000000000000000,0.0000000000000000000000000,0.0000000000000000000000000,1.0000000000000000000000000
51 -0.2797079844212468358044532,0.9633311222383161842586219,-1.3858200502895610117803926,1.7425335066013942775242640,-2.1804863493363542126246557,1.2511922585550658837405535,1.6144008092695085743173422,1.0000000000000000000000000,1.5537862527667480883053486,-0.2380047743385680092398360,0.9589306410187532492273021,0.0000000000000000000000000,0.0000000000000000000000000,0.0000000000000000000000000,1.0000000000000000000000000
52 0.1191447957770627591456147,0.6921561294817833998038736,-1.2631952731732918326912340,1.7620084418863817266043270,1.0594530619292621409499588,-0.3214021463978113946069470,-1.9040142383399527581389066,1.0000000000000000000000000,1.5537862527667480883053486,-0.2380047743385680092398360,0.9589306410187532492273021,0.0000000000000000000000000,0.0000000000000000000000000,0.0000000000000000000000000,1.0000000000000000000000000
53 0.2790440403044402994936490,0.0106282400207597070573851,-0.8577034335535251852178362,1.7901328841933983326839552,1.3315428127416819581441132,-0.7354573366397327838228648,-2.8045230643233742817699294,1.0000000000000000000000000,1.2582274060734675025230445,-0.1997875109081098665697596,0.9557922685266435625095482,0.0000000000000000000000000,0.0000000000000000000000000,0.0000000000000000000000000,1.0000000000000000000000000
54 0.4411713302648678780570890,0.9333526376097829313494003,-1.1866122229016446976146426,1.8852643272481937053441925,-2.1842996774835108375611981,0.9197604071440923512170684,1.6215752783490380295461364,1.0000000000000000000000000,1.2582274060734675025230445,-0.1997875109081098665697596,0.9557922685266435625095482,0.0000000000000000000000000,0.0000000000000000000000000,0.0000000000000000000000000,1.0000000000000000000000000
55 -1.3249075646549692830689082,-0.2524421678673157143357741,-0.1532506245095683616863624,1.2713949299568101380941698,1.2470183779222681064169365,1.9244443827422541559712954,0.4647694803263203722210051,1.0000000000000000000000000,1.2885598861791938141152514,-0.3815936876608029271196187,0.9594987942764995336730749,0.0000000000000000000000000,0.0000000000000000000000000,0.0000000000000000000000000,1.0000000000000000000000000
56 -0.1871655071693187621928445,-0.3521616456438703135489732,-0.0822369080119637468895277,1.5736470564253381976271839,-1.2016990479595379692767665,1.6210067647607098173523354,-0.3544952794676934360040832,1.0000000000000000000000000,1.2885598861791938141152514,-0.3815936876608029271196187,0.9594987942764995336730749,0.0000000000000000000000000,0.0000000000000000000000000,0.0000000000000000000000000,1.0000000000000000000000000
57 -0.5666370409052101653202271,-1.3644252457550842816402792,2.7518115240559293255273587,0.0589639350646007365241985,-0.5162770363955186958548893,-0.7831770252495402484527176,-2.6028061767061272391288185,1.0000000000000000000000000,1.3014060406244836176625768,-0.6064286093215456308058720,2.1292318112367949467511608,0.3109142395057082342013643,-0.2176702353798151134967043,0.4982700504096150839750123,0.7795362485250234563238791
58 1.2773440356713336996108410,-0.6184156224575896310113876,-0.0408626034042649521893509,0.1302631906439843945122448,0.3885552656620534506259901,1.7845169846797586110653810,1.1641496439050653677327318,1.0000000000000000000000000,0.5647912885494960066878889,-1.4181210321409443153584107,1.1941533422711749778954982,0.6857730102870873700737775,-0.3389167854543327917937745,-0.6426434423815794438894500,-0.0431054098854661005280065
59 0.0051982332033622125067041,-1.6017137761035531440256818,-1.0660655666489311510503057,0.6094141122547043210033735,2.8319475934593691945906357,-0.6350073742664007481195654,0.5533861498257084399199357,1.0000000000000000000000000,1.4187176831594019432714049,-0.3641110462561750193977161,1.9709628689622891162258611,0.8075922787653206924574079,0.5295663373204171353592074,0.0484268018792867738220309,-0.2549646022631227859633896
60 -0.6880326473059596992243314,0.2497394640057999382065645,1.6622456465564185990047008,0.2901113706511032064305766,0.1417287741604864592659396,1.5396125872183419325267550,0.2594480700448378307498842,1.0000000000000000000000000,0.6813053127272946651871166,-0.2767257821092320990707947,1.1064786250971758718719684,0.0518282173837423254525447,-0.8508834506803750752368387,-0.4856076548928022207363142,0.1936340828157663285224999
61 0.8858776839023310145648793,-1.2568954891552659436371187,1.6973241978143329689032726,1.6714943237684172228085799,0.0667283375941813972076488,1.4052303104768770758425944,-1.4907275321482345020740468,1.0000000000000000000000000,1.2943723541412925914784182,-1.3887970371213700371271216,1.1890107292811016304057148,-0.0587006195917949141760417,0.5538080925210714378081889,0.0279456872786209009618119,0.8301010312267541602082588
62 0.5124910382474072712000179,-0.9882443022696505430246816,-0.3977667680009480122294008,0.0958037235447222607076512,-0.0798421560753332926196890,-0.9754419318642868486080033,-1.0100766416970063943381319,1.0000000000000000000000000,0.7447653767019475345989576,-0.8738379359039732952041390,2.0286352427992890845587226,0.6047494885083138926873403,-0.5766895070053339455995456,0.3360193930176794685493746,0.4345067648702860552134553
63 -1.3018843933964108217082867,-1.0852617179529095992052135,2.5900409093968788099004996,2.4393125365643353319455855,-0.8397298121967957662548088,0.7929592114651500267541451,-0.9770131139941575781904248,1.0000000000000000000000000,0.8563033240513722166298294,-0.9404674130643496665626913,1.0822629696976582280854018,0.2830647496683597608146954,0.7448675536462068258458658,-0.4619262519607543748811906,0.3894466073838471764645419
64 0.0998041901508250894892171,-0.9698739327326759696035197,-2.4387300510904745820539574,1.0039419121807169332782905,-1.3398190200956627826656131,1.4714574012605354802474267,2.9255416781383294377860693,1.0000000000000000000000000,1.3398785286548473560941375,-0.9678293911069435484506585,1.9185126967899213124013613,0.6541163221215605672043125,-0.6296053226133584423962475,-0.1321053785689473292208618,0.3978378670645952297491021
65 -0.1412953521107196408479467,0.1953551725476772027434436,0.6050699729728425957375748,0.8436572639279332763706520,0.4394385050229909772667725,0.9905799766899696656707874,0.8705570635337185336766197,1.0000000000000000000000000,0.5596295095048011702942858,-0.8113642895694775925008457,0.6063651525452430357532307,-0.4643616733012497777011163,0.8466930259700417016333063,0.1296215516264140887869871,0.2251117800988554629171290
66 -1.4372236975446166518111113,0.9794726249233227655111023,1.0220259249025147596512397,1.4944154610300508512210627,-3.0162255212996273989745077,0.2889551366974301149781468,2.7167329503520081246392692,1.0000000000000000000000000,0.7564105104222959008453131,-0.5304940852408557283581558,0.5176984847370430520285822,0.0244687789493501228754724,0.8662360976389646971540515,0.3571340135642588342612669,0.3485533356188535436537279
67 -1.2443079300002921616652429,-0.0215694054479564911730449,-2.2585964034451277981929707,0.0254344323815006850830756,-1.8516694866841052480310736,1.0145307677825297076878996,-0.1087947781103637545641050,1.0000000000000000000000000,1.5189907839315994753093264,0.0168860918885769886732540,1.4137729187989751533649496,0.5330881346279382482222786,0.5493512157288193975546164,0.6253184870935678540959657,0.1516736329520345094579170
68 0.8663465696448171549093331,0.4947581534272798009510552,-2.6042102049522704021455866,0.1648024138467397148311022,-2.1872319578166270481744959,1.6120804666595360821190752,2.3549908322431107876582246,1.0000000000000000000000000,0.4921818033677488046784276,-1.2662605788437826248582496,0.8895476940973607860030370,-0.5953499824946523188984315,0.5920610989513992450383739,-0.3408051729156374998197521,0.4229322626053690359348991
69 -1.2607315921693644789058908,-0.3597428516329930214823207,0.8756959337014125210885140,2.4993852707861852202597674,1.7708402026658136563241897,-0.6720968546186060210700930,-0.0267639068932106205522814,1.0000000000000000000000000,1.0940697422602616573072964,-0.7917927017439482240135362,0.7292671549252853768763316,-0.1708450514871999725841079,0.7274637983265146434774806,-0.1236724383352473394248605,0.6529252245225682926843547
70 -0.1033982986735824116664162,0.6716172264603046393460772,1.3171511833251985379433791,1.5739081492311821630636359,1.6470539497994138855574420,-0.8850791022225890092300915,1.4980229045688275846259785,1.0000000000000000000000000,0.7422157602983462387769009,-1.2240436539228762846676091,0.6453872516389062008457245,0.0738476665479541050096657,0.4074788004965186338779404,-0.5512625310503840303510970,0.7243030963788628096011735
71 -0.7944976390563218693330327,1.0100800133222156418355553,1.3746370616645950946121957,2.0300344046186813429244467,-2.2925567123766787958061286,0.3594426048519183680696187,-1.8092236959413736663293548,1.0000000000000000000000000,0.5542527373611335628211805,-0.9830535922367711343383689,0.9328436074498059893400637,-0.1481154524177312747923452,0.6819793200089335760694098,-0.6885869059578180184644225,0.1970074074767232119587135
72 0.0579985331561827521795749,0.7830436124177855283789995,-2.7654119001331509686281152,1.3855522212141899718318427,-1.6781345010852137811241391,0.0060845817304071569964208,1.1064635127947965997918800,1.0000000000000000000000000,0.7316164211223256108596047,-0.1213150803477176936651105,1.3287032132432694542245599,-0.5523555556754171647071416,-0.7790220364678501763222584,-0.2547929594121873808632017,0.1520078992382884464085180
73 1.6823872675537496768072288,0.1716409824270015427316594,1.9162572311388670343035301,0.0407753678144772147007302,2.0628915879865603599796486,0.4490463388953847001516806,-2.2454909574540753425253570,1.0000000000000000000000000,0.5229528773509398709151696,-1.7906835151216533574825007,1.1268960942007555381394468,0.1814451433986425665789710,-0.7417093884091974231864697,-0.5992606367336511530297116,0.2404773239788413063955375
74 -1.3030090289592317631672813,0.3397417120704155912847000,-0.8014023435313779586408600,1.1810697882226990351739460,-2.4858831442291307034508918,0.0124070323992337971930056,1.0769734712913505703113515,1.0000000000000000000000000,1.9478573563558623238378686,-0.7523595342562139354214423,0.5006963767668510811859051,0.9054408210040927329487204,-0.1503829398258626492967949,-0.3847090328906178080536904,-0.0977684317049682116707032
75 -1.1062206331111967827496301,-0.2639214288754954118587648,2.2041825173467053389231296,0.6257362741230688696347784,1.7371615826553483685756873,1.0874806940557366630173419,-2.8421963171908615208849369,1.0000000000000000000000000,1.3842318086455656089839295,-0.1986775614928684152715732,1.8150451530803106692246729,0.7826614549629092865146163,-0.1498250320717692263272625,0.5049666714776158693567254,0.3316625621965527681567210
76 0.9938770012092779104762030,-0.1741555415853650590207735,-1.7483361893713333934385901,2.6087648604320197165407080,1.9789695580582922218582098,-1.5502126755170253513682610,-0.6240638980246444589283783,1.0000000000000000000000000,1.2312890572884664930342069,-0.8371284108807013346620352,1.4811627406830198960818734,0.1899576620627716205813584,-0.5083450221447050054734973,-0.1277200433388277767132735,0.8301727545469701485814085
77 -1.0339123397368807921736789,0.0044949068676194414706515,-1.3312557909280049450728711,1.5050768900937756544777812,-2.0287274101701227024818763,-0.4617627842611278232709537,-2.4369305438538693131533819,1.0000000000000000000000000,2.0133263127732261565938643,-0.7062320427175613479775507,0.8821653051644218201943204,0.1383822859780937386542377,0.2924444572218060645063531,-0.2243541228452771985057979,0.9192331933545470068480654
78 0.8762472019654756749673652,0.1524867271862397899440111,-2.9137606805360971584661911,0.9107206698193776039929048,-2.8381795169083305907520298,0.7185688258134255157472126,-1.9513804014643565398756664,1.0000000000000000000000000,0.1984986588285549413690489,-0.9969794859080012283669703,1.4582131395207860169449532,0.1140190057423710601192113,-0.6757197612771391748154315,0.7264369468147158226400961,-0.0518632624495625194072090
79 -0.1039225104201970673045707,-1.2088305112355528514456182,1.2117227769744172150012673,1.3507750503554822874008323,-2.1548950660200301143731849,1.0035615981531753604372170,-1.9768794396174511618369252,1.0000000000000000000000000,0.4507890423871306340153353,-0.6795784076376673032982012,1.6192639597141675888991585,-0.3750507507813423679898790,-0.8893832477095127142519004,-0.2598357347033768971478196,0.0285932333779335134948951
80 1.1109483725950370924806521,0.2730600804258420666315033,-0.0826718562003194712417553,0.0312342352016057034358454,1.4258311627669408849783395,0.1048701689697277839030676,1.3345510472355179842907091,1.0000000000000000000000000,0.2391583987280095080496523,-1.3080722040750087931115786,0.7859433119357376318347974,-0.2386000105074306543162521,0.9342848067802191902586628,0.2398425194669107363143468,0.1124964314485788485775686
81 0.0840347181618457117480148,-0.5714359598729925604487789,1.2389268770191170787597912,0.9543193842956418926348761,1.1325451200332237178258765,1.2127431149934775334031656,-0.0168802460757455641271463,1.0000000000000000000000000,0.4842369397075153569787176,-1.0978023406969532604904316,1.5417697714221856308824954,0.3316780853905454407026809,-0.6515438867962807245604040,-0.3932008838167414532804855,0.5575582570066005549946908
82 0.6923386553872985516022709,-0.5046151624692671866512228,-1.1150254835225483773797350,1.3778212313669828681383933,0.1500505653457020471819305,1.0306530352481626522376246,-0.4893820494638672080611741,1.0000000000000000000000000,0.9077876250308315464465636,-0.3297321725793006530480511,0.9755842134606239612892864,0.7846070672445595306498944,0.0877125840812623402964476,-0.4932293455800711434733330,-0.3652682198999226415025987
83 -0.9381414422638439942758737,-0.1529342075045843074576624,2.3308431668990872154267890,1.9693976813402944703312869,-2.1673719296140467882594294,-0.0067711284886478040334623,1.3686617252629531549246167,1.0000000000000000000000000,0.7317766631617735884063336,-0.7678806503350467105306620,1.6727320662756708369300895,0.2579405774120092087464684,0.1871343637039438179137107,0.9118349755479098206478739,-0.2588476687860712388555839
84 0.3785097238589267831798679,0.1382072238434139954676994,2.3423879781813345957175443,1.3431129059927129354434783,2.3266080275464844362431904,-1.5084271158428743664359217,-2.8794080628111995423523695,1.0000000000000000000000000,0.7254292969373198340932163,-1.2829485749801237126632714,1.3219876824550238492150811,0.4907441620373502177976377,-0.1807947971711754697743402,-0.5280042266922220228764218,0.6690984986910224474598863
85 0.9216545270406109047200971,0.9110635979958177088633420,1.1931602700307326614392878,1.1526084693570659567285475,1.8494899379287339513666666,-0.4456075512962025531038535,-1.8925864922532751322137301,1.0000000000000000000000000,1.1806234988524084705829864,-1.5510901176858635786004470,0.4670112043465139972653333,0.8605661094462275784167105,-0.3243434328637719299415210,-0.3891780268884301730025754,0.0525897890215515917411437
86 -0.8329166427120047178078721,-1.3109584550736275154747545,-1.2483590870616945167626000,1.7404348729692558084281018,1.8365694696621828185811864,1.4075704769520038794894390,2.9886230089886227645479266,1.0000000000000000000000000,1.6466910679534507710997104,-0.3394550249709949452103785,1.4237377756942826145802883,0.4712454103648513470403714,0.4841762112044356580753401,-0.5422983540856987083600416,-0.4994111237059570829188715
87 0.4356780551324037631388819,-2.0416119233447180825180567,0.3526637771452718617126720,2.2060486023910570452244428,2.5840074379970356943658771,-1.0975653246125793849330421,-1.4139353583329057340023382,1.0000000000000000000000000,0.8052027921744522309666081,-0.7548393719151627045960140,1.2201705335131554086558481,0.2359535602118968955487333,-0.3715439313935637866137540,-0.7084874035806656422664673,-0.5516560557401776199171195
88 -1.3685954412508003485982044,0.6942719568541608765599449,2.6024191974425852080798904,2.5955269399888472037218889,-0.4189949618950463694488917,0.1236331150845739745847141,1.6289512923750804063161013,1.0000000000000000000000000,1.0986950325376891868245366,-0.7492194427210685514495481,1.5918103225300408443132483,-0.0330508688126206484625413,-0.8045132125388683164146642,-0.3096356530483961311261965,0.5057565130828320931755115
89 -0.4486200940469378117825272,-1.9725469382663940454136764,2.9405968738948722318582440,1.2280444050235879149823859,-3.0032426589290812657395691,-0.9360573295238732161038797,2.7855857685844345184023041,1.0000000000000000000000000,1.3654848310818847867409431,-1.6173342513437789502717123,1.2000114020897296729373238,0.2075700598571598720631926,0.4339686345030069336559109,-0.4964980408051908322697443,0.7225465230406522554318371
90 1.1517878737362940988475657,-0.7491366906641687695156406,0.8063647161741123170486389,0.4633878130751604706993874,-2.6073174291096243848642189,1.4895715480542501829575031,-2.7477809784155251549009336,1.0000000000000000000000000,0.4693731193666900725069979,-1.0914235584419456071003651,1.6678324205752155240389811,0.4812136822024584148493886,0.7682961600601674323485213,0.4220683163856268071967293,-0.0032426906483173367767847
91 1.4522472250233837698374373,-1.4677728428397198712218596,-2.2608382582796191506702144,2.2441226450233360267816352,1.6448314251498468152590249,-1.2720282728486329570927182,-2.0177722322516018493843148,1.0000000000000000000000000,1.4937304053949616022833879,-0.5692261275926575603278934,1.2810177984911355064667760,-0.4974190643314719273426761,0.0197953413519859067193352,0.1118528287094235351695204,0.8600402227249145381549056
92 -0.9437510873602324990017109,0.7975359411493578853935560,-1.1808165389253120203250091,1.3179256636332372654152323,-1.7504893974435933312605584,0.8526518771223519088664489,-2.4787389523721019557456202,1.0000000000000000000000000,1.9848787329191521777715934,-0.5970456686030882753613014,0.7769481798775802472434293,-0.0695575857244133954893073,-0.0711341500715017005518348,0.1945396700758337815706511,0.9758348943067789438288173
93 -1.0404987288219227359320485,-1.6753219562509662488025697,3.0252661875188096018973738,1.1360163224684147742493678,-1.3429979371605431648362128,-1.2145777987077215342992531,0.8680892244461406725974939,1.0000000000000000000000000,1.3319291857384942812103645,-1.4887850695094320130351662,1.7494715805432998756430152,-0.4709268753724247247305357,0.0143928378378153087879809,-0.3487592174780219655971791,0.8101762991927862200824961
94 0.4410563333873174229893266,-0.2534559162969030055023723,2.6323221436083068525135786,0.6671266293586820550487460,0.1313022581433425095553957,-0.8171993011410697560492622,-2.7766971286310337951874772,1.0000000000000000000000000,0.2816408314573917159862049,-0.7533973246826377589968615,1.6221509646995524445145520,0.0331121713360548186599885,-0.0318508334574401363870066,0.9847937871161699385780253,0.1675354448882639402107486
95 0.8276238888875324661853483,-0.2282115974050067386258434,1.6364483800590399198426894,0.3420413963180228278382344,0.9487667752112107777406891,1.7083463630861506210578682,-0.8152862232598878655664976,1.0000000000000000000000000,0.6565840882943709821972789,-1.3050038254100371215571386,1.5988729082848152085460924,-0.0372841568205356521659155,-0.4157924468414783136793744,-0.2620079123872518511717544,0.8701012544052600938826458
96 0.2182832098250495622693279,-0.6776718622113910850401908,1.1226297454855593827005578,0.9845755236011815014762760,-1.3281078111581074985281248,-1.5618003446052177718428311,-1.4917313960468077116416907,1.0000000000000000000000000,0.5926549670596206187411781,-1.0478310420171048633619648,1.6742895160248132402358578,0.7149550832204819572623933,-0.4998739680311679589586049,0.3965483856589794298130869,0.2858538564341068233254362
97 -1.4471453476545184102519670,0.9902282218398656965518967,-1.4425129709243234010784818,1.1812922930416147604404387,-0.0285052240311660654015213,-0.8665302313330713879224731,1.9039956534444337776790235,1.0000000000000000000000000,1.9277288488392194665266288,-0.8988928376044286183699228,0.4600922811691405267531252,-0.0926434912233799617853336,0.4578965751530528760504524,0.1536678141545802234180229,0.8707076836650968765241032
98 0.1044497174632730285281923,-1.1574766208149847024344581,2.5979347254672395806096574,1.6913073234191662308489867,-1.0865074846779496642312779,1.0395504110492113092334421,-1.6887675207610091110410622,1.0000000000000000000000000,1.0626697997832759146064063,-1.4750761852553377906360765,1.4721003332521236384167196,-0.4439584802348613967737379,0.8376060279561281518567739,-0.0942600581538677317894326,0.3040227948457002171700481
99 0.5718185804814428507825141,-1.0505988898862146374568738,-1.0892202384082054766878400,1.3844617183815974836846863,-0.8803204887105713360995196,-1.0696894956727378556138319,-2.3903203191651591907884722,1.0000000000000000000000000,0.5655881474942079378820381,-0.3826948985482364062882255,1.5024774873769404237577874,-0.1352569372947514114713385,-0.9349774894702435057425305,-0.3251795095107257171918036,0.0421752088930607005323736
100 0.3438195600134950069559636,-0.8594435841107943563343952,-1.8862824717316115652465669,1.1260006971955300869581151,-1.9130954692783279647017025,1.9463106483378065370004606,1.1428324836091290350736926,1.0000000000000000000000000,1.1495062010974161914589331,-0.7327379138854955842319328,1.8423227125043510898905197,0.0711876554365754310449432,-0.4212310385548174718195469,-0.5280134278659224245089376,0.7339594450035988870695292
101 -1.1510804370109593008919546,-1.9683884584071991152853798,2.2206958594555468167186518,1.7891159307170265702069401,-0.2122323168587088026981746,0.1450630839192741383669727,-2.7805107242993596372571119,1.0000000000000000000000000,0.5399223930730359111151984,-1.0906201483764628168415811,1.1475156515680926538891526,-0.0694580376123860449011360,0.9508145928438305194418945,0.1271132136843726168073943,0.2738014515818953387160661
102 -1.3615842208691417702937088,-0.5070018698144711510877869,1.5788676486216361993797364,1.8576046644987556089034797,2.4985568735997922829028539,-0.1616799876382628564641664,-1.2152371419790375384195613,1.0000000000000000000000000,0.7354769945237726869180506,-0.3730199899485637238250035,1.2208335455242016465149391,0.0642426421912908607314563,0.9175525685534478004257153,0.3508462059384584996735157,0.1757126304252147885875956
103 0.6182694763525775627499570,0.1983313458195565814889960,-1.4669832696879729905248269,0.3024068904111193445416461,2.9273922341020739423811392,0.0970385564804667755112177,1.8466496914223071712513047,1.0000000000000000000000000,0.2079048741707084091423496,-0.5178184603138555885948335,0.9316892960889928687606698,0.1950480184591859567078131,0.9716683457597494744106825,-0.0813398769912868635501013,0.1058230754152536534640205
104 0.5853741575392823470735948,-1.2350375172384255861857127,1.8062075415761089658417404,0.5771001857179682836829215,-0.5989096356564709289216353,-0.7952147722978588628706120,2.2554390208611447832254271,1.0000000000000000000000000,0.9785139884338814875164303,-1.0957485921464971134753341,2.1517938130288780662624504,0.0097946270135790131083908,-0.6637124561371877673465747,0.1371266906012445496720886,0.7352440874295159689566503
105 -0.4661301153766437277425894,-0.2819791841185552705439932,2.0766368073522016857168637,0.7889032291392343854141700,0.9185533626589710287646540,1.7066542757664620033608571,0.6528800484481642740774987,1.0000000000000000000000000,0.8715490416850248944768964,-0.6593116304397346194576812,1.7321030698580888174120673,0.3003408423249497860574309,-0.5367436742747425659771920,-0.2320970514425262920532589,0.7535451797727942269133905
106 0.0281075917823623289137913,-1.1719597608702998492447023,1.3086865619217480372071805,0.7996682171475457678866405,-0.2207671613599022641949432,-1.4909357400120992753755900,-1.5541615188844324357830828,1.0000000000000000000000000,0.8576701261194770165019463,-0.7883792513063843099274663,1.9840990216668183965254002,0.6021426877343952765997415,-0.1956682139182090718332319,0.5081601030511558869662281,0.5838743144803046902779897
107 1.5124879475685752971969578,0.0975629230032502015035334,-2.9871545244888277892414408,1.0672445772668552876893955,-2.7251009224616460357992764,-0.5909238426592353654598355,1.5935168229073832790732013,1.0000000000000000000000000,0.6144353904455996939759643,-1.2478421118660778521558541,1.8101451686780360983419769,-0.2304775210650265304668238,-0.7942161903777122944347866,-0.1065216902676522636728151,0.5520431951894759770027576
108 0.6366429782595623976249044,-0.6484652531507728578930028,-0.7908159333899358323094475,1.5232240350084489399762333,-0.0863206987657214597220445,-0.2331781076568948396499081,-0.5737011726660194987914565,1.0000000000000000000000000,0.5670920593550305977004200,-0.2904279313451976207716143,1.0233710651484868581206911,0.4150882896846235237120482,0.4579580884104966775893786,-0.7438461785844863172201258,-0.2542966492091417451959501
109 -0.9314602227267620992989805,-0.1713465195262553475430423,3.0236693547995230346714379,0.0857702924198332633531905,-1.3361806014083237315048791,1.4540276815111354835607926,-2.7877859463388037219999660,1.0000000000000000000000000,1.0148141972686726131058776,-0.0917834613867736515135931,1.4465582955215485760902538,-0.0243469430816173892928589,-0.6678485931324362745442613,0.7328040852584838393823929,0.1279899962394833723422494
110 0.1686915253252285751273121,-0.3625958106758051524565190,0.7998049504600261983000564,0.3325706733514418034225457,3.0253074715828089935598655,0.0487554571331738628714447,-0.7810855422858544727660046,1.0000000000000000000000000,0.2231115216613965834824285,-0.4553018537493453421483025,1.3625755233996466042611928,-0.2086987670183926835143495,-0.9717563904290199561231134,-0.0912274218981117129834146,0.0617227270495891433554903
111 -1.0466510059457565517959665,0.2981554023591597157860633,0.2406767428510949713427181,1.8604506650652967714165698,2.0599584668264530051828842,0.2376123075950007379475437,-0.1075394233244186814602017,1.0000000000000000000000000,1.0138156313522737050902833,-0.8137881466516184714166116,0.4385746452922846261301970,0.0657013851535320214658498,0.7703908455803096799741070,-0.4104192353546619598247958,0.4834615924210846071851222
112 1.5660119111464489982665782,-2.0732562192046342097739853,-2.7869653416894206721110550,0.5751275018123571669548255,2.9074785123842206147060097,1.1753195682068415806043049,2.2658822030354679455399491,1.0000000000000000000000000,1.4789963625279174408433391,-0.5612774641661817387472411,1.9838256717400484241409231,0.0614088308395519810733987,-0.7412630089955850598570919,0.0102154970753118405635274,0.6683199234528020005186022
113 -0.4922509975403925874815059,-0.2634369113745336221654725,-0.5472843205008715017356735,1.7130915695368735818249206,0.3164693867207826194487552,1.6746765059083594806565998,2.7808304125321239297363718,1.0000000000000000000000000,1.2885181823190305916426723,-0.7533312653623248644763066,0.8253137500920924018998903,0.1093494772608876175468140,0.0293785125918388234644851,-0.7456610304130911748288213,0.6566330973265170900532439
114 1.5211679807331184299812321,-0.3333490558156504413034327,0.1767463805683591182571490,2.1197833157543946036582838,-0.0225001967798452717772761,0.9535838636014060121226521,2.9100641797785948838850345,1.0000000000000000000000000,1.2543967704654526151841765,-1.0121677481048352298387272,0.7417365925453324182470283,-0.2609128278372734865975247,0.1074168145841359889303135,0.3842143189976960360176861,0.8790696302450895505131712
115 -1.1153879075060326719892601,-1.1303172943365373814827990,2.0716291884135493717167265,1.3802954869411396821021754,-2.3796703512895249765790595,-0.7888338124328202471957638,-2.2504260060188485681464954,1.0000000000000000000000000,0.6596094392802204220416229,-0.9685414798979107287024704,1.6623037348479929864453197,0.3035470628187060260216867,-0.7617695802646279323866452,-0.5303980517733692945370194,0.2150395373691916800495960
116 0.5945071175642873129163490,-0.9098858635504196712417979,1.5955389957906387365937917,1.5128892797189248398126438,-0.7197495968252183295987834,-0.6641658746226272169721483,2.2491467744699438213729081,1.0000000000000000000000000,0.8190867094881976173681437,-1.5579327284272257436725795,1.6923586432957571368262961,0.4102760837418437112056324,-0.7387487757696210577407214,-0.1289853351143002702094975,0.5189261242876946900182134
117 1.5431071960693705236167261,0.7642322161669063973477023,-2.6834382241168905913752951,0.1810222728210604814513829,-1.1067909073446833279064094,2.0605868921312611163898509,1.6228746006478909080783524,1.0000000000000000000000000,0.8205321117450994350406290,-1.5152990107293413668543280,1.0298585908834891888830043,0.8229619530318975639815449,-0.2907814603206217429764990,0.4871123800159692374123210,0.0299846152139603971953363
118 0.9611450829496055447975777,0.9698099390961276711209393,1.9653205912792008902556518,0.0317385997500915784108599,2.5101365167587701421325619,-0.8547071260859354646655106,-2.8585737737936778302128005,1.0000000000000000000000000,0.7182388595326584246336665,-1.3445140394344594625408718,0.3773613079206596943038221,0.6717498064877986951870525,-0.6238397876206041026136973,-0.3921071242568492376534550,-0.0763281744298339170917700
119 0.1707210241008829676445657,-0.2910953653194452428465411,2.2608869662428627833605788,0.6814393725020061465258436,1.1271374876248358987140818,1.7422289780297557371113726,1.5580599438683409019290593,1.0000000000000000000000000,0.8265496627611651492273381,-0.7696166205269927562682142,1.7785782471705577911791352,0.6711271507092118060455732,-0.2678403343546986725698389,0.2501162975844740676834022,0.6444297226297259761906844
120 0.9873844488985614731291207,-0.3738749643251648713260238,-1.3473684301107802241403988,0.6152315768102329940347772,0.6721348757786373973033278,1.9046245619767074863659673,0.0711546410276340246525706,1.0000000000000000000000000,0.5964681485302996133412989,-0.6852679007948038192310491,1.0621093957749554448355411,0.7340780408359318665034721,-0.0464833180111348664986792,-0.5702826188589781297721970,-0.3657105927331745776065475
121 1.3171673737716194096947220,-1.6986603179116079864741096,-1.9085529136213681411504695,0.3881227611592610871049658,2.7133073257293123248246047,-0.3468672491678830294148383,-2.9350884689120988468857831,1.0000000000000000000000000,1.2440063763738502533584551,-0.4968517316708819797632657,2.1077012355940789589681117,0.2893644005455077161670374,-0.2521048890674114084653468,0.6237739648526609004264287,0.6808929651153088347115272
122 -0.9815144729193607808781508,-0.7643684297052064646749159,-0.1113007722580965364045369,0.6402074200241860690852036,2.7198691393783640535275481,-0.2507834539750493085819016,1.0213190188129983582143723,1.0000000000000000000000000,1.5382903162024581522615563,0.0956810312119985573175995,1.4054769947503082949680220,0.8080986515173316231397393,0.5289964704112708471228643,-0.1788105257354378752054913,-0.1875205732894241750230435
123 0.7040568542032503707162050,-0.9242165843188838714183930,-0.9029292801417008185183022,0.2503744910342499685462769,-1.8251479641190488933943925,0.4953191912763048598833393,-0.9583713676367753286911011,1.0000000000000000000000000,0.5829955278507903404516810,-0.6294519604189459105469950,1.9895626849537721980709648,-0.3634310724130869196812910,-0.7746287591997385035824664,-0.1806202040441036160700605,0.4850178525463342271706324
124 0.2155956697738516947282505,-1.5465274655099618961173746,1.3365855895485463378236091,0.1686311230131569693924121,-1.4600545495995576050773934,0.3581545919222146601157419,-1.2397178380436812972220650,1.0000000000000000000000000,0.9272088199869621405468934,-0.9328091781749612287910622,2.2046720287975984930994855,0.2628365079768598677745217,-0.6707071578277945533841375,0.5024225535348951776626336,0.4781613054383397343194417
125 -1.0954004368528504897994935,-2.0718128801429700480696283,0.8470681753253126444747068,0.4488569221547137888528312,0.2253906382529025087535501,0.9195981762228351286125871,-2.3552425424969953837717185,1.0000000000000000000000000,0.7957853008674411476874866,-0.8110513381172959057607841,2.0008415807457060608953725,-0.2856296459844410162709494,-0.9132321209591031108132597,0.1137941630906760676067435,0.2673415269536375538095285
126 -0.4338095115440019355901313,-1.5256509507096609468135284,0.4407646811256431540471112,0.6251040607742516241884800,1.8435392167095745463711864,1.9458119045836488325562641,-0.6146980333438598620432458,1.0000000000000000000000000,0.8837126086223255905238716,-0.9579046401620825434974904,1.7926569702071679657251480,0.0555255455846787038254320,0.0240675940783023900593207,-0.8159976576247215396264778,0.5748768994939327248161476
127 1.6852043248578594258901830,-0.1106139831392156658296244,0.4451900032472368984315381,1.0951084148795846573420931,0.5024851930576774705627940,1.7164024129952681896327249,-1.1482195240544248449054976,1.0000000000000000000000000,1.2956648967111403791818702,-1.4424634906725524174930797,0.8287042082984664714828682,0.5956696027672290227883423,0.1440766719008088059261752,0.0854761588661670512756530,0.7855643580939173364896533
128 1.1938266155096406428981481,-2.0195831845349552224888612,-0.1579347217545299386642910,2.4753910789030562078494313,0.8481344042695755369720700,0.0548999910380787436992023,0.3155149543595103800441848,1.0000000000000000000000000,0.6713981145695512298132712,-1.1188983828778837903428212,1.2032004286857058694693023,0.2938881959225536077973118,-0.5296766038910150076191030,-0.7956140522845387419437202,-0.0082806243256330902546836
129 0.6497014803228018386960230,0.9086792629294468959244568,-2.1450554588309476145013832,1.1061878342070559089194148,-0.7545926570219885221035838,0.3665579562427265791768605,2.0541422030353650995948556,1.0000000000000000000000000,0.5291932812504961392008340,-0.2739317559215968533870011,0.9959202455198628012311701,-0.1583557765935659222833465,-0.5942903328684121522229589,0.6631983468128442860134442,0.4265069804910868178637884
130 0.8465695098515708671982338,-1.6329133462793719022698724,-2.1278108601218725937087584,2.3016750423943972414519976,-1.1088587843002095656430583,-0.4342109223704697651413653,-0.2670389377055872870414532,1.0000000000000000000000000,1.3583587242990109444917834,-0.3514056502072733234598445,1.1200671839778999494541267,0.4963668062006234560357143,0.1898964938822686465691447,-0.6715065772937536259235003,-0.5163680873636304902163374
131 0.2069627927184118920678202,-0.3718171529894771509816565,-2.3960879160161465684097948,1.8811059689797020588741816,2.7792887132234351810211592,0.6062790737577805622038341,-1.7573205162502456566642195,1.0000000000000000000000000,1.3667795925531516232354079,-0.3602475379432038549154527,1.7631144188259997296341908,0.0474733569256067244879205,-0.3438059409207702143973506,0.4257266166479587443660648,0.8356425559671522007576527
132 -0.6378360618933698322763348,-0.1061700341027087546308394,2.7926274575286997858825089,0.8700997865517154927772481,-2.1667246132203028530227584,-0.8193719471778787566407232,-2.5558336895875788385978922,1.0000000000000000000000000,1.1144550914345052738951836,-0.2988755967645604916249624,1.8797337720166416019651479,-0.0696665615492016165877232,-0.5963677118580044123063999,-0.0098049740534573784356276,0.7996210225026905149547929
133 1.0242121307849947342560881,-0.7949243284985070268078289,1.1910936973043311226660990,1.9900313354656240516504795,-2.2824286601699093068873481,-0.2885917211252957415013043,-1.3722314508935582466619962,1.0000000000000000000000000,1.1687305236524156981658962,-1.6244923969015570008878058,1.0634896776900573112101256,0.8029326969290971893755682,-0.4878248927763104703103636,-0.0890430005682706360303769,-0.3307492831451296355638192
134 1.5716262235169531358280892,0.2438910440974364490784865,3.0384560673087506188494444,1.9140733896661887847301387,0.8059344122805329746483949,0.3141161269871672878650770,-1.0153878610983437802417484,1.0000000000000000000000000,1.0208917876571899086002304,-1.1388943068100070288295456,1.8339967039541453797113491,0.1210271970437765270967034,-0.5904069054634719648788632,0.3072455079098940222692704,0.7364577862510532924034123
135 1.0695539729741589951572678,-1.0692159957570095407675126,-0.8706242810283213451327811,2.6152899870934382953180375,2.6205886131504501079803049,0.7113577777130717372244817,-2.3817620309362013131249114,1.0000000000000000000000000,0.7418858239557932776619964,-0.7164838839789936519864000,0.8936465152273934675619671,0.3651174923994541243743583,-0.1457844129006117817048960,-0.8919447617447376908117462,-0.2233125383920222528644217
136 1.1062037104785971131093447,-1.1030010583456608674879362,0.4804306982061978814613212,0.9987778225060448544780911,1.5291855217219261220407134,-0.1558761023457024830207729,2.5595960389592669059766195,1.0000000000000000000000000,0.4265649429720375085395290,-1.4841282935593049785438780,1.5645715145964391723509834,-0.2622357053150833339216774,0.7872047959193587685078342,-0.5473375152886211791880555,0.1093640600543618335294127
137 -0.7129184799891840063068571,0.5848487960220540848865767,-2.2266353637890716754554887,2.5333657304008330157785167,2.1321983211176469552583512,1.8976315056425985261512324,-0.3609109284188183330854827,1.0000000000000000000000000,1.6743287897344334425042689,-0.6322271189233015231678792,1.0481387168618909733197597,0.0793021377274710642657496,0.4015045545405149796103217,0.0932824729608278807591049,0.9076351310273409467299643
138 1.1704671446979655335951520,0.0329945917092238083512257,-1.5335868298959505207079701,2.2819659371320000218474888,-2.0695135308515810734775187,-0.6272897937004554558271252,2.9598304988680554927782396,1.0000000000000000000000000,1.1108247734705352094408681,-0.4593216210899497276010095,0.9995928127520029571329019,0.4550447611899878785912676,-0.0500589789315462052599059,-0.4699763892559502553858408,-0.7546843867560625307433497
139 -0.0276798650324994177651661,0.4305393636615666430600413,-2.1322171843173682859173823,1.9711332388059854547890382,-2.5766580444358559986994806,-1.3484123365361189161859556,2.2501285250844107466150490,1.0000000000000000000000000,1.5051909471091999837000230,-0.6227247091165929449019245,1.2529533875570906253926751,-0.7175341092519164076790616,0.2712582608688175467293036,-0.1626185673628449679384289,0.6205777621268928623265992
140 0.1119367684220378134085649,-1.2414240517888328607654103,-1.8972221824277433199767984,0.8582898589131839894861287,1.5264243839082416442920476,1.3641678193441912902983404,2.6981522989930359912591484,1.0000000000000000000000000,1.1990806377718379316377195,-0.2678749323206189303370195,1.7242633259551272129073141,0.5662135189864039297447107,0.8093640038788318946672007,-0.1558855314579605799707451,0.0054508458960056405118166
141 0.4350050072631077568985347,0.1183323164001723881710859,-1.2177672577206641868485804,2.2010815337482290132697926,0.8102399131391382347544550,-0.3169183533106185723937642,-0.8082835285017653248473835,1.0000000000000000000000000,1.4072765395418898037860345,-0.3112190563526057718313211,1.0104462977194761386101618,0.7379175249314904316833008,0.3006104633195400555045751,-0.2551631242370009378106488,-0.5477231479897499699660557
142 -0.9880395582701611001397168,-1.4772349603000258788654264,-0.9791310027806869875632856,1.1384420119973093221688032,0.3735365509980064224748730,0.8371465527385129057336144,2.9757630203546785452317636,1.0000000000000000000000000,1.8810648649326078274413021,-0.4826680797171495340691649,1.5308273003697092651265166,0.9285675509490967094450298,0.3001501780954599629680501,-0.2181973654317855282336325,0.0077382160579562153657207
143 1.1624603717676520453494504,-1.6926880144792084692539902,0.6971651432711567508704320,1.9043642158780078599278340,-0.1894647792486776616271982,-1.5202061032617919522635930,-2.9970002258298920061463377,1.0000000000000000000000000,1.0288555377240657939807988,-1.4412782566495092595459937,1.7479815675797851781680947,0.5257139615718126046672865,-0.6196848189074098955941849,0.2681631999310255531909775,0.5173991456530987465001203
144 -0.2494137459229139874850034,0.4284088192979846887453732,2.6870394759942053397594464,2.1435355532921551713343433,-2.3067607567886643238352917,0.2843409770763960509043500,1.7326937192388314201707544,1.0000000000000000000000000,0.7385841646638250379552915,-0.8187924738349932063385950,1.6839245734557937161923746,-0.2324357563138604310104540,-0.5639037952143699516938113,-0.6550470078021883857388730,0.4459790980189293763125136
145 -0.2060254186528762687657945,-1.9128818277036219175357701,2.7025223591000111511561954,1.0783821116054346234136574,-1.7424152226203193372100486,1.5155596537626245812191428,-1.6270651021730457852498830,1.0000000000000000000000000,1.0247654442146922892931116,-1.4675735993872178752894797,1.6697580896477781653430839,0.0995223247699923846409931,-0.9808632606600523606843467,0.0703267688112370753517055,0.1518376893786191894619719
146 1.1506551968326035328971102,0.5490298129534489923742058,0.9410513765289114651579894,2.0294770113804734279483455,0.6974021745773040237281748,-0.2473555164706386921835701,-0.6871345141027749292561566,1.0000000000000000000000000,1.5109280702504734872348990,-1.4235936207180548418449462,0.7300329995224221768523876,0.8940090910307765259545931,-0.1372402551590949371096428,-0.2973113170300125673861658,0.3058050724647491946939226
147 0.2093442626004649032012139,-1.1366389414834039417456779,0.4538440407151744793168291,0.5918394630019735425108252,-1.5183677299168742980128854,-0.3544509727752964689528881,-1.5858337871240610894574274,1.0000000000000000000000000,0.4222011988293898898660927,-0.7495718586797961435763682,1.8702805922885841205527413,0.0695078459126763081865619,-0.9493022812963127776697547,0.0288798803634233748616200,0.3052173405799269434446330
148 0.8401627466350571893372035,-0.4794722447397521403189558,0.7381718808886574834104977,1.4481809909577390005352981,1.5545292854195134069072992,-1.5380299772040768591097049,-1.4153309566948242270711944,1.0000000000000000000000000,0.5536088932713590926582015,-1.0385063624941077708996318,0.8778379786461919520590413,0.4185475622114539495655094,0.1063523971009254498465424,-0.8213965997341275970811125,-0.3725755375914573397366780
149 -1.2437331484574953854860269,-0.5374788840154549607319723,-0.6915482822610767854598635,1.8766502893262773099536389,2.3605498275456717749420932,-0.6183856309350397317814441,1.9508706563636062369937463,1.0000000000000000000000000,1.8398644262875600841056212,-0.8743134922822308752188292,0.8467004770115422740417443,0.8555339920275807363836407,-0.3950907806603908278830772,-0.3318275669261813165533681,0.0430488278038501925859549
150 0.5766522314294166839943045,-1.4649074289612040722374786,-1.7846174865590322955455349,0.4021015886702116182149780,-3.0420292452951098738367364,0.7051597945439005421519596,1.1399817787329586948885662,1.0000000000000000000000000,1.1265665551749197703657046,-0.8101669363114720745500108,2.2005526165922582038092514,-0.1433308420935273108653973,-0.6675973889732100818861227,-0.3706815656788945423372184,0.6295737006581090255963318
151 0.9117840632191258620764529,-1.4648140236427140692399007,1.2176647019150852457869405,2.2820629101973319841079046,1.6678467984883331709511367,-0.4421599440529688784806694,-3.0491552382782827201879172,1.0000000000000000000000000,0.9250284557207897329078605,-1.4686676973164298765084368,1.0558934647293292119485386,-0.0470679468376636322979323,0.7288807237586976128795868,-0.4640048900860547775870657,0.5012133091034889353920789
152 -0.9636616090058049977074006,-0.2412435765714586732855196,-1.8757129176629432354417304,1.3444156006120215884891422,-2.5292942815293999458958751,-0.9274440659151227395184947,-0.2672932803576313354199101,1.0000000000000000000000000,1.9741783128202348152058221,-0.7304273295489589479245751,1.3090722290335445876507947,0.8358341342554092001648769,-0.1991530274070203165859283,-0.2968372287282943222663789,0.4166592063602506668118508
153 1.6443006752431288397531262,-0.1002379196021880858324948,-2.0017878542417695264532540,1.6324353660617187955494956,-0.2449094119304371375278606,0.9933113603789331946813945,-2.0274937413309208622536062,1.0000000000000000000000000,0.7858915489237633389407733,-0.6635121710028468733355567,1.4928970072295846271970277,0.8059101156059502724104959,0.5664471808564066623858935,0.1695950642691850807075582,-0.0296947611202597605561948
154 -1.0874929001545572404552331,-1.9113939359068838896860143,1.6602331150933702375027678,1.5242476665052804296607292,2.6566313261322820338250494,0.7639977941783047121759864,0.1304166498889287595375208,1.0000000000000000000000000,0.5214158033801202796198027,-1.0184603758749197766064754,1.6834845636174267102802560,0.0795269375738203443404473,-0.8835614256627559726098298,-0.3499321577078998157794842,0.3008985788576603037647317
155 -0.0939450146718276979385109,-0.3387269018682308452383722,-1.6466939112573015790985664,1.7181746992376512039868430,0.4452520965310990952445991,0.8833750859178688408235303,3.0193941566275412924369448,1.0000000000000000000000000,1.6338049866478454585916325,-0.4428730225265808950751989,1.1278998684537937524652307,0.8279117577463388499836583,0.0733426635670065829586406,-0.2787959951266050229179427,0.4810963244324326648637680
156 0.5866092482249434247876252,-0.9178205249574129531708877,-3.0017080167619991648564337,0.9509961950951235643003656,1.5342030720381076847047552,-0.9477978768189854186232424,-2.3714704908497958868451860,1.0000000000000000000000000,1.1463442069655294108798671,-1.1047736932707015178323218,2.0689311400433751941818628,-0.0876320520794391655261535,-0.3653745457445383149064355,-0.5744920570453405650468426,0.7271717130864858713579224
157 -0.5990916596898951951288836,0.9594144020501591541005837,-2.3219890524552955213266614,1.5640855457550308926784055,2.3980530713773582363046444,-0.5207341561927909534546188,0.9485339646644579403300668,1.0000000000000000000000000,1.5691843058661727461355895,-0.1783010438451898549416796,1.2976925925493327795834375,0.4173658607151210508945383,-0.2384474707767963441717995,0.5374843516354859129791066,0.6928613924646378485761034
158 -0.9181227729830757633422422,-0.6023305159710954370666514,-2.2356175001909135424682518,0.6280815639933949867668161,0.3550779813770565951358549,1.9062873136369860027627965,-2.2200985200307794542595730,1.0000000000000000000000000,1.7106259550004880853890654,-0.7126815611343315648440466,1.5713744093661239364934090,0.8553485671724081473854540,-0.4715863411141634209400308,-0.1383834186733960969206692,-0.1638077183064222674957477
159 -1.4041923558212801026456873,-1.8296546577665275812307755,2.3717551168403954164887182,0.8173842373114935666578162,-2.6579901079558720944362449,0.7385738120058022992964197,2.6016281386449140455852103,1.0000000000000000000000000,0.7476325770042254736935661,-1.0321338689450139103342963,2.0280012496552477507805179,0.5760756493716537862681548,0.0076368266575187471190134,0.8160295943638981031043045,0.0466049484132081276444026
160 0.7594022924251340178614100,0.0832779240050718350119041,2.0923499297348566727805519,1.4139214731901517119183609,2.6742170278500845270741593,1.9014676525167937271021401,-2.8520074503109826835611784,1.0000000000000000000000000,0.4548582038071967703629639,-1.0912116710924455453834980,1.3823914081117458785286090,0.3249219681847002605401542,0.8766401199935675014884850,0.3446175757153127627852029,0.0846426215640306844889551
161 -0.8602689736612724180631062,-1.5521890956038557618512641,2.6083312217695171497666706,0.6393163223589379828837309,-1.0332038805616106103002494,-1.0404375205399820636387176,-1.4634072220364620076082929,1.0000000000000000000000000,1.2748808500774062579807833,-1.2160802637128620418138780,2.0638616043910387176651966,0.8078623554722070831957126,-0.3515288734946697690730844,0.2429934669817686021531244,0.4058790817501097825115153
162 -0.0974323670251528994867840,-1.0471071720859532749869913,1.1929063651235303211706196,1.9567089171273208680901234,-1.7547511873877381649577956,1.9237550400455325494419867,-1.5583969506599926191370287,1.0000000000000000000000000,0.7180619722944037164324982,-0.6030102699849018144107049,1.2435145276979167050512842,0.6372875044981241021702090,0.7063458192066549568011169,0.1770797462400198196696977,0.2521523674398064573942690
163 0.2829552642894461733646949,0.5155344539482773491556600,-0.6128105739976481558528576,0.9290897194813422244052958,1.5384782404906482966566728,1.7805861906265900707069250,0.9996776974865602127806596,1.0000000000000000000000000,0.9250730135990753444374946,-0.8600412952804753485835931,0.5139963521353919650991315,-0.5172169344915747979385401,0.7027049887937307781626828,-0.2604707974467873610180391,0.4133340660306216163277782
164 -0.0972040129130820051983619,-0.6392534296988756636892504,2.0991167412702731454032801,0.3966486371879692218733737,0.9301864486286355315769470,1.5516737004009621969657928,2.1747994803301056165878435,1.0000000000000000000000000,0.8713053570849859097435797,-0.8237752263546568309848794,1.9054031270856826019155505,0.7465955514526962932819742,-0.5136298992029875165599151,0.1738615218102335657768265,0.3854210662310868507063333
165 0.1847937557333041436180565,-1.9003997814410362732218118,0.7551748114143017609478648,0.8695976471135379304300272,2.9527262060762042850114995,-1.3836955218702806647002035,-2.7117989786773915028561532,1.0000000000000000000000000,0.7080651285232362202037848,-1.0199723963552225214357350,1.7151776518742194443944982,0.1828514557392597605911533,-0.0511668352796025571738170,-0.9775165938513279417776403,-0.0916863044239394353596140
166 -0.4288674166008119570392410,-0.2294607977934464138058956,-1.8658390961491371218272661,1.7915026789519481464907358,0.0034973161632652072228211,-1.1764067625950853646088490,1.2040499569080074238058842,1.0000000000000000000000000,1.6047649822420517740084733,-0.2103249478799011362717408,1.4777882355367917277533252,-0.0796603638120889356866172,-0.2796311972274184709519318,0.5427930258318185430255198,0.7879302688212991290228615
167 1.1504160691621492240699354,-0.0287564138061160434745034,-1.1494710076127592213168782,1.9754498993817015684015814,-1.3977407793303675553886478,1.0347683111776295739048237,-1.2667996369282712443293804,1.0000000000000000000000000,0.8598364619085474558346505,-0.4193096091299460259627097,1.2165036705326544019811763,0.6936791247160434270568885,0.3855295679043531098528774,0.5607266165013313763409997,0.2361349179006815013348586
168 0.6839968767731359200467978,-1.1263781171540625525295809,0.4111476823341830844071865,1.9846256082535835840729987,-2.6081806363394397507704525,0.1286466697251396062995354,1.5830384138897235501985961,1.0000000000000000000000000,0.4812602217240568580614024,-1.1247925631597839313258191,0.9913805622743347978342854,0.2510785512197614144369595,0.4363138880290836629782802,-0.8155099980527759084836248,0.2855365805773883991491857
169 -0.9189489708358825614809007,-0.8580372853200122218453316,0.5571834488792521966615823,1.4877715698824129919586312,-2.1170503995772689265209010,0.8737595820485366537866412,2.4238615616089020932122367,1.0000000000000000000000000,1.2196080772458199881214114,0.0046765857930402554565319,1.1576197701204071766056813,0.0887885181781053745009302,0.1915082402722835808184243,0.5306130636835098002279665,0.8209073385837077907467574
170 1.6182388923388186796614718,0.8504832696958835036582514,2.5556310174402545598582037,0.6305143997168699554478621,2.3470281639825687491907047,-1.1530694144425253089281114,1.3669888362325677277908653,1.0000000000000000000000000,1.0803059262757590541781383,-1.8042448677820803748517164,0.8989093816248251433975724,0.0534834065898656951798529,-0.1474108421827554638028346,-0.4260923665952682792834594,0.8909841096879244082273885
171 -0.4800669112637356850115111,0.2774542279673992695165907,0.6640201195239963105620973,1.3768820472168186164196868,0.6617152968713622129826035,-0.3823465363030043029368699,-1.1631531188134818233237411,1.0000000000000000000000000,0.7344114704165619622600047,-0.6093980909409626445238928,0.4277316722363795342687354,0.4607231714991331106290318,-0.3664388446898683704411326,-0.7499322505427599150351625,-0.3017550782643332873966813
172 1.2419772438641687450910922,0.4874086298394990635074464,-0.6103737251778609262942155,0.1418397798723726177527737,-0.0615003122307826721737456,0.4450527095321819004425379,1.9450319032315315226355779,1.0000000000000000000000000,0.4037544670484772835195031,-1.1353958814881159877785421,0.4765166950535290046886416,0.3662970970923900004834195,-0.4121547458285987342030410,-0.8006837857239246236673580,-0.2342184290591776130163737
173 1.6879233773296058451762747,-1.9387096126646312654884241,-2.8389531109900900673892465,0.4602651869441685694717137,-0.5939207397349739459002649,1.7891757280181921352379959,-2.7189010037323000368303383,1.0000000000000000000000000,1.6256203568361571321077008,-0.5193022529304917034309597,1.4821753505577517362468143,0.8815044509936571515140713,0.1689791177346333939102152,-0.4234927097042799903903187,0.1226687860037461164086636
174 -0.7029408653798439043924873,-1.7371727878545282219846513,0.2007201106920213362627692,2.0213903505091508350233198,1.0539585167434806223241139,1.6218480244703141757156573,1.0987853144704295971223473,1.0000000000000000000000000,0.8637164555115521835659820,-0.6567974097841271508002592,1.2726585020157274996677188,-0.2502135513299703628575799,0.9329399866236448568557194,0.1133800812982320715960327,0.2327206897684336306397768
175 -1.2602836162645356665734653,0.3182288301266869012806637,-2.0349445572050637309757803,1.0192168248264195096197682,0.0302113114768691737310746,0.2421409125555804564555729,-1.5239548183777160694774011,1.0000000000000000000000000,2.1637165218186034110203764,-0.5299837646437264293552971,1.2736807455986822734672614,0.9688849288122654002108902,-0.0405562922783642976209961,0.1507326423783301727610251,0.1920797667117565832306525
176 1.0257947630248800408026000,-1.3838973685116027212416157,-0.0785491753934390857239123,0.9475682120200097369178138,-2.1029147775750214321988096,0.2600044314486369412264821,-1.9932836845751311649621584,1.0000000000000000000000000,0.4248703650330524772549268,-1.0006296391982216764660052,1.8545475929738308717986683,-0.1538247951867878493548147,-0.8706074164232611156677422,-0.4064292292242944748537070,0.2306376051555276140980766
1280
2 0
3 0
3 2
4 2
4 0
5 4
5 3
5 0
6 2
6 0
6 5
9 0
9 6
11 10
12 10
12 11
13 1
13 3
13 8
13 2
13 11
14 0
14 9
14 3
14 2
14 6
15 13
15 2
15 4
16 15
16 13
17 14
17 9
17 0
17 3
17 2
17 6
18 2
18 9
18 6
18 17
18 4
18 14
18 15
18 5
19 10
19 12
19 11
20 9
20 18
20 17
20 14
20 3
20 2
20 0
20 6
20 15
21 8
21 1
21 16
21 13
21 15
22 21
22 8
22 16
22 13
23 20
23 9
23 18
23 3
23 17
23 2
23 14
23 0
23 6
23 13
24 0
24 3
24 1
24 21
24 7
24 23
24 13
24 6
24 14
25 11
25 2
25 18
25 4
25 5
25 23
25 20
26 18
26 23
26 20
26 2
26 9
26 6
26 24
26 17
26 15
27 24
27 3
27 8
27 21
27 1
27 7
27 13
27 23
27 26
28 17
28 14
28 0
28 24
28 9
28 23
28 3
28 20
28 27
28 26
29 15
29 16
29 13
29 2
29 21
29 27
30 3
30 2
30 13
30 26
30 27
30 15
30 24
30 23
31 25
31 11
31 2
31 7
31 18
31 30
31 26
31 14
32 6
32 13
32 30
32 7
32 2
32 1
32 3
32 27
32 24
32 0
33 4
33 5
33 18
33 30
33 32
33 29
33 26
33 15
33 25
34 21
34 27
34 13
34 24
35 9
35 23
35 20
35 28
35 17
35 26
35 14
35 24
35 27
35 18
36 28
36 17
36 23
36 14
36 20
36 0
36 9
36 26
36 24
37 11
38 25
38 31
38 18
38 20
38 26
38 23
39 12
39 10
39 19
39 11
40 13
40 27
40 21
40 24
40 32
41 10
41 19
41 39
41 12
41 21
42 20
42 23
42 17
42 36
42 26
42 14
42 18
42 3
42 2
42 28
43 42
43 23
43 28
43 24
43 27
43 14
43 17
44 43
44 23
44 42
44 30
44 26
44 27
44 24
45 3
45 27
45 30
45 24
45 13
45 23
46 29
46 15
46 16
47 18
47 26
47 20
47 23
48 47
48 20
48 23
49 0
49 24
49 43
49 36
49 28
49 23
50 29
50 15
50 4
50 5
51 49
51 36
51 28
51 0
51 14
51 17
51 42
51 24
52 33
52 4
52 5
52 18
53 33
53 4
53 15
53 5
53 2
54 51
54 36
54 49
54 28
54 14
54 24
54 17
54 42
55 11
55 25
56 7
56 32
56 27
57 16
57 29
57 15
57 22
57 21
57 13
57 12
58 11
58 32
58 25
58 13
58 30
59 25
59 11
59 31
59 58
60 58
60 11
61 13
61 60
61 32
61 57
61 58
62 15
62 30
62 29
62 13
63 61
63 22
63 21
63 60
63 57
63 16
63 29
64 14
64 17
64 28
64 20
64 23
65 58
67 30
67 27
67 23
67 14
67 24
67 20
68 14
68 17
68 64
68 28
68 23
68 20
69 63
70 69
70 65
71 63
72 20
72 23
72 26
72 17
72 18
72 28
72 14
73 61
73 62
73 57
73 60
73 65
73 58
75 73
75 57
75 61
75 60
75 63
75 29
76 59
76 25
76 18
76 26
76 62
77 26
78 77
78 30
78 67
78 26
78 23
78 32
78 13
79 22
79 21
79 13
79 71
79 16
79 61
79 63
80 65
80 58
80 11
80 70
80 59
80 25
80 62
81 65
81 60
81 61
81 11
81 58
81 80
81 69
81 70
82 32
82 30
82 13
82 58
82 62
83 19
83 10
83 12
83 21
83 63
84 73
84 75
84 57
84 69
84 61
84 81
84 62
84 29
85 73
85 84
85 81
85 75
85 69
85 61
85 62
86 25
86 11
86 31
86 59
86 58
86 80
86 81
87 69
87 59
87 76
87 84
87 85
87 25
87 62
87 81
87 61
88 83
88 19
88 10
88 12
88 70
88 63
88 65
88 60
88 69
88 81
89 83
89 10
89 19
89 88
89 21
89 27
89 63
89 24
90 79
90 13
90 22
90 21
90 32
90 61
90 71
90 16
91 76
91 87
91 62
91 82
91 59
91 15
91 18
92 77
93 83
93 89
93 63
93 10
93 88
93 19
93 21
93 57
93 16
93 60
93 79
94 57
94 84
94 85
94 73
94 75
94 61
94 16
94 79
94 62
94 15
94 29
94 63
95 81
95 61
95 60
95 73
95 65
95 58
95 85
95 75
96 15
96 16
96 62
96 29
96 94
96 57
96 21
96 79
96 13
96 71
97 74
98 61
98 63
98 79
98 22
98 57
98 94
98 21
98 71
98 95
98 90
98 96
99 15
99 29
99 62
99 30
99 96
99 16
99 82
99 13
100 64
100 14
100 24
100 68
100 28
100 27
101 57
101 98
101 63
101 94
101 79
101 61
101 75
101 29
101 96
101 16
101 15
101 22
102 75
102 87
102 81
102 85
102 84
102 11
102 70
102 101
102 95
103 80
103 25
103 59
103 86
103 31
103 58
104 12
104 93
104 89
104 83
104 65
104 10
104 70
104 80
104 11
104 19
104 58
105 60
105 81
105 65
105 95
105 11
105 58
105 61
105 70
105 88
105 63
106 96
106 62
106 57
106 15
106 94
106 29
106 16
106 99
106 101
106 98
106 61
106 79
107 23
107 72
107 20
107 68
107 26
107 28
107 17
108 82
108 62
108 30
108 99
108 26
108 15
108 32
109 98
109 57
109 22
109 79
109 94
109 101
109 75
109 63
109 90
109 61
109 16
109 13
109 21
110 102
110 85
110 81
110 73
110 59
110 95
110 87
110 80
110 11
110 25
110 75
110 70
111 69
111 70
111 85
112 103
112 25
112 31
112 86
112 59
112 80
112 58
112 11
112 82
113 100
114 58
114 65
114 80
114 104
114 11
115 16
115 22
115 79
115 96
115 21
115 57
115 101
115 71
115 98
115 106
115 63
115 29
115 15
116 104
116 12
116 83
116 114
116 93
116 65
116 70
116 10
116 89
116 88
116 19
117 68
117 100
117 14
117 64
117 72
117 17
117 23
117 107
118 84
118 85
118 73
118 94
118 110
118 102
118 95
118 106
119 105
119 81
119 60
119 65
119 95
119 58
119 11
119 70
119 80
119 104
119 116
119 114
120 82
120 58
120 32
120 108
120 80
120 81
120 30
121 91
121 87
121 76
121 59
121 110
121 62
121 99
121 108
122 11
122 59
122 25
122 110
122 80
122 81
123 13
123 30
123 32
123 27
123 108
123 62
123 82
123 24
124 79
124 13
124 98
124 21
124 96
124 106
124 123
124 61
124 16
124 57
124 90
124 115
125 101
125 124
125 75
125 61
125 57
125 79
125 106
125 98
125 29
125 13
125 81
125 62
125 15
126 81
126 95
126 105
126 110
126 11
126 125
126 120
126 25
126 60
126 61
126 82
127 95
127 61
127 81
127 120
127 32
127 58
127 65
127 73
127 126
128 108
128 82
128 25
128 87
128 81
128 11
128 59
128 61
128 76
128 62
128 120
128 127
128 65
128 69
129 72
129 20
129 23
129 17
129 68
129 117
129 14
129 64
130 108
130 26
130 23
130 82
130 99
130 30
130 123
130 24
130 128
130 18
130 72
131 121
131 91
131 76
131 25
131 82
131 31
131 59
131 120
132 115
132 57
132 16
132 22
132 96
132 94
132 71
132 109
132 98
132 79
132 106
132 124
132 21
132 101
133 79
133 96
133 21
133 124
133 98
133 115
133 22
133 71
133 90
133 16
133 106
133 13
133 123
134 95
134 85
134 73
134 94
134 81
134 127
134 84
134 105
134 119
134 60
134 106
134 118
135 131
135 87
135 91
135 121
135 76
135 82
135 128
135 127
135 110
135 85
136 80
136 11
136 114
136 116
136 104
136 70
136 58
136 65
136 103
136 122
136 128
136 25
137 31
137 131
137 25
137 82
137 120
138 107
138 129
138 72
138 28
138 23
138 64
138 20
138 17
139 138
139 72
139 107
139 20
139 28
139 23
139 17
139 74
139 129
139 26
140 86
140 112
140 25
140 31
140 103
140 11
140 136
140 58
140 120
140 80
140 59
140 114
141 108
141 82
141 76
141 26
141 18
141 131
141 62
141 91
142 86
142 140
142 11
142 136
142 25
143 106
143 99
143 96
143 15
143 94
143 133
143 62
143 101
143 29
143 87
143 108
143 57
144 83
144 19
144 10
144 88
144 12
144 116
144 89
144 93
144 104
144 21
144 63
145 98
145 79
145 124
145 63
145 109
145 61
145 22
145 101
145 115
145 21
145 90
145 57
145 125
145 133
145 132
146 85
146 134
146 127
146 81
146 65
146 61
146 111
146 95
146 70
146 69
147 124
147 96
147 15
147 16
147 123
147 13
147 79
147 106
147 62
147 133
147 21
147 99
147 29
148 85
148 146
148 87
148 106
148 84
148 62
148 110
148 143
148 108
148 69
148 76
149 86
149 59
149 111
149 69
149 142
149 97
150 100
150 24
150 23
150 27
150 123
150 107
150 28
150 68
150 64
151 143
151 87
151 148
151 84
151 135
151 85
151 94
151 61
151 101
151 106
151 73
151 102
151 146
152 26
152 23
152 27
152 74
152 24
152 30
152 77
152 20
152 67
152 72
153 32
153 82
153 108
153 141
153 99
153 30
153 120
153 127
153 123
153 78
153 130
154 102
154 126
154 81
154 11
154 122
154 110
154 105
154 25
154 87
154 119
154 59
155 142
155 140
155 86
155 129
155 31
155 149
155 25
156 121
156 131
156 141
156 99
156 153
156 135
156 108
156 62
157 149
157 25
157 137
157 18
157 76
157 141
157 59
157 31
157 131
158 32
158 30
158 82
158 153
158 120
158 13
158 131
158 67
159 89
159 10
159 83
159 19
159 93
159 144
159 104
159 116
159 12
159 88
159 21
159 27
160 73
160 75
160 95
160 85
160 118
160 151
160 61
160 134
160 110
160 127
160 84
160 102
160 81
160 126
161 57
161 106
161 115
161 96
161 132
161 124
161 101
161 93
161 94
161 98
161 147
161 16
161 63
161 145
161 79
162 79
162 98
162 145
162 22
162 61
162 21
162 13
162 63
162 124
162 90
163 65
163 58
163 80
163 81
164 119
164 105
164 65
164 60
164 81
164 11
164 58
164 136
164 104
164 116
164 95
164 80
164 70
165 87
165 151
165 148
165 84
165 110
165 121
165 102
165 85
165 118
165 135
165 143
165 106
165 73
166 18
166 26
166 20
166 23
166 72
166 108
166 129
166 141
166 130
166 155
166 157
167 153
167 32
167 82
167 30
167 123
167 13
167 24
168 24
168 116
168 27
168 83
168 150
168 144
168 21
169 168
169 159
169 83
169 10
169 19
169 24
169 27
169 116
169 144
170 70
170 80
170 136
170 134
170 146
170 110
170 119
170 85
170 148
170 81
170 164
170 104
170 65
171 146
171 111
171 148
171 85
171 69
172 80
172 58
172 65
172 114
172 163
172 136
172 120
172 117
173 153
173 32
173 158
173 123
173 167
173 82
173 99
173 120
173 156
173 130
173 13
173 121
173 30
174 11
174 81
174 25
174 126
174 113
174 86
174 154
174 142
174 128
174 105
175 30
175 158
175 92
175 18
175 141
175 26
175 77
175 29
175 32
176 147
176 123
176 79
176 133
176 90
176 13
176 124
176 99
176 167
176 21
176 15
176 96
176 162
