163
0 -0.0512983407628192430993685,-0.2478196207759221780797532,0.2423453255847089204966238,1.2589326859086027443623834,1.4537770624615253822753402,1.3616489567149656636502186,0.5617327631500412810083844,1.0000000000000000000000000,1.9227814286354842909787521,-0.1937702463910776495836785,0.9578819207511292121992597,0.0000000000000000000000000,0.0000000000000000000000000,0.0000000000000000000000000,1.0000000000000000000000000
1 1.1326159525312768927562956,-0.1541907450617109598400845,-0.1815101187665811577343078,1.0071527002985922738531599,-1.3885337753863478127414055,1.5135450887091201899181669,-0.7302816792534938539205314,1.0000000000000000000000000,1.9227814286354842909787521,-0.1937702463910776495836785,0.9578819207511292121992597,0.0000000000000000000000000,0.0000000000000000000000000,0.0000000000000000000000000,1.0000000000000000000000000
2 0.4018951744401498271663797,0.2325756016532148640063582,1.0406378340099806667495841,1.6506332359326332248627978,2.2302642493812276924813887,0.7515611298156721353791454,-0.8293806344585475942565722,1.0000000000000000000000000,1.2935159811952692265890619,-0.2388328357780505339924559,0.9581180648450358106060776,0.0000000000000000000000000,0.0000000000000000000000000,0.0000000000000000000000000,1.0000000000000000000000000
3 0.2583084056580909892986142,0.9365511515121440755393678,1.5413851897476722463409260,1.6062469708582316485490082,-0.9024865922269783569120705,-0.3888574731018661356785060,1.5188994963221926770557957,1.0000000000000000000000000,1.2935159811952692265890619,-0.2388328357780505339924559,0.9581180648450358106060776,0.0000000000000000000000000,0.0000000000000000000000000,0.0000000000000000000000000,1.0000000000000000000000000
4 1.2062767413230015556280250,0.5933984892106848318960033,-1.5528271787968868089535590,1.2123725450041531459532962,0.7519187698492648674886141,-0.8715156842356155397766315,-1.8700162167140750302252172,1.0000000000000000000000000,1.9564141648385739991056198,-0.0079920906610750352960792,0.9555495161379452540018065,0.0000000000000000000000000,0.0000000000000000000000000,0.0000000000000000000000000,1.0000000000000000000000000
5 -0.2571987247269156284801284,0.5599554163840598786094915,1.5163069245990348221653221,1.2299188825445768191713114,-1.1743034161015424299279175,-0.3703470178276053736965423,2.2423605772899923849195147,1.0000000000000000000000000,1.9564141648385739991056198,-0.0079920906610750352960792,0.9555495161379452540018065,0.0000000000000000000000000,0.0000000000000000000000000,0.0000000000000000000000000,1.0000000000000000000000000
6 0.0542031708832572192702237,0.2177808642542944927988913,1.1003042096214734613113251,1.3147447381656629517010515,2.7178598646881497735705580,1.0840099691804545578577290,-0.9953914307807393280214114,1.0000000000000000000000000,1.9051856057044052050741811,-0.0068674482437164896531101,0.9555628383418371951663062,0.0000000000000000000000000,0.0000000000000000000000000,0.0000000000000000000000000,1.0000000000000000000000000
7 0.2729494263745745885607619,1.0283863903825332108965540,2.9550057142147307942536827,1.0185875988411372539133026,1.6866950372143456604590028,-0.7807465618386615346935287,-1.6132974893584097753063133,1.0000000000000000000000000,1.9051856057044052050741811,-0.0068674482437164896531101,0.9555628383418371951663062,0.0000000000000000000000000,0.0000000000000000000000000,0.0000000000000000000000000,1.0000000000000000000000000
8 0.6299493432513101343062090,0.3210308023931441323561842,2.0216891113955908210186863,1.2326843965103033706753877,0.4300386240593200848358890,-0.3666085346446412707166473,0.6214201432308411598981479,1.0000000000000000000000000,1.2632647175450180121458743,-0.0464151820616867383240134,1.2750877230777812876283406,0.0000000000000000000000000,0.0000000000000000000000000,0.0000000000000000000000000,1.0000000000000000000000000
9 0.6223323229521730004520919,0.1573968403349564337823097,1.8094524142654138110231088,1.2576805553481786859038039,0.0965580644353330741491703,-0.5095986479472363051002048,1.1889576527849123888103122,1.0000000000000000000000000,1.2632647175450180121458743,-0.0464151820616867383240134,1.2750877230777812876283406,0.0000000000000000000000000,0.0000000000000000000000000,0.0000000000000000000000000,1.0000000000000000000000000
10 1.4276855159018051466546240,0.4162015423149287296489263,-2.8153240481439816278452781,0.4801306155319093882383186,1.4876227720968329126804974,0.1774946058529869308273419,-1.8050915609877458134491235,1.0000000000000000000000000,1.2507086311982518189722668,0.0699172810464712413125454,1.1743563701046426661633859,0.0000000000000000000000000,0.0000000000000000000000000,0.0000000000000000000000000,1.0000000000000000000000000
11 1.2259141530986177315298846,0.1054948272569050660152357,1.5690643628295408706918579,0.1092121017617535133625850,2.8022604339355079439144447,0.3286816006659909472631398,-1.2410077552030480685374414,1.0000000000000000000000000,1.2507086311982518189722668,0.0699172810464712413125454,1.1743563701046426661633859,0.0000000000000000000000000,0.0000000000000000000000000,0.0000000000000000000000000,1.0000000000000000000000000
12 1.3095329842740386361299443,-0.4077378632439163097522794,0.3978915209880958814281371,0.8318883746531833267567890,0.8802623643582581092204009,-0.9348826652555179972381438,2.0263565528707667695584860,1.0000000000000000000000000,1.2733362020986789264753725,-0.0197197641756943278790182,1.1998087477636563136229597,0.0000000000000000000000000,0.0000000000000000000000000,0.0000000000000000000000000,1.0000000000000000000000000
13 1.3004043291617934929860212,-0.5912375039745386695599905,0.1695940771598547502918564,1.1372281145024882853533654,0.6362328639701596566524699,-0.7094193206678234275841533,2.4606936117323185975180877,1.0000000000000000000000000,1.2733362020986789264753725,-0.0197197641756943278790182,1.1998087477636563136229597,0.0000000000000000000000000,0.0000000000000000000000000,0.0000000000000000000000000,1.0000000000000000000000000
14 1.4636343724045575154235621,0.2489929170591747009666506,2.9523870243636696208966441,0.6153314129129606735446600,2.0560633566748420797409835,0.8952602873999904176116615,-2.0389101137382041883938655,1.0000000000000000000000000,1.2515311001108637700696136,-0.0158676856597269391735416,1.3545177924234967914429717,0.0000000000000000000000000,0.0000000000000000000000000,0.0000000000000000000000000,1.0000000000000000000000000
15 0.8714228471085992966393974,-0.6703312030994648118564783,0.7877806805626458297453496,1.0891323135650119446893314,0.2911061954809585627934609,-0.3181901128581678950268952,2.2566438137232958105471425,1.0000000000000000000000000,1.2515311001108637700696136,-0.0158676856597269391735416,1.3545177924234967914429717,0.0000000000000000000000000,0.0000000000000000000000000,0.0000000000000000000000000,1.0000000000000000000000000
16 1.4884369169480704542252170,-0.7247939286756537313749504,-0.0305850015417317329380342,1.0484244912055906695513841,1.1338174986433497970494955,-0.6583328599381879087104608,2.1125528523870062969081118,1.0000000000000000000000000,1.2559144516363340837727947,-0.0368931456407965846500119,1.3172530378295355113493770,0.0000000000000000000000000,0.0000000000000000000000000,0.0000000000000000000000000,1.0000000000000000000000000
17 1.4709582543278472144265834,-0.4029932196782088360542673,-1.0257314538252837454734845,0.8564767851551902122508864,2.5292106256181345891320689,1.0808242457363865796082791,1.4437048854524336949367580,1.0000000000000000000000000,1.2559144516363340837727947,-0.0368931456407965846500119,1.3172530378295355113493770,0.0000000000000000000000000,0.0000000000000000000000000,0.0000000000000000000000000,1.0000000000000000000000000
18 0.2782037943115417411021895,-0.8643473688948235533757725,0.4902561546267898417994502,1.8748054245083467517218878,2.0209591699545788046066264,0.9781912683873397185152498,0.3592392364264855864064430,1.0000000000000000000000000,1.5994281991615091342850974,-0.1442310232642251555112978,1.1960382207976831825391173,0.0000000000000000000000000,0.0000000000000000000000000,0.0000000000000000000000000,1.0000000000000000000000000
19 1.2254751207220939690500927,-0.2750986442723249991715306,-1.4240444164640666535603941,0.3663524465345036063013140,-0.3165564962877615573511036,-1.2519602383263224165688143,-1.3627375077447771989369585,1.0000000000000000000000000,1.3130345912943754971280441,-0.0698617038875173901324445,1.4100443708291483524419618,0.0000000000000000000000000,0.0000000000000000000000000,0.0000000000000000000000000,1.0000000000000000000000000
20 1.2454327743538169404047267,-0.9027766024953206569492181,-0.3847006779359236072757255,1.1701942101807527585322077,1.9773996724847049399897969,0.9182281728918795238314488,1.2782620002312177209802257,1.0000000000000000000000000,1.3130345912943754971280441,-0.0698617038875173901324445,1.4100443708291483524419618,0.0000000000000000000000000,0.0000000000000000000000000,0.0000000000000000000000000,1.0000000000000000000000000
21 -0.2868182317238299749995178,0.2965467271356013734262547,1.6441620804698751090455744,1.6453106005724573712711845,0.7634409579411448598662560,-0.1047966252569092482360702,0.4973371779907326817316005,1.0000000000000000000000000,1.7420523657892141855541013,-0.0682993626074396842362546,1.1831431774809690882221958,0.0000000000000000000000000,0.0000000000000000000000000,0.0000000000000000000000000,1.0000000000000000000000000
22 0.3312416091113810079349378,-0.3043970222359981825377417,0.2158121613060314525345262,0.5881569792087366632671319,1.3604435943335297931611194,1.5218901154687114463115449,1.2872299909495772407552749,1.0000000000000000000000000,1.7420523657892141855541013,-0.0682993626074396842362546,1.1831431774809690882221958,0.0000000000000000000000000,0.0000000000000000000000000,0.0000000000000000000000000,1.0000000000000000000000000
23 -0.1413569043720478701775534,0.1627163395617483576671702,1.5559874340684594073991320,1.8419311773497077933114952,-0.1427145774975465131184649,-0.8197287357504148275211264,1.5224421663377873947808894,1.0000000000000000000000000,1.7301522896067016432652963,-0.0724217221478101191856069,1.1952012258093809293768572,0.0000000000000000000000000,0.0000000000000000000000000,0.0000000000000000000000000,1.0000000000000000000000000
24 1.1375762581285620012039317,-0.9039035355399150928334961,-0.4941965820413194432347836,1.9225319458538545625003735,-0.2161956237402732627916890,-1.0321544052717064321456064,-2.7400540884141895148218282,1.0000000000000000000000000,1.7301522896067016432652963,-0.0724217221478101191856069,1.1952012258093809293768572,0.0000000000000000000000000,0.0000000000000000000000000,0.0000000000000000000000000,1.0000000000000000000000000
25 0.1432769701334868084341423,-1.1155591334031906836088410,1.2978353820631902681981273,2.0548872971279465993177382,1.9998754475847106970576306,0.6340460261022884402848376,0.5077655950059167810906047,1.0000000000000000000000000,1.2839768859716025328765454,-0.4054297277496334839241854,1.3775511092634644683130318,0.0000000000000000000000000,0.0000000000000000000000000,0.0000000000000000000000000,1.0000000000000000000000000
26 0.1972399580690027687257526,-0.1204971328588112788882114,1.7814863332111323668272007,1.7279830236133901788520006,2.9145724527485734611786938,-0.5059524904964270985985308,-1.1552756667402008794454105,1.0000000000000000000000000,1.2839768859716025328765454,-0.4054297277496334839241854,1.3775511092634644683130318,0.0000000000000000000000000,0.0000000000000000000000000,0.0000000000000000000000000,1.0000000000000000000000000
27 1.0548099608057637244229454,0.4746949804802541028614371,1.6598703309248337145476171,0.4968270707899530291840051,2.1791721651529507575162370,0.5785588086948538766307593,-0.8521836084328917593211372,1.0000000000000000000000000,1.2262524041190054902017437,-0.0136359343694690271497905,0.9575303947262141512908329,0.0000000000000000000000000,0.0000000000000000000000000,0.0000000000000000000000000,1.0000000000000000000000000
28 0.8974414006485446071437195,0.4479953256972513675471248,1.5622506116090113525984862,0.5339954148999989103074881,1.4793805101181525252229676,0.3880564080961310668982378,-0.1470778663051761359081837,1.0000000000000000000000000,1.2262524041190054902017437,-0.0136359343694690271497905,0.9575303947262141512908329,0.0000000000000000000000000,0.0000000000000000000000000,0.0000000000000000000000000,1.0000000000000000000000000
29 1.3211317939352726913426750,0.7291720451125551782922685,-2.9463014888214753561612724,0.4939648748852232817974084,2.5050689441685527469871886,-0.2718453806693876817490718,-2.6861856644453796505445098,1.0000000000000000000000000,1.2468123006573004207808708,0.0101200102456472929013387,0.9570361499497834767424820,0.0000000000000000000000000,0.0000000000000000000000000,0.0000000000000000000000000,1.0000000000000000000000000
30 1.1043194001252609748320310,0.1039209146301566244474657,0.1261766953130276647243591,0.3929959560515753347331724,-0.9238138096303416535448605,-0.6426240052760689991373511,-2.4881857279479926425835856,1.0000000000000000000000000,1.2667465605152521401777221,-0.0013006470311901774383756,0.9567866195280974039860666,0.0000000000000000000000000,0.0000000000000000000000000,0.0000000000000000000000000,1.0000000000000000000000000
31 0.9702212266626271119918101,0.0798732650718822906332761,0.6515455855899398018848956,0.7048158411191224326231008,2.5172644050076056210230036,0.6213038673723598748210861,-0.1846590306818667315269522,1.0000000000000000000000000,1.2667465605152521401777221,-0.0013006470311901774383756,0.9567866195280974039860666,0.0000000000000000000000000,0.0000000000000000000000000,0.0000000000000000000000000,1.0000000000000000000000000
32 1.1245152818376777936748567,0.9235216260249211606137010,2.5930094172511570782546642,0.8881995625520618942161377,1.6470113442313483176349109,0.4170120495450739817044905,-1.3204397086327888111156881,1.0000000000000000000000000,1.2500702673243686557924548,-0.0443731851197654361684819,0.9574956318607998895231503,0.0000000000000000000000000,0.0000000000000000000000000,0.0000000000000000000000000,1.0000000000000000000000000
33 0.2595999417099379980022889,1.0073551309779671392163891,1.3643626222890297139400673,1.7695926665754562190358001,-0.9746850073446553519573854,-0.9028441106913817071344397,1.4800921539530202952761329,1.0000000000000000000000000,1.3269122809064166634840376,-0.3017653252704838862108261,0.9570019797664144345361592,0.0000000000000000000000000,0.0000000000000000000000000,0.0000000000000000000000000,1.0000000000000000000000000
34 1.3641258542239040885135637,0.0198241179015924036399543,-0.8051704151401199993642877,1.0618720667889394171368167,2.4216483317395876007083189,1.9128441535461897515801866,0.8462459639871239280850546,1.0000000000000000000000000,1.3269122809064166634840376,-0.3017653252704838862108261,0.9570019797664144345361592,0.0000000000000000000000000,0.0000000000000000000000000,0.0000000000000000000000000,1.0000000000000000000000000
35 0.6042866578851138203987148,0.7456913183953003398940496,1.4271609053416660639612701,1.5777316584803888765975444,2.4038388192822131017578613,1.8263190453063318230420009,-1.4804732631205774762150895,1.0000000000000000000000000,1.4888126644020958089242868,-0.2479944545766313013235305,0.9584133547839770450593733,0.0000000000000000000000000,0.0000000000000000000000000,0.0000000000000000000000000,1.0000000000000000000000000
36 0.8816522141236707854616839,-0.4234712234103288897024697,0.0146046143785975371387487,1.9837664205474561107678255,2.5288381365781651410884479,1.5515634261777453417607830,-0.0206887532774354399034422,1.0000000000000000000000000,1.4888126644020958089242868,-0.2479944545766313013235305,0.9584133547839770450593733,0.0000000000000000000000000,0.0000000000000000000000000,0.0000000000000000000000000,1.0000000000000000000000000
37 0.0285448800542611701158702,0.1054561092549602951962129,0.9730824406203516518942820,1.1803770242994613415277172,0.5018888246459093371854010,1.0663571826025646238633726,0.8780983883740879347712394,1.0000000000000000000000000,1.5537862527667480883053486,-0.2380047743385680092398360,0.9589306410187532492273021,0.0000000000000000000000000,0.0000000000000000000000000,0.0000000000000000000000000,1.0000000000000000000000000
38 -0.1305232676471829444952988,0.1119915319960591432169039,0.9369932745457697498281391,1.7196560074974005516423858,1.3363328762580739539345132,0.5949638598109427967131069,-0.0213404640524587942140844,1.0000000000000000000000000,1.5537862527667480883053486,-0.2380047743385680092398360,0.9589306410187532492273021,0.0000000000000000000000000,0.0000000000000000000000000,0.0000000000000000000000000,1.0000000000000000000000000
39 0.9706228346044217802912613,0.4539475875011736993869249,1.3626277565827078497306957,1.2025567038182713996974371,2.7286488784345350744331427,1.4755181083341679659781676,-1.2450644326987616583579666,1.0000000000000000000000000,1.2582274060734675025230445,-0.1997875109081098665697596,0.9557922685266435625095482,0.0000000000000000000000000,0.0000000000000000000000000,0.0000000000000000000000000,1.0000000000000000000000000
40 0.7760937395362611512794615,0.4642175189659401013386741,1.3039173833787507383874527,1.3921835009600032062593300,2.6052396802691411004104793,1.2794829487239396392794788,-1.2535716950055681984110834,1.0000000000000000000000000,1.2582274060734675025230445,-0.1997875109081098665697596,0.9557922685266435625095482,0.0000000000000000000000000,0.0000000000000000000000000,0.0000000000000000000000000,1.0000000000000000000000000
41 0.2381013659906566215518353,0.6552255609378040412948963,1.1206045530815493815879336,1.9210946707559315438373915,-0.8682501170136993629000699,-0.8399913410376717015637382,1.7069717739206364814918970,1.0000000000000000000000000,1.2885598861791938141152514,-0.3815936876608029271196187,0.9594987942764995336730749,0.0000000000000000000000000,0.0000000000000000000000000,0.0000000000000000000000000,1.0000000000000000000000000
42 0.6704483527527674846524519,0.1430925436509324633060913,0.8998492980418703046652240,0.7158060097628123896740249,0.4656789975991311170133713,1.5064659046504953465728249,1.0327165879751358801286187,1.0000000000000000000000000,1.2885598861791938141152514,-0.3815936876608029271196187,0.9594987942764995336730749,0.0000000000000000000000000,0.0000000000000000000000000,0.0000000000000000000000000,1.0000000000000000000000000
43 0.0478064949405363481815812,-0.2770611942783283154767560,1.3358599876686421126237292,0.1780345087498586553742541,-0.0137848563719469296984244,0.7419662770834238862960319,-0.1020949743777022078461414,1.0000000000000000000000000,2.1391469873484618702264015,0.0674007103541295338189343,1.3204148235056862858982640,0.3367254783907235315965067,0.4067113283064365258923090,0.6374053785664737237226518,0.5611720239043236357900923
44 0.2078768906362615798144589,-1.9236532913728863203317587,-1.4512960173663851382030998,0.7375146842522147805354393,2.6262873135839068794439299,-0.5525367977958419718476080,1.8721550484705504757698691,1.0000000000000000000000000,2.1836272564997054601576565,-1.4310902011172521586246376,1.8767493241558064198670763,0.5833525792189836467471764,-0.1491978455119729041200571,0.3911226171101331861024164,-0.6960320753018259809508095
45 -0.1475203800726787584096655,1.0213258093103423362890680,2.4496111950403332002679235,1.4018342180400313878863017,1.7971111317519623540306384,-0.0494138440475559992393073,-2.0716928402980290258028617,1.0000000000000000000000000,2.1260004824320932748094037,-0.0523243813106239463728286,1.0553265030931271439840202,0.7481801236921548081681976,0.5778027726320028589768185,0.2831121648205518481766774,0.1619132195588350031645319
46 0.7005297341387595189132753,0.9341427997207003564028582,-2.2030736886985353706336355,2.0781033358872416094698110,2.6571708993810094767695773,-1.1333294475187998262555311,-1.5157954381819793709951227,1.0000000000000000000000000,2.0282781673521523835290736,-0.6729597115555667752317959,1.4577104849646684847641609,-0.2856688846570551443271313,-0.5841157708744928456212619,-0.5439869499007166098181187,0.5303565187342240694334805
47 -1.5125688903047997957429516,0.7197186735191936080013875,2.0037597473801938008364232,2.0711050173421878817237030,2.1326469056949237668163732,-0.9157430270464799182406068,-2.3367468856907205321249421,1.0000000000000000000000000,2.1755304890366597980744245,-0.5612943465315110014302036,1.1992243816303209680285136,0.4774485187237859085129799,0.5514044709426462187451534,0.5508534541906714432357717,0.4056529694260060936450429
48 -0.6641461786465170380466816,0.1215548958203545026890424,-1.4780661688254539409825838,1.6515589368387861846088072,2.6211352203721816067627515,-1.1151534842276555892226497,0.6633017070639417589461573,1.0000000000000000000000000,1.9870339080880765614267602,-1.4868089828838562116430921,1.2541504014713189540941585,0.0777463510951995895315036,-0.7765772480006217781678401,-0.4936732883816957739853137,0.3836244903094768732287889
49 0.7916022032433276400809063,0.1299023798512775051960944,-1.9367399138542569225762691,1.5731715221773696633533746,-2.2706924092628493205836548,0.5950620732694074099811132,1.6570667633638098692472340,1.0000000000000000000000000,2.3795067467305059949467250,-0.3223340783896934125252187,1.4887707106582104277237022,0.8394246835336089951340455,0.3630853711726292898376300,0.2339292703877091650355169,-0.3298637709336653678349194
50 0.1014769079128001738610010,-0.1379184335893568480457816,2.4152054559467286409812914,2.2915219808414213353842115,-0.8577766166277123183192543,-1.3219613656601745255159130,-1.9962905128837054036239351,1.0000000000000000000000000,1.7561093578518300883928305,-0.6508669483938740452089178,1.7582874594813988622377110,0.5001075587784424847370701,-0.4524363937404155544541595,0.4171485491700991921071306,0.6092443290324210947161987
51 0.9005372733521705974624183,0.0023709825749378410364443,-2.4075732560244222923984125,0.2759655319014403529465085,-0.5395794693346043224835284,-0.8382809981877076266343352,-0.8315801211635487355522400,1.0000000000000000000000000,1.7542414125340166641819906,0.1330208756938285608040218,1.1091124210284100115586625,0.5397850296501517375347134,0.7439554757786392968910150,0.0025153422136903191841384,0.3938957291645407976510285
52 -1.1855149990553999206355229,-2.1284048232070191808418258,2.1307281895040883767933337,0.3382518458628336888160959,1.7307735243783213263668586,-0.9240812402634833722103735,2.3153737698403995537432820,1.0000000000000000000000000,1.5948037771912677573737938,-0.4334360942292383445106907,1.9566666283112008617450783,-0.5568970948560834077767367,-0.5424480331844686586961757,-0.0155314126190543300154445,0.6287863891780972602774114
53 -1.1905998808902698016254362,0.7112121664910633356271319,-2.6489661558364794302633527,2.4462527935208067120242958,-2.5529104541651488347042687,-0.4763910748218262991571237,-2.9650034831790272882301451,1.0000000000000000000000000,1.7659029252756055505813038,-1.2130311175699479697698280,1.5644018440532987401780929,0.3859150636283755209099411,-0.0552273530096299980485242,0.9207071091654897010414516,-0.0177683949621878535529707
54 0.4523370366664294373038047,-1.1857210588654134575392618,-1.2121792534197117774397157,0.5342607978993377804144416,0.2229591228412277637005445,2.0933875588070667284057436,-1.8886027052065370579470027,1.0000000000000000000000000,2.2554512598981406590326060,-0.6626185900525558558626926,1.4545965642477187707015673,0.7426875208521187543553310,-0.3131263433819040931105349,-0.4809508863556087865376298,-0.3450380315530076624774836
55 -0.3934558490735824420880817,-0.6290328463576884132635314,0.7629736719872939332276474,2.0925302504219720489686551,1.9351932068514603457742851,1.1626622499839136537502782,1.9764748394505469164528222,1.0000000000000000000000000,1.8648249561952321418090150,-0.2422306373015451486097049,1.1239291623038607514928344,-0.2041585607303380844879115,-0.5113130084989908619164112,0.6719742382081747011923767,0.4953046876937504672255841
56 -0.5958613148666414005560910,0.8079875145447381612484605,-1.2007173685542127383740763,1.9672185442211189698724638,-0.4997297872624963943621879,0.8938453820949785466609683,-2.9916907100801779506582534,1.0000000000000000000000000,1.8307617902921258234982815,-1.4551689642014233871947226,1.1854495531536890506885129,0.2871400082423686273003227,0.3894489570680558787607595,0.7179371380455493723005134,-0.5004440140642225642864105
57 -1.6749142485287775716784608,-1.5769156003137654309398386,1.9229773371874543386184087,1.3486405645285919341347380,1.2336163493537419810763822,-0.0451055620056795003591787,2.5661692653648415785028192,1.0000000000000000000000000,2.2019507976922900738259159,-0.3339490168496797584118951,1.6819026853810354893425938,0.8091126824988126298165980,0.4773925477707982034658585,-0.0635004370089769509810651,-0.3367471945304274516530540
58 1.2850662998125845781771659,-0.1863204625059475816328813,-1.8245011876168697462219370,1.0984237857556078399312582,-0.2004924677710477887160323,1.0649423065976164615165089,1.0577487570004304728854549,1.0000000000000000000000000,2.1532269601404672165756438,-0.3007884765499365675722743,1.4507671790950737999992270,-0.1663794055259674720126384,-0.1134165804287194934119043,-0.1052725802299529361816255,0.9738429521530866939116322
59 -0.2719457874821260556785774,-0.4378836371157706075507576,-0.2300465029382432469162723,1.3714551075349816766646427,-0.4815692883015469938357001,0.4886128564552176811730533,0.5362678013421913192360080,1.0000000000000000000000000,2.4783386040570456465559346,-0.8115402564594482726079150,0.6665563419957720725506078,-0.2344979361129999051449602,0.5756316749599278415061576,-0.0202983002130389111883346,0.7830994550654589714255849
60 -0.4276646339117966544307592,-0.4218412792425791923989209,2.3095103789016020456870137,0.1107765094455221838165571,1.8821661270452505476669103,-1.3029767194377279704298189,-1.5995272146670742596796799,1.0000000000000000000000000,2.4292524174630121258644522,-0.3040998034111793146827551,1.4254660558993859087451028,0.6424315427493452190788048,0.6739100197482705834062244,0.1054988611412644439191411,0.3492774387497306065597513
61 -0.1264762544078437134231763,0.7765623161110855043887113,2.7019966151751031446792695,2.5549298583198942758087924,1.1697780701335416253527910,-1.4108435209836218682255549,0.3317116671999507104828808,1.0000000000000000000000000,1.7316635198564724884562338,-0.4058515251510497745535133,1.2905897199109077622125596,0.4611184452812076006722464,0.8856116568435430380645812,-0.0544928435699343627351965,0.0094929349368810811427011
62 1.5478729678942046987799586,-0.7207409651790468441134863,-2.7374818739439010784053607,0.9820735752806408758175394,0.1343294077680119436024597,0.3408857677693741816682405,-2.4387083470559254294585116,1.0000000000000000000000000,1.8963570961017071070386919,-0.6295281713753578811676448,2.0773633897635881417897963,0.8852779173923135402901607,0.0572911159480176956915187,0.4517590735597014628410761,-0.0944046756851412427469228
63 1.1650236957652304603527682,0.4108945390060054769776343,1.7030678662122520350408195,1.1473936866751839325218043,2.7647763676949672628779808,1.0920884421542340625421730,-2.0380487349019613674272478,1.0000000000000000000000000,1.0408035201481216081020875,-0.2489758423024791833544356,0.9970514345790992827289756,0.5224096944458485047846352,0.8187821493156552943304405,0.1785330944116115814424006,0.1575045165612101727425909
64 0.2917351945530071155587848,-1.5336899373543866342828323,-1.4013983498899884594379728,1.5170742748896934859459407,1.5027579905855281694471159,1.3096136451294997371519457,1.5413865020118588944342264,1.0000000000000000000000000,2.4124788439958946284491503,-0.7158863159619011096168606,1.5139157175320068215995661,0.8785626885112524098175868,0.4724420687075256974907234,-0.0229726623104811178421869,0.0663046112564205925021810
65 0.0517562687686612399318165,-1.8568577278767979255036380,1.4920301536598179481529769,2.0411533479183692207925560,-2.0263731772961901533847140,1.2511862082025371201154940,1.8343375435906175141553831,1.0000000000000000000000000,1.5790726326360653430924685,-0.3409504741845126307708824,1.5284952060720153887984907,-0.0365157574008106999841061,-0.3180527697921394780777860,0.5303025471201538998400338,0.7850389560608267425223517
66 -0.5474926099119745703802664,0.3667247804625541895973129,-0.8847268235773251277009877,0.4734344532300877594899191,-0.8419004609393425653252052,0.9282814767985545501005618,2.6749444899419065890810998,1.0000000000000000000000000,2.6072975514468703650550196,-1.2553847878645911784190048,0.7375101028615668186105836,0.1891779225191473901013239,-0.0458507471973896296724149,-0.5064394914717078588495269,0.8400156027703284955521212
67 1.0666890907698833856898091,-1.5413082765733394641216591,-1.9396134219983440782897333,1.8229335174751157833128445,-0.0100249798591365291144939,1.9473383657397107526776381,-0.6119295681188483548851309,1.0000000000000000000000000,1.9776970664275490552341807,-0.8906427355708279591794962,1.1675330372928800493070867,-0.1098307305189371030351708,0.8617374955127835578494455,0.2302912638105154008449915,0.4385311311809420020679795
68 -0.7225237507217497912037629,-0.8021099759568970366530039,2.3439618393103884841366380,2.2247259733261195435716218,0.4894255353139831399289505,-1.4965347688828289918205883,0.4187757064894657155207369,1.0000000000000000000000000,1.8438906835125219441096078,-0.4207920113786073335049309,1.6118998495531717818352035,0.7421592001529933035897102,0.2917469434546083317805198,0.4864511809870005198952470,0.3569964411343485299887845
69 1.5452315363907556111655595,-0.8623215316530881136003472,-2.7653667647698747522611029,1.7168880127402430524341526,-0.1998895403337153098277668,-0.1945535224537520146981251,0.2517382971871358066096036,1.0000000000000000000000000,2.1663186279220050245442053,-0.9184010365430342881509773,1.8684486617831106425313692,-0.1839369196231495640070364,-0.3032249769582152643110362,-0.1695163188966382072919714,0.9195019635105728950108528
70 -0.0407356507263552103381699,-1.0837595686860193033851374,2.0060226651945862741399651,0.0070387820289650737670684,-1.1355229036456546687361424,-1.3506219601801472407487381,1.4334907006930981410164350,1.0000000000000000000000000,2.0712475189506180939247315,-0.8877446694669591797932640,1.9943014992739127588805559,0.7359245817912519749270928,-0.4395533702521026153675621,0.4664587717258036336787086,-0.2182242656281292436659669
71 0.2878600463967182498947750,-1.9708147300089775555420601,-2.4654657394753400900810902,2.1709773703464203542523592,3.0100729971328155087917366,0.5939750292320327140771496,1.7472684531734641311118139,1.0000000000000000000000000,1.9372903973802613197818800,-1.5857706344964805911246231,1.1116105010927777030360630,-0.3888163888884857422034713,0.4386970209934115683125810,-0.4126685232468769171099154,0.6971866869412064460220790
72 0.3726442154674112217094262,0.2469183544795581219943870,2.6100783426192588621006507,0.1248178276451387264112114,-1.4647674511092565463599158,0.5523949830029155627642012,-2.4671825107830498424732468,1.0000000000000000000000000,1.9644932614904377921050127,0.1366690310019745280278869,0.9670623495201879915583731,0.4538821554876565356195783,0.3286332976849526410489943,-0.6933826219643354216159992,-0.4530005550262481417433946
73 1.3496134868652420735202213,-0.9626611371830389174419906,-2.7189901647814083140985986,0.6605182095256252328141500,2.3975485711305166702800307,1.7296977946095233313883455,-1.3103132041456704293125313,1.0000000000000000000000000,1.6871639146603185643868983,-0.3520964476365749940001137,1.7861151133505011046054278,0.3960169882433116628206449,0.3196565030214339464542661,-0.7080595397839845039911211,-0.4895301471147984195830816
74 -1.1175993586556147718624743,-0.8777719219237434256086772,1.5056862833452813177359531,0.9059208348020540979561588,1.8332686019094053264666400,1.1585678008367299440806164,-2.7797589752007088037544236,1.0000000000000000000000000,2.2291062893893012208934579,-0.6228873534348031704155346,1.9088622793708713842875113,0.1330769361107647097419715,-0.6628647364361957006195780,0.4510758001432120800622272,0.5826056298872754890538772
75 -0.8877245092141684557063286,-0.2272769463166020020850056,1.1366890015486585951975940,0.1406677555081750075061109,-2.4055415888906184207485239,-1.0523363592305916558444778,1.1742669186635259492845762,1.0000000000000000000000000,2.7108962648647128013124075,-0.6336895734719425465897302,1.3750952718411151298738559,-0.0879594484369754792130180,-0.2304098016909956747610977,0.4809264517471790734148840,0.8413572408433556137907772
76 -1.6751650134806683745125611,0.8557420927932217757927447,0.5533737545670844859557747,0.2010512696816824651513400,-0.0534532961214209123568253,0.8345345100616623490452639,-3.0137691149109833155250726,1.0000000000000000000000000,2.1530872167025258967498758,-1.0920964710392873087130283,0.2434160209360148041657368,0.4860278163614273339021565,-0.2643835590258836742982851,-0.5892435641677380431247002,-0.5887853019901514439737866
77 -1.3156114028398657733731625,-0.4108443762053939352085763,1.4927980806093925636446329,2.3424555695617832462573915,-1.7456075153446790615419104,-1.3051377677350748385265433,-1.0532595580538082202792793,1.0000000000000000000000000,1.9296748321645971202542569,-0.5810316020107477719136568,1.4214737756571564908369965,0.0052107777121067067049864,-0.7265456961004436164941467,0.4609096710977554356425401,0.5095726320450603141765100
78 -0.1581400990786125948517338,-0.3966336748980141546638833,0.1335385942621676313990520,2.4262100384962788091058883,1.9815096883832055141283490,2.0342973987867138951912693,-1.8360415769680598074842237,1.0000000000000000000000000,1.9182863717869913511293589,-0.4272476933471557325461276,1.0237275709786999300376920,0.6021488332649543862018504,0.5034960536539256903409978,0.5374467435172721740954671,0.3083137291419804082437395
79 -0.2127268604031042897872794,0.9805633615476843090164039,-0.5691110858655972215558450,1.5642143959171204148361767,1.2459627553974108593592973,-0.3481812375526118774615725,3.0236096203525590908611775,1.0000000000000000000000000,1.8572884512749823215926881,-1.4515068924684491058485492,0.5187675523725764348270673,0.6193018638452925106463454,-0.3839113276141192798718293,-0.5773503675427995585067720,0.3684313406788799483138064
80 0.2925424935114748770104143,-1.5760774422246390802371252,-1.6783100670173478619062735,1.7420138440430223969457302,1.5104141126616923429537565,1.4284851501674724616464118,2.4752256039354136873953394,1.0000000000000000000000000,2.3845871614979228247932497,-0.8659889350019992493301402,1.4384418796925082517645933,0.7938370377473831229764301,0.3285194222944378683592959,-0.2447162175114154791799592,-0.4494547393099665999471881
81 -1.1388119467666109052572665,-0.0961845428502114963009717,0.0083924284309504493251097,1.5282759758933799343338933,-1.1595608668059860235644010,-1.4812360893891776125741444,1.4023232774191178862110974,1.0000000000000000000000000,2.4409774087113569329687834,-0.8738742411008428856433738,0.7499237961276165043145170,0.5446369484170675567824560,0.2479944800605773935764375,0.3001757190574407818672853,0.7428066171777247816976342
82 0.6211964404342498191624600,-1.5443523059437758160328258,-2.0486260904656101722309813,1.9679633312551130241985220,-2.3854962444158722689735441,-0.8054780105987666694034033,1.8400617218776895711584984,1.0000000000000000000000000,2.3162208232914687222603334,-1.0764179052931504010359731,1.1486686183318637333172774,-0.0645549499937295989671071,0.4195380752774476862398956,0.0906212402507364789272515,0.9008918113027811758186658
83 -0.4190120972518052155919577,-1.2864585543048838722768323,-1.7382667224985111076307476,1.8240719042839814711953750,1.0376185347785327195424543,2.0315307508705222616640640,0.0725812184994949483041182,1.0000000000000000000000000,2.1686297874726041534643173,-1.0887966124610324314403442,1.2589651639851018316562659,0.7325982824245691471531927,0.4826710326738757883546782,-0.0749961458276510173348584,0.4740272326485710507881777
84 0.1583877641363877764035806,0.0090810215920589243410177,-0.5226149431551485591285200,1.3854000067726708333992747,-1.4265079454963598415417891,0.9342758868743339384366209,-0.4405626672383222697249039,1.0000000000000000000000000,2.4962114967048001368254972,-0.8599755725610809253822708,0.7428202431150328077791301,0.9440538032698631010219970,-0.3018740771254598831419003,-0.0991020513489246357430318,0.0883802737177312447425237
85 0.7076869046987308564666819,-1.1590433124266765751997355,1.1073994503173825165731614,1.2359607287933864760987035,2.3113768008604544945683301,-0.9305100075260042125080417,-0.6381199070760605884800043,1.0000000000000000000000000,1.3067524713605895847479132,-0.2424835814384917465069691,1.3455265640403353266663089,0.2359711881118118914635318,0.7590578655639589333858908,0.3184278447193801819814496,0.5164786805719435713868393
86 0.2140772795114034288133098,0.0557411300375783014260378,2.7026194280064368413718512,1.7909586947676532364681634,-2.6077563159776651069421405,0.7357834498183386529035488,-2.2731135460744211762573741,1.0000000000000000000000000,1.7094391306500913429999855,-0.2643766795960295068468326,1.7424692717086478488397461,-0.4734193476777076581285542,-0.8107406027240753321194688,-0.0489994504773616501580591,0.3408381527881623185294302
87 -1.5679737479183364357027131,-1.2250042308885622510672420,0.5582273193542977018921647,1.1467574194263467912691112,2.7149159261267241660675609,1.1888650401573150894307673,3.0027119885420949785270750,1.0000000000000000000000000,2.4322693864065945135166658,-1.1258752152351472197722160,1.8549244577403278810834308,-0.2451184033690094743462851,-0.5765043350309729808245152,-0.0827952218676209356074125,0.7750499532650113598819530
88 -0.4446322339941786161432447,0.2423946076349334788346823,-2.3022616446794068600922856,2.3097140242828584355549992,2.8150278314976153737347886,1.2672128318617925657463275,-1.2297811247169885273677892,1.0000000000000000000000000,2.3371460010558302577976519,-1.2962802578067740277845132,1.4332452696402899761096705,-0.1928238052799552959548635,-0.0386369005758762096292003,-0.3307363282718807639959380,0.9230045945599079093568662
89 1.3907540644300628862595204,-0.4299473976599736957382447,-1.6904369048961154220478420,0.7636789028503366827393961,1.5302342645904207785179096,-0.5918290892294015836938570,0.6665110220599510526540143,1.0000000000000000000000000,1.7548620319556043067876772,-0.0485815675212083325495982,1.7276353962278405695940364,0.5728787327844278021160562,-0.1087679778344035341763885,0.6063756359337195700476286,0.5406347513242364399843609
90 0.2623607833374688169669753,-1.7294080842372065998091557,-0.6649042953494066487962755,0.0364402292568423713525760,0.1718293952889879960821418,0.4057536601456694924650037,0.5497762373894343745917013,1.0000000000000000000000000,1.9348809596788063558392423,-0.8998536906528352696810202,2.2250148030438361423932747,0.3990569369692057444254374,-0.4787956148076654150358422,0.3432193891464024870785465,0.7026425483066439658941249
91 -0.3444171565234115384157576,-0.0845098447983665401750386,2.6526393745543703772682420,0.4066089689045254695898279,-0.6307401668642369507722378,1.2463978503982593437626747,2.0807231340407037478712482,1.0000000000000000000000000,2.2652513646366458921477260,-0.2514407338474998199195909,1.5689653136525207877127741,-0.4781240265920162491042333,-0.8399897878541350282333156,-0.0435170787734985298200741,0.2528213214803337605118827
92 0.2293057518302681341282323,0.7060577132511225428856960,2.7080011914588215660160131,1.2781371877957772298373129,0.4121057366026121826507733,0.6719985723059531679268730,0.6531514219186047576215515,1.0000000000000000000000000,1.9926296960605467400995394,-0.1341957621208832440728997,1.4638545767070443304191940,-0.4618443607245683590889485,-0.6566791374392957347794209,-0.1835123597406148610033938,0.5672682901203185412697394
93 -1.2242962481597874369043666,-0.5811793537494627237549594,-0.4119384329638022812503095,0.1145250065534026279179258,-0.4820444133780172890624272,-0.6300109090553486224095536,0.0279856558688846845939224,1.0000000000000000000000000,2.6486055884730275167271429,-1.2459488231362698673621026,1.7100652942174341397674198,-0.5159158837888241366798070,-0.3577459956652522254927362,-0.1459933187928199871397084,0.7645472231002450325121345
94 -1.3061650254529144632442694,-1.5301272757747801378513941,-2.9473198755698670758818025,0.0108337915208347942974676,-1.7071373438072099393281178,1.1976659547127259664023313,-0.9031402270040196356148954,1.0000000000000000000000000,1.9361719485824941955343093,-0.6704181539066230710588457,2.0312534107347115508446223,-0.2657968413938731067069909,-0.3536059363832473323441263,0.3997970874949246522511714,0.8027919687573910056954674
95 1.1129685859516613710695765,0.1981006219960286252046444,-2.7746681852271990464942064,0.1357601821654290663587972,-1.8863489649870197606418287,0.0273528614210416520791114,-1.7216006224595945539590502,1.0000000000000000000000000,1.4330779136779805416068712,0.1598229539050458059001869,1.1113042797630547919851551,0.0556758832272291059872771,0.0138962431438565126029516,-0.8065596821175813335713656,-0.5883590503086447709435447
96 -1.6336852304777007560687707,0.3507793528613536437887888,-0.3087006334112034622307874,0.2645548481897240233884361,0.1865061859327865612101505,1.5755295422545301242678306,-1.4685958953265081383676716,1.0000000000000000000000000,2.0180876501144267010090516,-1.3726341991243582452142391,0.4994835438897070600816619,-0.0138994568375050975284068,0.7776911669027209983440230,0.3641126810308992767239999,0.5122723981273770155198122
97 -0.5833960336447847616625495,-0.6038035122364775464376407,-0.7145483622722603733734559,1.1185459502584047530859834,-1.6744562574045063207961448,0.3896012293420438865609867,0.0840539817349306161986533,1.0000000000000000000000000,2.7171718856049476009673072,-1.2919764411549630178654979,1.1992050383856558415374138,0.8355815063245297658056643,-0.3476827249360531779664996,0.1334698180618286156295937,-0.4038612614600211592197354
98 0.3571447100239342198335635,-1.4844325836763867521028715,-0.2111990271030901311632988,0.9935599462872182208172944,2.3252464509365369238480525,-0.5571962732458453082529104,-0.3833355648304967999706605,1.0000000000000000000000000,2.3218886347310987439129804,-0.3458257188933229753224907,1.7305669776830359118946490,0.8266142263015509028534211,0.2072237079754472022230516,0.1685239454444646955977305,0.4953430393078923632543820
99 -1.5976823169427998294622739,-0.3034291047409309882709749,2.8668300374212334347134856,1.3144542666806158237591262,-0.9427863198582953074833313,0.3875887297246871643352506,-1.3197655419664298115378642,1.0000000000000000000000000,2.2049059662393495351295769,-0.9348345957497545821723861,1.9621226228302990346463730,-0.2008931029064431883490727,-0.5730367911942602088259946,0.2109751816460117557205933,0.7660014142078757082288121
100 0.4335767120316269540580834,-0.0523205643553845689552872,-1.1239939097875744078436355,2.2411822953071363073718203,-1.5528042897199301197730392,1.1040034197239037005999762,1.8950946178585734713806232,1.0000000000000000000000000,2.3241076737128669726928365,-1.0309523115301628681805823,1.2372641946760691844531266,0.6996484289595186201182742,-0.0244168435526490590348203,0.4744604052959382478604766,-0.5336487924608588340191773
101 1.1949922470136584706779104,0.3960467343307318976997067,0.9093001218771230576010112,1.0615639029515737679076892,-1.4113664026783623306471327,-0.5465521338486774016729441,-1.5168046523443445838807975,1.0000000000000000000000000,0.9638283220550079022359569,-0.6046787010626133440638341,0.6686134104131606914478425,0.0969267073865532902132713,0.6102988420171737704578163,-0.7851711284317374195396155,0.0405551701197623959416205
102 -0.4457673499249883430906038,-1.6919099233825269923414680,1.2735331937076788122453763,1.5370588130275990579320933,0.8426479964915882803211389,-0.2087014915083051924682422,0.9643126304556215444563350,1.0000000000000000000000000,1.7951151443356045955823674,-0.1590360627069700438784849,1.6223284055000204428864663,0.6058520909940898757639616,0.4560752735466621632376416,0.4948831228683293059766868,0.4242959763830043695698180
103 0.9210969835081899148576667,-1.4951299489560208044736100,-1.9833085354020918433803899,1.2199234394365563449724732,2.1492034337465666382627205,0.8546968149138840509237980,-0.1647835593995563563396445,1.0000000000000000000000000,2.3684045041696824007715350,-0.7554806227107768723527670,1.8642444098017389997323789,0.6640543378237188099078026,0.0011775816464424382346010,0.4293550032176077779766388,0.6121131775474548675219921
104 1.4716578047477426594014105,-1.9266305206434941599269450,0.5868147665148470970564176,0.2333637339320795978103718,-2.7969528598366086846738199,1.6544908400414968241420866,-0.7236081056504550801378173,1.0000000000000000000000000,2.0843555613540898363567067,-1.0174008625343804457230590,1.8720156719305229842120752,-0.2602892079505920719384449,0.0395362290358543533308477,0.0311825643024444543183193,0.9642156532115937483951029
105 0.9485701976494591569633030,0.6528041599466485322977860,1.3454384069337512741526552,1.1245927266565116653396217,-1.1145470719465739861675502,0.9345165433812785416023416,0.1936706107895216355530010,1.0000000000000000000000000,1.1595431738736723392690919,-0.7979096460746318841827929,0.5722446198319858234881963,0.5368351697134225997132262,-0.5545198255655765517957434,-0.6343093956673890865261001,0.0443297534086704025924064
106 -1.1088164949032974782028305,0.3132739175140271115083124,-2.4809586378076455837060621,0.4946096800717570407535106,1.5613580082880140764700627,1.2452176541230186579412020,-0.4426992514951617607721346,1.0000000000000000000000000,2.4055016571861482788108333,-1.6134017366855244457468643,0.9648408721986305724982458,-0.3318354194022193892621431,0.6712887310111820271529837,-0.3591400301156267849123083,0.5570214806053340739211421
107 1.2303889062055373138093728,-0.2386760762947033320813262,1.2415341183774533106998206,1.4179100834298457023407991,-2.6719878737735505147554704,-0.9245716799269668717542459,0.7908357370979324230120255,1.0000000000000000000000000,1.0207319111006962764065520,-0.9359340650017027307683293,1.1327984270159119351006893,0.1135391011819839590657466,-0.2004318245983421620248777,0.8243516595325469653587902,-0.5170862899422347114253284
108 0.8816231045857887416161702,-1.2908284034644381677026104,-1.7039475023326080549423978,0.2992542718803762880064312,-2.3331238511484695408171319,-1.2662350108533284576139977,1.4589971973076449884842987,1.0000000000000000000000000,2.1635311125584029134927277,-0.4528877641984355717497124,1.8439024134686681222206062,0.7082414769912958041331308,0.2389877506309747712265334,-0.2683461170514822580202008,-0.6076734755769968021610339
109 0.0165657303480828410613412,-1.1649700279477841480257894,-0.0330083191765311312337872,1.7600572697455327819682225,-0.5445372835851913784210865,0.5550459863024737039438605,-1.5025105451585309968010051,1.0000000000000000000000000,2.3501890637231404035389914,-0.4941387689477277911365150,0.9737111150752075783287864,0.8367689924694300396268432,-0.0746435351458489826370624,-0.4894573437827826056789604,-0.2338275385445058307531951
110 -1.3811375890699935098382412,0.8936379531801859066320048,-3.0502037687048835223890819,2.4588081418093330476892788,-1.9894062276111945664069935,-0.3856183633876433258791394,-1.1926228333030004513659605,1.0000000000000000000000000,1.9350431278984310257129664,-1.2184067652627699196443700,1.6053421038268542719862353,-0.1254234351247250911498554,-0.7386308700911700109159597,-0.3576808261727392745932264,0.5574546022155583147039692
111 1.3148659575457304349299648,0.3288563195242808490093012,-2.5088218882350936667080532,1.3882848877563533918078065,-0.3666477017624525380767864,-0.5901569242184941943563103,-1.3606265321539841028908313,1.0000000000000000000000000,1.7313001293694179061333216,0.0219535792484315053774147,1.4408536599385792786875982,0.6923136526265144530256634,0.5446258111246526922855082,0.3793065504498481788075992,0.2832116418098509225131920
112 0.0882396009141372950068671,-1.3213722489990162856088318,-0.0141309398832154542446915,1.6016814667227123880621775,1.3859774266877114001772497,1.9967255593031549842919503,2.4039903115271545885889282,1.0000000000000000000000000,1.8200783334657701928449569,-0.3987126547424622025062035,1.3827073032474037628247743,-0.1144980884401202436695399,-0.8236653410096168581588927,0.5527975597241521210634119,0.0536505186595916949698903
113 -1.6698489264552438537947410,-1.5310507897949081623778511,-2.0895870726348078072476255,0.0920343518955792777580527,1.4798596051236891923963412,1.6575449893657858702056274,-0.6836442133945617172230413,1.0000000000000000000000000,1.7604883663184871522844333,-1.3563122618202534397369163,1.8732836397974703679381037,-0.1880713582339882949945320,0.2514314253190755854561189,-0.6300388656916022789289400,0.7102537339035273067366916
114 1.1793059174812685618860542,-1.0881004656325561352758768,2.9709389312807319427633956,2.5231312479493817058084915,-0.7546963803468722531420099,-0.6776980951830292587700910,1.8841186001212886225175680,1.0000000000000000000000000,1.9795937940667578391895631,-1.3445294164844088236066000,1.3776607424020057557356722,0.5264206264633835008481810,-0.2860338232784270795505677,-0.3217895790098011521429555,0.7331544094762801888620629
115 -0.9708351094783360668571959,-1.5996309152881758031128356,-1.3096316852785998552377578,0.1662421608493859226385325,-1.7611094203657049472866447,0.2124654799950511652184559,-2.0960481584291201784253644,1.0000000000000000000000000,1.7504216210640661799402551,-1.1063489062668434570468889,2.2275116804648336099603512,0.3167330658368077145325969,-0.7165401770266145442533912,0.3036138687925133972100866,0.5422791772908120977447766
116 -1.5354933236245087435634105,0.0521891667662139902006402,-1.5159483520405232503946991,1.0328945617409861501556634,1.0247860524262231152192726,1.1057288633436992419945000,1.3628245846171980204530882,1.0000000000000000000000000,1.7624332441221168821243737,-1.7366211888927378659275291,0.8618089525181684695809281,0.4470413291367888453109458,-0.0419569411424696447898697,-0.8822339067683816482556836,0.1416147612952887990811490
117 -0.1727663614970846861496057,-1.1302293296424807955702363,-1.2093238728071449283874017,0.1514257625590198497178562,2.3040904623517253213549338,-0.9913052024895445679675277,0.5193288291414868140805083,1.0000000000000000000000000,2.3060640826724441154738088,-1.0136178651151992458068207,1.9972203864886028945591079,0.8027549006450771518217380,-0.5145584406650662856463896,0.2220339677397608624254133,0.2037471447231173349301514
118 0.9616076771690158508931745,-1.3156421455678724008464542,0.9150289452119619859615796,0.4284866149902746834676748,-1.7461108133490714777735775,0.9573980078777664104450196,-0.1983714499899051908471392,1.0000000000000000000000000,1.6213047505389224234306766,-0.2840219777430892378333738,1.9438948192960014971220062,-0.2191859397448897295301862,-0.3824471404704451460432324,0.4739714075630306888697874,0.7622602533329129181893791
119 1.0175892291945709544620513,0.1433431703338134965974859,2.4989269667638396299480519,0.5777346067837133558597884,-0.6202014406021691961257147,1.0681132882999673228141546,-1.7422564297538514210827998,1.0000000000000000000000000,1.1206905182558228872835571,-0.2718760828764327230899767,1.4237872265786719605529242,0.2088670750036240031377588,-0.1439149124749302954828778,0.9663648872301578984789217,-0.0424240646851658867455548
120 1.3180814685198427582690783,-0.0565464511418465320957694,-2.5707213099250147969598856,0.5486214771990763905407107,-3.0517370881255425629774436,1.9189427034541473027218217,-1.9847975081018160992130106,1.0000000000000000000000000,1.2930511100893165021830100,-0.2534099160997100308456709,1.1769231121324428279706353,0.3541658566471337921122142,0.3775627897394299159472553,-0.8256919699813127788701195,0.2241507908676266536129873
121 -0.6795816592319299243030173,-0.5999251338089466312197828,1.7791048965438465145894043,1.7183305563499824408779659,0.3340147648849596251352523,-1.2586156885341468480987714,1.1085553434340074119290875,1.0000000000000000000000000,2.2358777456093137381287761,-0.2878350270540423472276359,1.5069575065925977508385358,0.9236287044031621373818552,0.2739316377847641481579899,0.2048771215567589121242520,0.1729010014621764346198773
122 -0.6047935202969687562557510,0.4553594744784570380602418,1.5618727365349300839625357,2.4950508515690690281019215,-0.0924984700239721568948426,-0.1276319359584998647250131,-0.3181405834952091282730180,1.0000000000000000000000000,1.5828614784686185767981215,-0.4400970164728823519340040,1.2478447938485031087907373,0.3310708210971952114576311,0.6026979823867678609516929,0.7155269942495227075696107,0.1231507847333550564883353
123 1.4520105443041129156256375,-2.0069630478471345291779926,2.3332917944899440598760521,1.2686149406668798533814879,0.5028954454734435586260588,-1.4828890932142875236365853,-2.1509231361606735433156246,1.0000000000000000000000000,1.7121186641016383767066600,-1.4578056538421277910089202,1.7974621933632488612886391,0.6106768356104492756486479,-0.2756383198461681560686998,0.7187755854501127750211253,0.1856253422411531239788474
124 1.1766307056899498739710452,-1.7625011121889113674399141,-1.5035526248145647532084013,1.3171288629375064171966869,-1.8693393282798769217123436,-0.9700347349969691279625295,-2.2473509319333131450946439,1.0000000000000000000000000,2.2316424022689567152610834,-0.4426303863030757179686248,1.6412730676634106341538200,0.6979711232190728420476944,0.5555430129397809224656157,0.3051497371096014710190047,0.3333014300536215612780211
125 -0.9981138163575473676303318,-0.6795812536694951777604956,0.8335780321614012500219815,0.1345857873319581954341118,1.7962514229906965113059414,-1.3751171658190193269888368,-0.6260987560465460788350356,1.0000000000000000000000000,2.6411681883121600478148139,-1.1812218867927954946139835,1.3804491165404551011874901,0.7810503513116241469660395,-0.1493851037530302960920636,-0.4482004926307797676443556,0.4083609330613017229794082
126 -0.9138885458343413148440959,-0.8894145131522854796912725,-0.1065664970388868759698653,0.7102165427320712431935590,2.8467358935148157073058428,1.6574126000435009942179931,1.7198350411061360532016806,1.0000000000000000000000000,2.4204823361783076585140861,-0.9188000470914918782483483,1.7775523919697151509211608,0.5591579546796083821647017,0.6194690694282353193855784,0.4461874981495141945231353,-0.3232877924520671797381510
127 -0.8425618602395990031084239,-0.1340022816411226003197044,0.0146349296325287703268714,1.9980747862104670797833705,1.8136885281115251444816749,1.9311220091381886554415814,-2.8712534403047773601258541,1.0000000000000000000000000,2.2136028577983872800416520,-0.6471086261172682707609738,0.8803836321657896313297442,0.3095213298481106489745684,0.0473341038919687373542899,0.5588212228054404429045121,0.7679014552599192633408620
128 -0.7688982174039197259318712,-0.8455144700699086524053882,-0.0797461585146774787347113,0.1645922993265987455124844,1.9509145866445800621136186,1.8546667173091981872801171,-0.6018402098858919302415416,1.0000000000000000000000000,2.2878792634750761969542054,-0.6182528067299121188327149,1.6461190507419483086692935,0.0885241312894821663626033,0.0896377762373685715857619,0.8324078521378039940969984,0.5396512767741680205446642
129 0.3685751654476083771783124,-0.0546411929520038697205564,-2.4145232486409451411191185,2.6165178628445220354592493,0.9991529329019375182951990,-0.4252669644775504131928301,-0.1594447852850167102189971,1.0000000000000000000000000,1.9232413689944602985804067,-1.1498428326648881814264769,1.5808954835104707115078781,0.2487737744286060426190943,0.2762968267481625272985468,0.6962122318067550663656107,-0.6140504869091212292175896
130 -0.3177155386746413068266293,-0.5250462763412138134100360,1.8803833013690507414139574,0.8245700440735416192339358,-1.0256346732073624572478820,1.8681983508151009942821474,-0.2532833496696702546557844,1.0000000000000000000000000,2.0184627032629323117873810,-0.2958049538549604728920883,1.2528613780062360927303189,0.4101663229328691429032006,-0.4093668323441818079899690,-0.6873889147225320517264890,-0.4378089220219776311893156
131 0.4197212709321256340899708,-1.4036694187040761327978089,-0.3326133136040625437601648,0.8111114190263259970947729,0.3064035092514951763575937,-0.7161284506747049860564402,0.3902900217470199883962323,1.0000000000000000000000000,2.1489033225570861596054328,-0.4657284567180501322347652,2.0301459370317984642895226,0.5059917659946084889099893,-0.4108443912193179281544531,0.4273830491847396273463744,0.6265147608466744566513285
132 -0.2819231881417187945970682,-1.3064874010782163704647019,1.9703000134157253597777526,1.9013554356337314388269988,0.0935739756070885775329771,0.4843217935409414032221775,2.4995323224126044792114953,1.0000000000000000000000000,1.3144063882036698398536601,-0.5072094160003799423463988,1.2400910263075235473451130,0.1512958553611189194132436,0.9299778461624980119282213,0.0277136875731199897043844,0.3338869861097931712734521
133 1.4269016127485349976211637,-1.9968160021751260035927089,-1.3665371754112705104944325,1.3027083081680852494343981,-0.9022550745761277468659500,1.6519012061222793086301408,0.0335947180169609005417897,1.0000000000000000000000000,2.2814334532748961059667181,-0.7808244543627398392970917,1.3275397677586440181585203,-0.3158651084268987441205923,0.5242465363683700418917510,0.0808416227670013809447624,0.7866748631050587414748065
134 -1.3390224925938909450451320,0.8275423220016726588710299,-1.8210220242234560483751693,-0.0412620763011565805378211,-2.7877634541489015873594326,-1.1139690301007436623592639,-2.8118109982129237955916778,1.0000000000000000000000000,2.1423066129830186099525235,-1.5670503642551967260487800,0.5024445831410376817061092,-0.4073544779674708737893241,0.7263110332438945659916385,-0.3146493207044899764746049,0.4555526439828873064286086
135 0.5912577375527812151290163,-1.0587030286778242871292832,1.0828225139958034262122055,2.2422558892892001658481149,-3.0022886083225204245650275,1.3394520552821949088695419,0.5682326646257345181822984,1.0000000000000000000000000,1.3460445381003645071160690,-0.3124614583067062412169435,1.3079769619979546568799833,-0.3500063624210804635872307,-0.7594626329131721753640250,0.3973890299655943869616692,0.3778782585520147896396281
136 -0.5729260873859811642461182,-1.5482255278254044572605608,1.7318249009385873193878069,1.4789313867729765306080481,-0.2113840237028821178455473,1.3558374340893584175660180,1.4519064368656398045231981,1.0000000000000000000000000,1.7006878689692623840556962,-0.3878241719185708258343936,1.2522563375128070717323681,-0.0571742336466014439144701,0.6275757749756276648867015,0.2867362734898030729446816,0.7215676319552957185265996
137 0.8958015131300283151460917,-1.2332796288767267078867462,-2.7744318418105979873189426,1.8707419642362470568741628,1.0185803133619861782221960,0.9297033569261126118021821,-0.2565750467626259911924080,1.0000000000000000000000000,2.2233798038289291909563872,-1.2195706111012434291751561,1.3734997828035120370770983,0.4273349912938178007948409,0.1702541559580564856091200,-0.2423272419466674376664628,0.8542093391157389303813829
138 0.3969761576120469648287781,0.7572345364821306823444047,-1.5971722969049695350918228,2.4051525536585378617360220,-2.0019496190859702444697632,1.5990620211789510207722742,-1.9487645725988618217172643,1.0000000000000000000000000,2.3059175193617944543689191,-0.6938548837365582366842887,1.2659393320375813551947886,-0.3451454426777735284836979,-0.3815539865169525479693391,0.2593956404316052899439171,0.8173144080111980347425060
139 -0.7717038212648945627591957,-0.3826031254863377917274647,-0.9078966760420317250179778,1.1370414796131853574223669,1.4587528486520762172062859,1.7190905543181007608666278,0.8584545873550024630560529,1.0000000000000000000000000,2.4480061509046326939653682,-1.0204445626530134205722788,0.8778235336958755130609688,0.7022094056230188119371860,0.5868530502447187879866419,-0.3256032429208159939548750,0.2376677022572457609328467
140 -1.0964432897285867340997356,0.6431575877676523056436508,2.8066663105188984772553340,2.5444143758688189116412559,-0.3109099099514587294379453,-0.1522341493453454042139583,0.7378941418579283428869076,1.0000000000000000000000000,2.0032373952809008343933783,-0.8456830511757184032362034,1.6618178543477968300834391,0.6625598965202271761754105,0.2136646349327266380946355,0.7171937211426794300805909,-0.0315087278660237807281774
141 -1.3701556816686208950528680,-1.5575664077077835401041739,0.8020533844535333578562586,0.8301796428245395986778021,1.0393650796769025035359846,1.2912515411917868668467690,0.2576378518792976635154446,1.0000000000000000000000000,2.2852903148225860441300483,-0.5827898906955938373997128,1.7172914210578662519424142,0.3389495967396497499990460,0.3357382211651802617069507,0.4676938310734033432680690,0.7440788605413437561963974
142 -1.1015121475197950928759383,0.5415235256108101857819292,-2.1038940526658356233724589,1.7854164444279931878156731,-2.0771355229169761180685327,-0.4025503479561673980668957,0.9412819584395188954317746,1.0000000000000000000000000,1.8897961117303547773360606,-1.6795440523320879222524127,1.3294867170059074812371591,0.4715566697655916295062184,-0.8648775376249552282459376,0.1124410084040164958807395,0.1302919913417101005492782
143 -0.3041925691430935607684205,-1.2238068904489307620053751,2.3936054255251262290471459,1.1390914050364360221578863,0.9292674396858866536774713,-0.3710464778423507858917674,-2.2471367390510330608321965,1.0000000000000000000000000,1.4576393842745547502204317,-0.5123015332468621174655254,1.9854754565781100872357001,0.1669820889887809745033564,-0.4310317057319507094703681,0.7332869190216064758658376,0.4986148876406326646559819
144 0.8297074218604612028116208,0.6955759992723242746137657,1.7591077574704554464801731,1.6606220148758130683575018,-2.9301183729856825621595817,-1.3662283125475283007688176,-2.0646055726267427132825105,1.0000000000000000000000000,1.2964943067616532257346762,-0.7688758541979379135256067,1.2841447430513555083564370,0.4927290735776425067982132,-0.7126611908409297146960171,0.1059941914311647581659059,0.4879498896541893393496991
145 -1.0817136150959911766733512,-0.1861148848380496101384551,-1.3250770475514728197197201,1.5068336177881962445468389,-1.6221088947109454370121284,-0.3231562561857186377523021,1.5934109201619452989007186,1.0000000000000000000000000,2.0468060974115434014208859,-1.7635824323669488933319371,0.9803869758607857143317688,-0.2508569749452174146853167,0.5982826169017162465380011,-0.4474538725709616970860338,0.6155579232570324021978081
146 -1.5898304452142988374419019,-1.0210196605194448160602860,2.8659293326321231276665458,0.0384384864011958482521436,-2.3489612815249532040695613,0.5381935698037580984021133,2.8638797739813481868509371,1.0000000000000000000000000,2.3145356018129485953238600,-1.3228777047501432129195109,2.0100171697468418585685868,0.9345012727550268127885147,-0.2318127106773555379248819,0.2606109144898653418032097,0.0710632486139237823374870
147 1.3180898379169923018139343,0.0754649419106847574312269,1.4061824879096915807963342,1.4869744511362976702173455,-2.2481580525586188912257057,0.2469921585730598945218617,-0.0058508823909102503080248,1.0000000000000000000000000,0.8573791644941592959838772,-0.8488380080424143825368333,0.9562960351309125472951678,0.1153563448415994563411857,0.3397947823641747633338639,-0.9117725139874219841829017,0.1997525182495862305920298
148 -0.3917602577064078772650646,0.5637104649286301949473454,2.4704702238557416649200604,2.4506197818427435386468005,0.5656476952157207804816608,-0.0565888087748691592793193,-1.4896632313507902622973234,1.0000000000000000000000000,1.7722945649866015394024998,-0.5721254296562512386969956,1.6064399011641585790499676,0.4924079360201955024578524,0.0673008668241798918563390,0.8587937521306873156490269,0.1244032928569614865343951
149 0.5752228299985024939644518,-1.6530085112601557995049006,-0.5508783418454510361073062,2.0096126180177615871969010,-0.1300854093027701274820629,-1.0679046554487667819444141,-1.2560668396759158138564771,1.0000000000000000000000000,2.2115767014504741361236029,-0.3858834662871185039456634,1.5979332725461976583147816,-0.4125734426958560518983177,-0.4947686732276379562023294,0.1390808218052387024155081,0.7520913574496805864555427
150 0.2102220572082407201719434,-0.0670910580251788957184544,0.5672087787825792482010456,0.3790719665759577639008171,2.6199675552132388745008029,1.7883210449298565514197890,-2.2272191114696764380198601,1.0000000000000000000000000,2.1278315328591559385529308,-0.2019001916718003442063889,1.3738656491541330062489124,0.6361765674822628113815881,-0.3310382771806530399771873,0.5897757834460437553758538,0.3712889076804108956508799
151 -1.6554834561001496862076010,-1.7169561398876624913611977,2.5285567341868686597194937,1.9799467603480194188847463,0.6081337154978578851682869,-1.1009522024331384049133931,1.4465525293105994109055246,1.0000000000000000000000000,1.8852774158444083330010699,-0.2920050132753216343139968,1.4695738335193944124057452,0.7524509539639055999415973,0.3158782160823047635567207,0.4430912149544655731503440,0.3710882717809975139822143
152 0.2050423148098845516074107,-1.9177198442317169302384627,-0.0945170247226192472567163,1.1206158780691286569464182,-1.4330458595911255148536156,1.0788058033770253629768376,-1.5184221983372339082052349,1.0000000000000000000000000,2.2738798266485567012296087,-0.8004209981486981595466546,1.8713524488948070079175068,0.9094618155705929130050436,-0.0593211706644594660708947,0.1423718969821929913877057,-0.3861196547417342639363369
153 -0.4430472974362751337196187,-0.3102321787333264246910858,-2.0085067002093186516731294,0.3338203430081811973195727,2.2438130486341254510307408,0.5095406991461755019656721,0.3923736845447560739330584,1.0000000000000000000000000,2.8382760402127402699079539,-0.7875273566686323833963002,1.4297939332759028729924466,0.3435877574637830056403232,0.0604421386191844600688228,0.0735590347115099574271113,0.9342810557148456540588199
154 -1.4054548986367310092759908,0.6141229815646651601923622,-1.9680027121710792492592645,1.5229848735430204786922559,2.9323510654155873211834660,-1.2860489364046006066644168,2.2666831813984007482076777,1.0000000000000000000000000,1.7264673985842888814801199,-1.4965286045823436023027853,1.3498517513265411160716667,0.0672765481194555620136910,-0.8375505206179619799300440,0.3042211271589696508499401,0.4488098300199508949859251
155 -0.1103530854511716174926050,-0.4309756965003790352142232,1.9076077390648347176238531,0.5774117632803560384857633,-0.8266512889329584723441258,0.5310325971108547093990637,-2.2795083363393828790322004,1.0000000000000000000000000,2.0702328060443542234736469,0.0059206039138076649308573,1.5641181076119152759673625,-0.4491387199547812181243955,-0.5666795151021480902997496,0.4832802057563737041512297,0.4935450356633663271388457
156 -0.6554520660037923551755057,-0.0872799733831914892334680,-0.8692319483684460834638230,2.1643142669677337686096052,-2.9491949094702465394846058,0.8109957390734687798783398,-2.7101403655638640621816648,1.0000000000000000000000000,2.1632541967186886822105407,-1.4566422795353399788353954,0.7757152384761015762038028,-0.1728299577591418945132773,0.3985266090286374573992134,-0.4092403893041610674075059,0.8023880127341151968778377
157 -0.8442221229566593265758456,-0.7695030301690579666029635,-0.2245750774666248616995290,1.5168367024338040849329445,-1.5353295162349611668872740,1.1246803239214164804593565,0.8284798170800691252679826,1.0000000000000000000000000,2.4272687106359533970589837,-1.4036835900333668458728198,1.0726526229653587929391279,-0.4572248936917202577490116,0.4976047526041568191956799,-0.4568517438114269024751479,0.5784628653074205262285545
158 1.3372774883439824122888240,-0.7056802979319727331386503,-1.2101348302442200832729213,2.2022395067458222506218135,2.6127388559681081758867549,-1.3569752551019222952533028,0.5975664060639989116907600,1.0000000000000000000000000,2.0513267399531871504336777,-0.8174994582362240524986419,1.1337053844695523796559655,0.5908990325964241785428044,-0.3485653263840078897040087,-0.4199953838836401609491134,0.5940893716483711672893264
159 -1.1856943158854043041117166,-1.7627882902993763369892122,1.4825393683376866249545856,1.7379102548621174761933617,2.4253088136624123549722754,-0.9776293191126133041990443,-1.2028155615952869084139820,1.0000000000000000000000000,2.2389752998176652987183388,-0.5149576727572544587729908,1.2804728951873123321547610,0.2785284683012366202525811,0.3145127123826741977197230,-0.0494140064213275803650660,0.9061234938286543139085438
160 0.4902531981932143345659370,-0.4080650708428887885048653,-0.7987257266052130155742361,2.1539420575182615102960426,1.0918857647072925942666188,-1.3413437549580971008822416,-1.3167521896407718973165402,1.0000000000000000000000000,2.4071438520671470939760184,-0.7614247151957680426193065,1.1035838362441707793948353,0.7408957443975806578251309,0.0619842690290808850939186,0.2005082051401734233309071,-0.6379856451990009169605855
161 0.4939421118110045583193823,0.2855625015145926148818489,-1.3751211745599525304584176,2.3201240456989613569760422,0.2312275224962396791283936,1.0468977206423675241353521,2.5647784930662158586756050,1.0000000000000000000000000,1.9525937910877448899782394,-1.1671292444140917154982162,1.1190870965399770664561174,0.1796041078693270676147620,-0.4377651960320435575724218,-0.7496592867799400927708575,0.4627233125228918941829193
162 -0.7272198430759412302037958,-1.4120750793409881929107996,-1.7438822096504829062268982,0.6211428028676392321116850,2.1259082228089258848058307,0.8723018369868213994777761,-1.7689012790331157809475826,1.0000000000000000000000000,2.1745802482821514622912673,-1.2348707701212067178175857,2.0536731570261985702074981,-0.4594846666504740495540204,-0.2682694941655397458113441,-0.2170981557635665026850802,0.8183956842151880461955216
1296
2 0
4 2
5 3
6 2
7 2
7 6
8 3
8 5
8 2
8 7
8 6
9 8
9 3
9 5
9 2
9 7
10 4
10 1
11 6
11 2
11 7
11 0
11 8
11 9
12 9
12 8
12 11
13 12
13 9
13 8
14 11
14 7
14 2
14 6
14 8
14 0
14 9
15 13
15 12
15 9
15 8
15 5
15 2
16 13
16 12
16 15
16 9
16 8
17 16
17 12
17 13
17 15
17 11
17 10
18 0
18 2
18 6
18 17
18 8
18 16
18 15
18 11
18 9
19 4
19 10
19 12
19 16
19 13
20 17
20 18
20 0
20 16
20 12
20 13
20 15
21 8
21 9
21 3
21 2
21 18
21 15
21 5
21 6
22 0
22 20
22 18
22 17
22 15
22 16
22 21
22 12
23 9
23 3
23 5
23 21
23 8
23 15
24 4
24 19
24 10
25 18
25 0
25 2
25 21
25 6
25 20
25 22
25 8
25 9
25 15
26 2
26 6
26 11
26 7
26 25
26 18
26 14
26 21
26 8
26 0
27 11
27 2
27 6
27 14
27 26
27 8
27 18
27 21
28 27
28 2
28 8
28 11
28 21
28 6
28 9
28 18
28 22
29 10
29 4
29 19
29 24
29 17
29 20
30 24
30 19
31 27
31 28
31 11
31 18
31 0
31 20
31 22
31 25
32 14
32 28
32 11
32 2
32 6
32 26
32 8
32 21
33 3
33 23
34 17
34 20
34 22
34 18
35 2
35 32
35 14
35 26
35 18
36 18
36 20
36 25
36 17
36 22
37 21
37 8
37 9
37 28
37 18
37 25
38 21
38 2
38 18
38 25
38 28
38 6
38 8
39 6
39 2
39 27
39 11
39 32
39 28
39 14
39 26
40 39
40 35
40 6
40 2
40 27
40 11
40 32
40 28
40 26
41 33
41 3
41 23
41 9
41 8
42 37
42 22
42 28
42 8
42 21
42 9
42 15
42 18
42 20
43 8
43 21
43 9
43 22
44 20
44 17
44 16
44 13
44 12
44 18
44 22
44 15
44 25
45 26
45 14
46 10
46 19
46 24
47 45
47 26
47 21
48 44
48 46
48 20
48 17
48 16
49 19
50 45
50 8
50 24
50 21
50 47
50 9
50 43
50 23
51 19
51 10
51 24
51 49
51 46
51 48
51 43
51 16
52 15
52 25
52 23
52 12
52 21
52 9
52 13
52 16
52 8
52 44
52 18
53 51
53 19
53 49
53 10
53 46
54 10
54 43
54 19
54 51
54 24
54 18
54 22
55 25
55 18
55 22
55 20
55 21
55 15
55 17
56 53
56 54
56 51
56 10
56 46
57 52
57 55
57 23
57 25
57 15
57 21
57 9
57 18
57 22
58 49
58 20
58 17
58 51
58 16
58 13
59 58
60 26
60 45
60 47
60 11
60 14
60 21
61 21
61 8
61 23
61 9
61 26
61 45
62 10
62 51
62 19
62 54
62 24
62 56
62 58
62 46
63 11
63 14
63 26
63 45
64 20
64 17
64 22
64 44
64 18
64 58
64 55
64 16
64 59
64 25
65 15
65 23
65 9
65 43
65 8
66 59
66 49
66 58
67 54
67 58
67 62
67 59
67 20
67 51
67 10
68 61
68 23
68 21
68 8
68 9
68 25
68 50
68 57
68 60
69 58
69 51
69 67
69 19
69 62
69 49
69 10
69 59
69 64
69 20
69 16
70 9
70 23
70 15
70 8
70 43
70 68
70 12
70 21
70 13
71 44
71 64
71 17
71 20
71 48
71 18
71 55
71 16
71 22
71 69
72 50
72 43
72 45
72 14
72 8
72 60
72 21
73 10
73 54
73 62
73 67
73 17
73 64
73 20
73 69
73 58
74 45
74 63
74 47
74 60
74 26
74 14
74 11
75 70
75 23
75 59
75 9
75 43
75 65
75 66
75 15
75 8
76 74
76 47
76 54
76 60
77 50
77 68
77 75
77 23
77 21
77 8
77 70
77 9
77 43
78 18
78 74
78 63
78 54
78 25
79 66
79 48
80 64
80 71
80 20
80 17
80 44
80 55
80 22
80 58
80 16
80 18
80 13
81 75
81 59
81 70
81 77
81 66
82 49
82 69
82 81
82 58
82 59
82 66
82 51
82 13
82 15
82 65
82 75
82 16
83 64
83 80
83 54
83 18
83 58
83 59
83 22
83 20
83 78
84 59
84 58
84 49
84 67
84 54
84 56
84 51
85 26
85 25
85 11
85 18
85 60
85 21
86 72
86 50
86 77
86 43
86 8
86 21
86 45
87 55
87 57
87 22
87 52
87 80
87 64
87 25
87 18
87 44
87 20
88 46
88 73
88 78
88 83
88 10
88 48
89 17
89 20
89 16
89 69
89 58
89 44
89 12
89 48
89 64
89 13
89 51
89 19
90 59
90 22
90 64
90 58
90 43
90 20
90 89
90 15
90 16
90 83
90 84
91 9
91 43
91 8
91 23
91 21
91 70
91 15
91 65
92 8
92 21
92 9
92 43
92 91
92 23
92 61
93 59
93 90
93 81
93 43
93 84
93 75
93 19
93 51
93 70
93 23
94 84
94 93
94 51
94 90
94 59
94 62
94 69
94 58
94 49
94 19
95 51
95 19
95 62
95 84
95 69
95 94
95 10
95 53
95 56
95 58
95 54
96 76
96 54
96 56
96 93
96 84
96 59
96 74
96 78
96 83
97 84
97 59
97 93
97 81
97 90
97 49
97 75
97 58
97 43
97 66
97 94
97 51
98 85
98 18
98 25
98 89
98 20
98 44
98 48
98 26
98 90
99 77
99 72
99 50
99 86
99 43
99 21
99 92
99 68
99 76
99 8
99 45
99 74
100 49
100 58
100 66
100 59
100 97
100 84
100 82
100 65
100 69
102 25
102 21
102 68
102 57
102 18
102 15
102 23
102 9
102 55
102 52
102 8
103 73
103 64
103 89
103 83
103 20
103 17
103 98
103 71
103 67
103 44
103 18
103 88
104 97
104 43
104 90
104 54
104 67
105 101
106 88
106 83
106 96
106 103
106 73
106 10
106 48
106 54
106 64
106 89
106 58
106 59
107 75
107 70
107 9
107 23
107 65
108 82
108 49
108 97
108 51
108 69
108 81
108 90
108 58
108 100
108 75
108 93
108 59
108 19
109 97
109 24
109 54
109 43
109 67
109 56
109 93
109 90
110 53
110 56
110 97
110 95
110 84
110 51
110 94
110 49
110 69
110 59
110 93
110 19
110 109
111 51
111 19
111 62
111 69
111 95
111 10
111 24
111 89
111 58
111 84
111 46
111 56
112 55
112 80
112 64
112 22
112 20
112 87
112 18
112 17
112 25
112 15
113 106
113 54
113 96
113 103
113 90
113 73
113 88
113 93
113 98
115 94
115 97
115 109
115 93
115 84
115 54
115 95
115 96
115 19
115 51
115 56
115 90
116 106
116 83
116 64
116 59
116 66
116 80
116 113
116 79
116 112
116 48
117 98
117 44
117 48
117 89
117 103
117 90
117 20
117 85
117 17
117 16
117 64
117 12
117 18
118 43
118 97
118 109
118 107
118 90
118 65
119 72
119 43
119 86
119 14
119 118
119 92
119 99
119 8
120 95
120 84
120 94
120 62
120 115
120 54
120 111
120 104
120 67
120 51
120 97
120 56
120 49
121 68
121 23
121 21
121 102
121 9
121 8
121 61
121 70
121 15
121 81
122 21
122 8
122 23
122 68
122 121
122 61
122 92
122 9
122 77
122 50
123 50
124 24
124 19
124 115
124 95
124 111
124 62
124 109
124 51
124 84
124 69
124 97
125 60
125 85
125 98
125 117
125 26
125 93
125 102
125 121
125 43
125 68
126 87
126 55
126 22
126 112
126 18
126 64
126 20
126 116
126 17
126 80
126 25
126 44
127 78
127 74
127 96
127 76
127 88
127 54
127 109
128 113
128 22
128 18
128 96
128 126
128 83
128 78
128 54
128 106
129 69
129 111
129 89
129 46
129 48
129 103
129 88
129 58
129 51
129 83
129 10
129 106
129 59
130 43
130 118
130 119
130 99
130 91
130 92
130 109
130 122
130 72
131 90
131 59
131 93
131 98
131 102
131 89
131 12
131 16
131 117
131 15
131 13
131 19
131 43
131 97
131 109
132 57
132 102
132 15
132 23
132 91
132 121
132 55
132 9
132 65
132 21
132 112
133 67
133 58
133 90
133 84
133 54
133 69
133 118
133 83
133 109
133 59
133 97
133 104
133 64
133 131
134 53
134 115
134 110
134 56
134 124
134 94
134 97
134 76
134 93
134 84
135 65
135 118
135 107
135 130
135 97
135 109
135 86
135 133
136 132
136 102
136 65
136 91
136 130
136 57
136 43
136 55
136 112
136 21
136 25
136 15
137 103
137 67
137 69
137 83
137 129
137 73
137 58
137 64
137 89
137 62
137 133
137 10
137 111
137 88
137 106
138 56
138 84
138 120
138 53
138 110
138 95
138 109
138 111
138 97
138 67
138 54
138 62
139 116
139 83
139 64
139 126
139 128
139 112
139 106
139 55
139 20
139 59
140 122
140 21
140 23
140 92
140 61
140 68
140 121
140 8
140 9
140 99
141 128
141 102
141 136
141 18
141 139
141 25
141 43
141 22
141 59
141 126
141 90
141 55
142 49
142 97
142 110
142 81
142 100
142 82
142 84
142 59
142 66
142 93
142 108
142 51
142 58
142 116
142 69
143 60
143 74
143 45
143 50
143 26
143 85
143 99
143 47
143 125
143 119
143 14
144 86
144 50
144 77
144 72
144 107
144 119
144 122
144 99
144 118
145 142
145 81
145 97
145 59
145 100
145 66
145 49
145 82
145 93
145 84
145 108
145 75
145 116
146 91
146 75
146 70
146 65
146 136
146 132
146 57
146 130
146 23
146 140
146 121
147 107
147 105
147 101
147 118
147 135
147 130
147 144
147 9
147 119
147 86
148 122
148 45
148 50
148 21
148 47
148 61
148 143
148 99
148 140
148 92
148 8
149 24
149 109
149 131
149 124
149 19
149 98
149 59
149 111
149 129
149 90
149 97
149 69
150 63
150 74
150 128
150 11
150 14
151 68
151 121
151 57
151 102
151 52
151 132
151 23
151 140
151 21
151 136
151 70
151 9
151 61
151 25
152 109
152 118
152 115
152 84
152 97
152 54
152 133
152 149
152 124
152 59
152 67
152 130
152 90
153 106
153 117
153 139
153 103
153 116
153 48
153 89
153 113
153 64
153 17
153 44
153 128
153 83
153 98
154 48
154 79
154 153
154 117
154 44
154 116
154 71
154 89
154 129
154 126
154 139
154 87
154 17
154 64
154 106
155 72
155 119
155 99
155 143
155 86
155 43
155 130
155 109
155 50
155 76
155 148
155 152
155 118
156 138
156 53
156 56
156 115
156 84
156 152
156 109
156 134
156 110
156 97
156 120
156 124
157 97
157 59
157 84
157 145
157 100
157 65
157 135
157 136
157 66
157 93
157 118
157 130
157 109
158 89
158 48
158 98
158 117
158 129
158 44
158 16
158 20
158 103
158 46
158 17
158 85
158 71
158 12
158 131
159 85
159 125
159 26
159 143
159 60
159 98
159 25
159 47
159 102
159 68
159 74
159 18
160 149
160 24
160 129
160 98
160 19
160 46
160 131
160 158
160 111
160 89
160 48
161 100
161 58
161 79
161 80
161 66
161 64
161 116
161 59
161 49
161 139
162 113
162 128
162 103
162 106
162 153
162 73
162 54
162 88
162 83
162 98
162 137
162 127
162 150
162 78
162 117
