181
0 -0.3557714747180557579575577,0.7088757797594413823105697,-1.2602914727091076851905882,2.0442818395666852993031171,-2.3633488965864124509153044,1.7896896047935308970977530,1.6678996030233024239208817,1.0000000000000000000000000,1.5038086761505384814086028,-0.3163059565314585430684247,0.9574699183984053396656577,0.0000000000000000000000000,0.0000000000000000000000000,0.0000000000000000000000000,1.0000000000000000000000000
1 -1.3599579994347159583867324,-0.3260416499754252295240065,-0.5181737095679690430216624,1.3642960731591027290221518,1.8335927329874726066094581,1.9911131153307448649059097,0.6317282264112243916898137,1.0000000000000000000000000,1.5038086761505384814086028,-0.3163059565314585430684247,0.9574699183984053396656577,0.0000000000000000000000000,0.0000000000000000000000000,0.0000000000000000000000000,1.0000000000000000000000000
2 -1.4110448299882083489364959,-0.1727187012371035335078773,-0.0691384264868942083337444,0.7768669922924075210701744,-0.7654966936217493245209198,-0.8027057192766600124400611,-2.4709590707427793176975683,1.0000000000000000000000000,1.7415914367845242161081387,-0.0259053737511418247230210,0.9550598811754303918419851,0.0000000000000000000000000,0.0000000000000000000000000,0.0000000000000000000000000,1.0000000000000000000000000
3 -1.3182852348170515099923250,-0.0165660307828227500170915,-0.4891929335333016770626102,0.5396201304889146621590612,-0.6186420821420649529542857,-0.8943795631147826163953596,-2.1637829665513290677836267,1.0000000000000000000000000,1.7415914367845242161081387,-0.0259053737511418247230210,0.9550598811754303918419851,0.0000000000000000000000000,0.0000000000000000000000000,0.0000000000000000000000000,1.0000000000000000000000000
4 -0.9833677883810454378732402,-0.1817970714485268590721034,-0.2985925542418221834140013,0.8886938216608337715030075,-2.6961853581397590140511511,0.6613262280176051000069037,-0.0514392242044808892242891,1.0000000000000000000000000,1.6612731362279844482543467,0.0373204086149671043770581,0.9553150542268133982304334,0.0000000000000000000000000,0.0000000000000000000000000,0.0000000000000000000000000,1.0000000000000000000000000
5 -0.8725838773868564990365826,-0.0379266997011615467072509,-0.4135099638947464240068541,0.5881792569792951841378681,-1.8822563430139493956261276,0.6485348912647621588689617,-0.6684409538055376964749144,1.0000000000000000000000000,1.6612731362279844482543467,0.0373204086149671043770581,0.9553150542268133982304334,0.0000000000000000000000000,0.0000000000000000000000000,0.0000000000000000000000000,1.0000000000000000000000000
6 0.2399996164750504701324019,-0.4396366083755264275723107,-0.3900355841163907211210926,2.4871482647451568226415475,-1.6100203989827528427980496,1.1971153245294070543991438,0.4335436157555594971491075,1.0000000000000000000000000,1.3417784416078490927759503,-0.4858123278179263260234677,0.9582300454579433246493636,0.0000000000000000000000000,0.0000000000000000000000000,0.0000000000000000000000000,1.0000000000000000000000000
7 0.3192598023904334447742315,-0.3779223085121590219870313,-0.5216554426653365883481683,2.4993650185604541213990615,1.4500316164622364389913400,-1.0828011257493872498969267,-2.6420952363565262110967069,1.0000000000000000000000000,1.3417784416078490927759503,-0.4858123278179263260234677,0.9582300454579433246493636,0.0000000000000000000000000,0.0000000000000000000000000,0.0000000000000000000000000,1.0000000000000000000000000
8 -0.3248363435087882611362886,0.3066272187522177672391877,-1.3308377212156972113632492,1.5209625271627547071773279,0.5201372397324601770662866,-0.8511832805123101808320030,-1.8914680789703572916238272,1.0000000000000000000000000,1.5544623219428874705272392,-0.0812285741238056857582706,0.9585096764371309197017013,0.0000000000000000000000000,0.0000000000000000000000000,0.0000000000000000000000000,1.0000000000000000000000000
9 -0.5032680202363168930901338,0.7282327268097241734778891,-2.4520611197819905946460040,0.8139883858483871748035199,-2.0843162576659706175519204,-1.0185642573137601019084286,1.6136282528237957389904977,1.0000000000000000000000000,1.5544623219428874705272392,-0.0812285741238056857582706,0.9585096764371309197017013,0.0000000000000000000000000,0.0000000000000000000000000,0.0000000000000000000000000,1.0000000000000000000000000
10 -0.1088991727760429406579590,-0.4223350941099919264587470,-1.7198925936986944051909632,0.7938767537427251497206271,-1.5591034497189542040729293,-0.4049051124159737113927804,-0.2050909483503667030124262,1.0000000000000000000000000,1.1483456829555080958016333,0.0786858986311992220086253,1.4866525193614199551461752,0.0000000000000000000000000,0.0000000000000000000000000,0.0000000000000000000000000,1.0000000000000000000000000
11 -1.1867523136470488065441486,-0.2363285742126778610217031,2.2092432484948321125273196,0.5810530543062989439206945,-1.3836412702159182064320930,0.6312046417180470214702837,2.6283093016631986493791828,1.0000000000000000000000000,1.1483456829555080958016333,0.0786858986311992220086253,1.4866525193614199551461752,0.0000000000000000000000000,0.0000000000000000000000000,0.0000000000000000000000000,1.0000000000000000000000000
12 0.1648745788648618149085934,-0.6986256462884841145211112,-0.7703736191412773326447905,1.4263844611023399622240504,-0.2265321858793541420773465,-0.6652775843000400257665206,-2.3890999157344663395008411,1.0000000000000000000000000,0.7723447650309395173806593,-0.0644909200000068766334138,1.1961727872473060241276244,0.0000000000000000000000000,0.0000000000000000000000000,0.0000000000000000000000000,1.0000000000000000000000000
13 -1.0733261999517074158916330,0.2368167944866497731659649,1.8844763388070706611188143,1.3738195603350982221257937,-2.6979200763709196841944049,0.3576808787685263890665510,-2.3465222997266343973876701,1.0000000000000000000000000,0.7723447650309395173806593,-0.0644909200000068766334138,1.1961727872473060241276244,0.0000000000000000000000000,0.0000000000000000000000000,0.0000000000000000000000000,1.0000000000000000000000000
14 -0.0229752025126621975403829,-0.9703147013424269218262452,-0.3826806055661415295610084,1.3910869806662407022201933,-1.7293496081606887226911340,0.8039406038839094215120440,-1.0331234618820257509241856,1.0000000000000000000000000,1.0417899232319509650324107,-0.0437632769922554829000738,1.3044453556670085880853094,0.0000000000000000000000000,0.0000000000000000000000000,0.0000000000000000000000000,1.0000000000000000000000000
15 -0.1775719239672486071679458,0.6558449088891850076166179,-2.7880365092159040685260152,1.6452277871344074267057067,-0.5187829838986134367573300,-0.9075826236082159548246295,0.0401808233636574696490129,1.0000000000000000000000000,1.0417899232319509650324107,-0.0437632769922554829000738,1.3044453556670085880853094,0.0000000000000000000000000,0.0000000000000000000000000,0.0000000000000000000000000,1.0000000000000000000000000
16 -1.1269866218287505343909061,0.3556406467548126060229663,2.7147077235246861448558775,0.6771722388435185147059769,-1.3801554553277204373529230,0.8819158942820113367133672,1.9206188800487833390207015,1.0000000000000000000000000,1.1441207166733782241152539,0.0758032414297588191809396,1.2048596780304143827322605,0.0000000000000000000000000,0.0000000000000000000000000,0.0000000000000000000000000,1.0000000000000000000000000
17 -0.0939444444592460736753736,-0.5277777567415864456989993,-0.7661548221386471624327896,1.0803477454052987649646411,-1.5976337972570739953681596,0.4634833580178596701415472,-0.8016774029791897682173385,1.0000000000000000000000000,1.1441207166733782241152539,0.0758032414297588191809396,1.2048596780304143827322605,0.0000000000000000000000000,0.0000000000000000000000000,0.0000000000000000000000000,1.0000000000000000000000000
18 -1.2142395080584411637403264,-0.5345925712931781648151741,1.3669735269424005963401214,1.3698953518893448588755746,0.5149242745085695904805334,-0.9307248796945087887522163,1.6602814666565828272126737,1.0000000000000000000000000,1.0735426008810953213412631,0.0097577627421160106901965,1.3221965147518535133031037,0.0000000000000000000000000,0.0000000000000000000000000,0.0000000000000000000000000,1.0000000000000000000000000
19 -1.1532783235232502150324763,0.3909090301377231013724156,2.6507356169811364665633846,1.2079858293306398042687988,-1.8417951234659906134538687,0.8110622820961577161824607,2.6157258466355530757141423,1.0000000000000000000000000,1.0735426008810953213412631,0.0097577627421160106901965,1.3221965147518535133031037,0.0000000000000000000000000,0.0000000000000000000000000,0.0000000000000000000000000,1.0000000000000000000000000
20 -0.6566483416003175976882744,0.2926250976615480947629067,2.7213566480527617841289612,0.9114088006704823552439620,-2.1379033473807078635786638,0.6047523823123204245177931,2.6962392617589747700890257,1.0000000000000000000000000,0.7563402901479696627262683,0.0029318728265035343127920,1.3149664876120938927783754,0.0000000000000000000000000,0.0000000000000000000000000,0.0000000000000000000000000,1.0000000000000000000000000
21 0.2980226228437791169412208,-0.1633203488106313161498662,-1.6696193484961399100541257,0.7756474050791904994994752,-2.4836572453057450537983186,-0.2831880682069751742346853,0.8522222918195818675002329,1.0000000000000000000000000,0.7563402901479696627262683,0.0029318728265035343127920,1.3149664876120938927783754,0.0000000000000000000000000,0.0000000000000000000000000,0.0000000000000000000000000,1.0000000000000000000000000
22 -0.6007708704631494756043253,0.2554623408844242660187263,3.0527088278749863192729208,0.8008935985365096543731056,-1.8608716822193853701605804,1.0013954020111799358971894,2.2300949216466343649756254,1.0000000000000000000000000,0.7629430469232346689878455,-0.0611575094569276611622399,1.3393463935420597543668464,0.0000000000000000000000000,0.0000000000000000000000000,0.0000000000000000000000000,1.0000000000000000000000000
23 -0.3714878711305926728414306,-0.7009550087963166697946349,0.7067307524602670643076863,0.8152730224264317371307698,1.0676332995615032128711164,-0.9096302818086139385655997,1.5500944717972593434041073,1.0000000000000000000000000,0.7479102724454879114190931,-0.0514523535973636231277695,1.3757327227740234754094217,0.0000000000000000000000000,0.0000000000000000000000000,0.0000000000000000000000000,1.0000000000000000000000000
24 0.3966788742703549197621271,0.0158624051367480256580222,-1.9978776970877958341077374,1.0048028567056301874060864,-1.8818672926893014185623088,-0.4066961188366153834294892,0.5311610133669248945409436,1.0000000000000000000000000,0.7773232053021542631299212,-0.0440731356172231747425627,1.3320242033256330937973644,0.0000000000000000000000000,0.0000000000000000000000000,0.0000000000000000000000000,1.0000000000000000000000000
25 -0.2187794956430155757232114,-0.5048728535434849895580101,-1.0996685469068383511626052,1.4974159608959516365445097,-1.3048742306158462866960690,0.5222466052613436993112828,-0.7721175999553976376788000,1.0000000000000000000000000,1.5994281991615091342850974,-0.1442310232642251555112978,1.1960382207976831825391173,0.0000000000000000000000000,0.0000000000000000000000000,0.0000000000000000000000000,1.0000000000000000000000000
26 -0.8131274185274842691839581,-0.7049811975401640840033224,-0.9576244119653433140015864,1.6640748587965044080760890,-0.6372050399541218101973072,-1.3414634495701005523216054,-2.1014480913562145758533006,1.0000000000000000000000000,1.5994281991615091342850974,-0.1442310232642251555112978,1.1960382207976831825391173,0.0000000000000000000000000,0.0000000000000000000000000,0.0000000000000000000000000,1.0000000000000000000000000
27 -1.3382468966915954666774269,-0.4707030167781929286263676,1.6670809782423936518114260,1.3791862618952888119849831,-2.6856309883205624622348751,1.5589178272331682961748811,-1.7393553504679384325015690,1.0000000000000000000000000,1.3130345912943754971280441,-0.0698617038875173901324445,1.4100443708291483524419618,0.0000000000000000000000000,0.0000000000000000000000000,0.0000000000000000000000000,1.0000000000000000000000000
28 -1.1380312520036657275568359,-0.3010368832180935205755645,-1.0621172130582423598355035,0.9207457366982449986636539,2.6501219652273073634773937,1.2508185681657950638623333,1.3730652493637502953305329,1.0000000000000000000000000,1.7420523657892141855541013,-0.0682993626074396842362546,1.1831431774809690882221958,0.0000000000000000000000000,0.0000000000000000000000000,0.0000000000000000000000000,1.0000000000000000000000000
29 -1.1258925556430097181248584,-0.4265477791158266418491962,-0.8646544993331749529019703,1.0040909493868952484518786,-0.6284876619870636282882970,-1.1232775983509037942553732,-1.8774273072107039439515574,1.0000000000000000000000000,1.7420523657892141855541013,-0.0682993626074396842362546,1.1831431774809690882221958,0.0000000000000000000000000,0.0000000000000000000000000,0.0000000000000000000000000,1.0000000000000000000000000
30 -1.3538273944071552712387074,-0.4140034803675974317549446,0.8104676063042870470809476,0.8767069891635406175822709,-2.3933193866480819700370830,1.2496059079419850057490748,-1.3294194844602931215860053,1.0000000000000000000000000,1.7301522896067016432652963,-0.0724217221478101191856069,1.1952012258093809293768572,0.0000000000000000000000000,0.0000000000000000000000000,0.0000000000000000000000000,1.0000000000000000000000000
31 -0.7165861128329816809312547,0.5496614132944257491431017,-2.2570852295917349650267170,1.3918176158070032499836088,-0.1637308320583984178053782,-0.5577289022308443700026714,-0.5809832695079790720882329,1.0000000000000000000000000,1.7301522896067016432652963,-0.0724217221478101191856069,1.1952012258093809293768572,0.0000000000000000000000000,0.0000000000000000000000000,0.0000000000000000000000000,1.0000000000000000000000000
32 0.3056733416829044425178097,-0.2482984697107601113064135,-1.7684653774441514428872324,1.1923794661009186057754050,-0.1842027631738640536251950,1.6556505598852644389751276,-1.8444478777233843658223122,1.0000000000000000000000000,1.2839768859716025328765454,-0.4054297277496334839241854,1.3775511092634644683130318,0.0000000000000000000000000,0.0000000000000000000000000,0.0000000000000000000000000,1.0000000000000000000000000
33 0.9467221988135693377941493,-0.4378239771910679145605627,-2.1948490710183663487953254,2.4232374527318878421056070,-0.8210130894213130137160306,-0.3992955174293812969921191,-1.4856742258476050011495317,1.0000000000000000000000000,1.2839768859716025328765454,-0.4054297277496334839241854,1.3775511092634644683130318,0.0000000000000000000000000,0.0000000000000000000000000,0.0000000000000000000000000,1.0000000000000000000000000
34 -0.6319468508982117871397577,-0.2085685553346406373442790,-0.1896674124399166383447835,0.8624463521452140346568171,-0.9472769090132934222125982,-1.0987574449268902032628148,-2.3009343915065807451014734,1.0000000000000000000000000,0.9402617489408058304434235,-0.0066513766006805891128906,0.9590722960112952888422910,0.0000000000000000000000000,0.0000000000000000000000000,0.0000000000000000000000000,1.0000000000000000000000000
35 -0.7009285961212606830272875,0.7851855399144267444455636,2.2662502501923884601353620,1.0360873394373357747610953,-0.9744158894072754151238769,-0.9781735292534220471694084,1.5380168700329304165563826,1.0000000000000000000000000,0.9402617489408058304434235,-0.0066513766006805891128906,0.9590722960112952888422910,0.0000000000000000000000000,0.0000000000000000000000000,0.0000000000000000000000000,1.0000000000000000000000000
36 -0.7189038705941999118920194,0.8792489978444534282076006,2.3479478795418775582959370,1.1491841028389782053409363,-1.0674416756620428436974635,-1.2991121785245427489030590,1.4767318079712505873857253,1.0000000000000000000000000,1.0669853509482858378021319,-0.0567061158906231252418984,0.9593846945717858787361365,0.0000000000000000000000000,0.0000000000000000000000000,0.0000000000000000000000000,1.0000000000000000000000000
37 0.2821015892517763634650407,0.1141318438454597405939950,-1.1538338271710359972388460,0.9955504629470683930492214,-0.5971985825471010089771084,0.7681700886544633455343956,-0.9592358562827576484721703,1.0000000000000000000000000,1.0669853509482858378021319,-0.0567061158906231252418984,0.9593846945717858787361365,0.0000000000000000000000000,0.0000000000000000000000000,0.0000000000000000000000000,1.0000000000000000000000000
38 -1.2951190158234686666816060,0.7680079464078848339170236,1.7471231409790455302299961,1.4838712964069666888633492,-0.7484188876448305549615725,-1.1282347345856180709233740,1.5013886671115301840728762,1.0000000000000000000000000,1.1389495713584820713037971,-0.0558573369569412142565668,0.9551793051465318207249311,0.0000000000000000000000000,0.0000000000000000000000000,0.0000000000000000000000000,1.0000000000000000000000000
39 -0.8121460681963995620336050,-0.0692859874660893132469752,0.9034838729243600541352066,1.1598854048070019739924419,-2.7252153227717652583805830,1.6262756682123411522411516,-0.9981970355520134452476100,1.0000000000000000000000000,1.1389495713584820713037971,-0.0558573369569412142565668,0.9551793051465318207249311,0.0000000000000000000000000,0.0000000000000000000000000,0.0000000000000000000000000,1.0000000000000000000000000
40 -0.6549410793508078088009938,0.6388882856909606777762178,2.8424900077489292371524243,0.5108712018016730027625272,-1.1329099049068149795971294,0.6561601528228075963511401,1.3302954437648073504618651,1.0000000000000000000000000,0.7994016728128314763779372,0.0140527888825408980855158,0.9582882109020315342107210,0.0000000000000000000000000,0.0000000000000000000000000,0.0000000000000000000000000,1.0000000000000000000000000
41 -0.7759636555735056617777445,0.3202334517724370055447025,1.5084741762953544075287482,0.8551995847947647666487114,-0.5274729895796410605868232,-0.6890440153372678899756920,1.9815187851232305416004920,1.0000000000000000000000000,0.7994016728128314763779372,0.0140527888825408980855158,0.9582882109020315342107210,0.0000000000000000000000000,0.0000000000000000000000000,0.0000000000000000000000000,1.0000000000000000000000000
42 -0.2598811908683765770078367,0.7063172384396547709428660,-2.5406062012387056192608270,0.7242979091021024551366736,-1.8929367121461555534267518,0.5327251227724949522723819,1.4326116288461256953468137,1.0000000000000000000000000,0.8193690039074835729238089,0.0431515753842664773198834,0.9565164838552085990741602,0.0000000000000000000000000,0.0000000000000000000000000,0.0000000000000000000000000,1.0000000000000000000000000
43 -0.3502478177381156410064023,0.5149600280434570853671516,2.5462513317365886855725421,0.3370204385251017176194921,-1.3367222487095637983856022,-0.6784649366412613957777467,1.9429692322282947625211591,1.0000000000000000000000000,0.8193690039074835729238089,0.0431515753842664773198834,0.9565164838552085990741602,0.0000000000000000000000000,0.0000000000000000000000000,0.0000000000000000000000000,1.0000000000000000000000000
44 -0.0338673025730106616593140,0.4525456416262451653231835,-1.8812957640786716062564210,0.5722811340681510650085784,-2.0412457367498633153957144,0.3799000633321236719552871,0.9402412526411675353088526,1.0000000000000000000000000,0.7764617551753585367180222,0.0530115419174598256901731,0.9576780359552604648953888,0.0000000000000000000000000,0.0000000000000000000000000,0.0000000000000000000000000,1.0000000000000000000000000
45 -0.0320336135069066857417042,0.2336888467070418473614524,-1.3192924568032544652140814,0.5725725856459097373729605,-2.5010333759124780961258239,0.4819384093777920874401843,0.7921106219628036848590114,1.0000000000000000000000000,0.7764617551753585367180222,0.0530115419174598256901731,0.9576780359552604648953888,0.0000000000000000000000000,0.0000000000000000000000000,0.0000000000000000000000000,1.0000000000000000000000000
46 -0.6066929294823844021067316,0.8539103990014411671438666,2.5071868550602687264472479,1.0082201946486246679768328,-0.9646243142682232596385461,-0.2139366956958252963261202,1.3645027701120255869682296,1.0000000000000000000000000,0.7353375230428471631682896,-0.0285838440240285610038917,0.9550476245768589889095779,0.0000000000000000000000000,0.0000000000000000000000000,0.0000000000000000000000000,1.0000000000000000000000000
47 -0.2678994385737209493747457,0.5759314202192347131870065,-2.3786826056990060251905561,0.5184377701846454300493861,-2.0493549594368443145242509,0.8773803682426830619078828,1.3447554656866838040940593,1.0000000000000000000000000,0.7353375230428471631682896,-0.0285838440240285610038917,0.9550476245768589889095779,0.0000000000000000000000000,0.0000000000000000000000000,0.0000000000000000000000000,1.0000000000000000000000000
48 -0.7188343817917248745885672,-0.1105133592405648096379522,0.7896619149693171468840092,1.0049114894296020672470604,-0.4605874801580057686933856,-0.6289061532024788903072476,2.7079032751244298538040312,1.0000000000000000000000000,0.7541620359076941504383740,-0.0202124985634407478007901,0.9599477372946905173733967,0.0000000000000000000000000,0.0000000000000000000000000,0.0000000000000000000000000,1.0000000000000000000000000
49 -0.8216245598231044500181497,0.6624488036823962255894571,2.2698484189393983712079716,0.7874436314196275876753361,-0.6965103920869570863771969,0.3356425416821811058554204,1.3383216764175316360052648,1.0000000000000000000000000,0.7541620359076941504383740,-0.0202124985634407478007901,0.9599477372946905173733967,0.0000000000000000000000000,0.0000000000000000000000000,0.0000000000000000000000000,1.0000000000000000000000000
50 0.3728494670543439637455663,0.1962919884622933430762259,-1.2669617659393630493269711,1.0026199007730725032416785,-2.1264203574364328730439411,0.4192787499256798167124316,0.5271094532811586574894136,1.0000000000000000000000000,0.7234206517801715641269311,-0.0445795715295614625173215,0.9586121893807371119322625,0.0000000000000000000000000,0.0000000000000000000000000,0.0000000000000000000000000,1.0000000000000000000000000
51 -0.4756549229485059759880983,-0.4386665639491327262078357,0.1402050521493842516473904,1.4237600591669539173977910,-1.4493146838198240899941993,1.7947496214391427393763934,-0.5614345628506377527955351,1.0000000000000000000000000,1.3269122809064166634840376,-0.3017653252704838862108261,0.9570019797664144345361592,0.0000000000000000000000000,0.0000000000000000000000000,0.0000000000000000000000000,1.0000000000000000000000000
52 0.3168491038116707514404879,0.2363238956101287036037917,-0.9450369492524938186406303,2.3271677346076020675980089,-2.4143997154973408925116019,1.1719763354267813681985899,1.2970438257894971734174305,1.0000000000000000000000000,1.3269122809064166634840376,-0.3017653252704838862108261,0.9570019797664144345361592,0.0000000000000000000000000,0.0000000000000000000000000,0.0000000000000000000000000,1.0000000000000000000000000
53 -0.9379510271071727078862068,-0.4400240415711310082436114,0.3905522317017623423751616,1.5696395095315132106605915,-1.9698359358343149327907895,1.7447507538575450780626852,-0.5550541708718703670655259,1.0000000000000000000000000,1.4888126644020958089242868,-0.2479944545766313013235305,0.9584133547839770450593733,0.0000000000000000000000000,0.0000000000000000000000000,0.0000000000000000000000000,1.0000000000000000000000000
54 -0.5670894535723848273178760,-0.3719063761665208911466607,-0.1263885933761243196560287,1.2517266884251581071652026,-1.4124992757042826863056462,1.5441864717491839975593848,-0.7024413329128704752690737,1.0000000000000000000000000,1.4888126644020958089242868,-0.2479944545766313013235305,0.9584133547839770450593733,0.0000000000000000000000000,0.0000000000000000000000000,0.0000000000000000000000000,1.0000000000000000000000000
55 -0.3956832658752854614547800,0.6054441618211158226969815,-1.3487005275995898045948707,1.8881645605931123288456774,-2.5029087557868425761853359,1.5331884476045094523044554,1.5807278637839929924524540,1.0000000000000000000000000,1.5537862527667480883053486,-0.2380047743385680092398360,0.9589306410187532492273021,0.0000000000000000000000000,0.0000000000000000000000000,0.0000000000000000000000000,1.0000000000000000000000000
56 -0.5600105324455691979679273,-0.3781510882923002081490438,-0.6798298411459822165880951,2.0925319863240794404646294,-2.8271916432909254268679433,1.3933131494062549471379953,0.6076001925493005328959839,1.0000000000000000000000000,1.5537862527667480883053486,-0.2380047743385680092398360,0.9589306410187532492273021,0.0000000000000000000000000,0.0000000000000000000000000,0.0000000000000000000000000,1.0000000000000000000000000
57 -1.4222249284807944036401750,-0.5448367792534879461285868,0.3520947931447123702142221,2.0640257144489546625720777,2.3186277184269701301388977,1.2970130885005990428737732,-0.1405941801784021949472958,1.0000000000000000000000000,1.2582274060734675025230445,-0.1997875109081098665697596,0.9557922685266435625095482,0.0000000000000000000000000,0.0000000000000000000000000,0.0000000000000000000000000,1.0000000000000000000000000
58 0.2670785867424286808002876,0.3537312685601224360176786,-1.1281727097856333319469968,2.0883557909153980247651816,-2.5353183764270945665941781,1.1795735560262454733049253,1.3820832669617164611963744,1.0000000000000000000000000,1.2582274060734675025230445,-0.1997875109081098665697596,0.9557922685266435625095482,0.0000000000000000000000000,0.0000000000000000000000000,0.0000000000000000000000000,1.0000000000000000000000000
59 -0.0772213055064028680574140,-0.4209423597505510539207307,-0.3211052302947857151060873,1.4498200196618522550551234,-0.9324708827491519080865601,1.6547938886353716902988253,-0.6214237049278245050842884,1.0000000000000000000000000,1.2885598861791938141152514,-0.3815936876608029271196187,0.9594987942764995336730749,0.0000000000000000000000000,0.0000000000000000000000000,0.0000000000000000000000000,1.0000000000000000000000000
60 0.1762807353595529091805361,0.0584627628986135808308866,-1.0954452059384942597120016,1.0885997356281389425447514,-0.1167449514712966263108029,1.6896056882988688130353694,-1.1222931181952846557692283,1.0000000000000000000000000,1.2885598861791938141152514,-0.3815936876608029271196187,0.9594987942764995336730749,0.0000000000000000000000000,0.0000000000000000000000000,0.0000000000000000000000000,1.0000000000000000000000000
61 0.8510105820311206770156787,-1.8514086316565090406527361,-0.5027295900520600824279427,0.6224949481098421832925283,-0.8241577013447685118308073,-0.0178322950189611084681474,3.0373689176767921793498317,1.0000000000000000000000000,1.0067144451113885228465961,-0.7166472854697981675897722,2.1887482939068760856571316,-0.4349770171544831143251031,-0.6817261547063291349246583,-0.4196058690669257629224376,0.4122781305913030824861210
62 0.0387243804691654869287731,0.1997794874444509538591319,2.3214167253539086388514079,2.1384981060626442328498342,-0.6749323600595502625765221,-0.2273025522254017438683604,-0.9059790974841357424907073,1.0000000000000000000000000,0.7700856912516550467628917,-1.1460142181975865316445606,1.6511716472823709800366032,0.3882936394697428239553005,0.2049314277110695636796578,0.7573854067057371741711336,-0.4833180509503484101330173
63 1.6740734101740080141951239,-0.0097173665392755737002517,-0.0225275425103848014884989,1.3267629855315958842254531,2.3515726091035515921134902,0.6215169453272837429835818,-2.4798946463870326084588669,1.0000000000000000000000000,0.8777316533252267349851650,-1.5845271931207760562898557,0.5183595686432181937064456,0.3940645060329437399104791,0.1119951163128018456482948,-0.7226631432416439348997983,0.5567101316426397161762907
64 0.5385163561907235774128822,0.6798687930856224248543640,-2.2245495570491544690128194,1.8371385173234799914609994,2.9513632277997041697403802,-0.4465762475357619720739422,1.5181650922369049894200543,1.0000000000000000000000000,0.9901523630601706260634387,-0.3297737187852653462094565,1.4736939662554751073741954,0.8061277827646136096007012,0.3137750379815698043017846,0.5014984954388737037334067,-0.0141520742316842140784416
65 0.8148080169313502985062314,-1.1523255809793830906073708,-2.8687480343620679335003842,0.5136538612487043797827369,1.3677123953098027087094124,1.3495563315119714076217861,2.6415228449816456901544370,1.0000000000000000000000000,1.0891741128472551825012715,-0.5349545791355651003229355,1.9333012451541953247158290,0.6788311224905848595412294,0.7026780780606866061432925,0.1821273104615807325590282,0.1107217349855303956118746
66 -1.1069427911639548867128724,-2.0725973459023969702741397,0.0658024089320372596034758,1.4272410940682704882931375,2.1029318055445012092263823,0.4346318505114106223174986,-2.8927974768559439056048177,1.0000000000000000000000000,1.2095989515878060593934151,-0.4664874836955256176551643,1.9884999641656666558020561,-0.0545016311781406637138048,-0.6071487307705991653961064,0.4896944195437431535111727,0.6233756209394820668734383
67 0.9904931957791762719978124,0.7507208418369857305663118,2.8288720217896683450931050,0.1391090116934426967887362,-1.2998238325001785220536021,1.0036944414187640717273098,1.7503778452982095004131224,1.0000000000000000000000000,0.5120901707059398733079547,-1.4240973748603655835154314,0.6495239265721606258807697,-0.5329882888541221941380854,0.7563865274995565934901265,-0.1769106111238002709828976,0.3354151659282446074072936
68 -0.3011205201909747941613205,-0.6780514208753831706388837,1.1393780770638803900851599,1.2049977237503033400400909,2.0012901463686905145777928,-0.3856438337027510154797483,-1.9072576107058012429007476,1.0000000000000000000000000,0.3480291322680236776321294,-0.5492194222359133570776635,1.2168233059920894323369112,0.1565308200691938322890451,-0.4186776377789676040208633,-0.8750017052146196183670668,-0.1859489190447628503832789
69 -0.0785844767208392358526226,-0.7993250306687897932533815,0.2337194457467410835249666,1.4793812218314879025626851,-1.2286555551372726480252595,-0.7950163256920109722258871,1.7053656600762003847648884,1.0000000000000000000000000,0.4203584125010806360478455,-0.5269508623789618262378553,1.1101708614739265179593986,0.0815805299620628310286463,-0.4545131774064302687676786,-0.8869560976788997130881853,0.0083089469765424694980283
70 1.1039982879574483654039341,-0.7553654872637081130193337,2.1730300145205818651561458,1.3852217109572240172354896,-2.1800624875300855798343491,0.4962806346623160891340376,1.5453797075740904887197757,1.0000000000000000000000000,1.1593105838063004764393327,-1.6542262716952300660722130,1.7804400791641115109342763,0.0122974252853393362094891,-0.2812831622031927159000020,-0.6221770752103328305793184,0.7304943983649015981640673
71 0.0281137202540107100645628,-1.0752947245260207065342684,-0.7887608237032375235742165,0.6016517335677759037437795,-2.6675991760280912679093035,-0.7180042741066920974901677,2.8212701420934269691542795,1.0000000000000000000000000,0.8559399702984323843324432,-0.1040336318764358974897632,1.6308071153300514044559577,0.1387727286829948392110623,0.0675400393885373928615223,-0.8169529570376873328640954,-0.5556672722486257764984430
72 -0.9385218116333590154809485,0.2354591961793879306696908,0.7854619998086307397500150,1.7618947611171260625440027,2.9747286673596731176871799,0.2428599280318277653378800,0.2958617460452304115392508,1.0000000000000000000000000,0.7357956655030638559722433,-0.5977003551275440473844469,0.5814706036352501605790621,0.3033707627461552647218923,0.5122348558635414494943916,-0.7792908066238761755073483,0.1956661171148121325380487
73 1.5974882439194879601984667,-0.6637053717648169204323949,-1.9778220031801356793010882,1.4762027144963865143978410,-1.3689310703053749751489931,1.5635697778875621288818820,-0.5403472948648722073983208,1.0000000000000000000000000,1.0105350118486093879965892,-0.7661276050145630067689240,1.7599806252876331047474423,-0.6482603822386264758037555,-0.3288317195601760944967396,-0.1179429362239837741910264,0.6765466920680701656820588
74 -1.2844170162133612400623406,-0.2544601413409501855511508,0.8957993576238187927174295,0.6693240357392112871437462,-0.8322390867738236330808377,-0.7533343384730819547456804,2.6620315940934382581417594,1.0000000000000000000000000,1.4018076653341953186071578,0.1113423610070639613311982,1.3293320792002045749313766,0.7116624064650536318765717,0.6117375231016874970180197,0.3423103405802250254197361,-0.0462090793075561889757807
75 -0.8892733247154867015638047,0.8950911145173439109612445,0.8995424212399485419666689,1.4669126926012858724845955,1.5538631918220149330522872,-0.9144725455437175964945595,2.7198582736136662774129036,1.0000000000000000000000000,0.8853023769057311032071311,-1.0255422246780356854145566,0.4670024639063076188350010,0.5872033955359160506404237,-0.1944408674353658994515825,-0.7005030396626293898165727,0.3559189001906811755659987
76 1.6397822467590428274775149,-1.1018918685153551439981356,-0.5175737969586853282066841,1.0401291867523123624295067,-1.5793939270118224627026393,0.9374558791806228974508031,-2.9877523347506080853008825,1.0000000000000000000000000,0.4037304667323130535905307,-1.1051669746732333265981651,1.5973537270139925858813967,0.2770038498875498911289128,0.6876700444282293211983870,0.6655737194972634052092531,0.0859547358022928476017910
77 0.1812319631312568901648774,-0.5889340268661891197865543,0.7760915252036979516958581,2.3418448854907625289456519,-0.8094874318691376302581375,1.0862903762100502014220638,0.4683947736701901121136871,1.0000000000000000000000000,1.0885904774010728424116223,-0.8983441414910818823003069,0.7829892030882247278000818,0.8956054222279787868643552,0.1675842153235562181912144,-0.3855954855026006988794052,0.1453284569433443418340346
78 0.1587262532390845137797442,-1.0398942932462758026446181,0.9153234031109866997155677,2.5900830653664108638167818,-2.2149553695656152285664575,1.0254127871236482505423737,-0.6859341576355202363401986,1.0000000000000000000000000,0.6938665805817887388684539,-0.8558306332949948691535269,0.9165710236378533659618029,0.1797075097795575726600248,0.9194413985561729063533676,-0.0052321724824458265556970,0.3497186736193299005925894
79 -0.2379230279871016318082866,-0.3852727646372617886783019,-1.1997844989876935706263339,0.8113538815068795928553413,-2.5850465059476190887721714,-1.5106701026132243192989790,1.4858663474222950640069030,1.0000000000000000000000000,1.3047070334760340060142880,-0.1860398320562708651682016,1.0138785069690234852402000,0.8581266841595470706849369,-0.0332833355902978217377708,-0.5110080467524230618536762,-0.0371403616458079732787212
80 -0.7308900036021831470023358,-1.8099081404334436129488495,1.8051288467846662300075877,0.6624712749405163858540391,-1.8649399300068336682301151,-0.6557375519531406515838512,0.1252770748130407341136561,1.0000000000000000000000000,0.8105721863573837060457095,-1.3737012839820152976244572,1.9107560478206966347869411,0.5293294406833648491073063,-0.7523812958369850978357363,0.3883493153951168008752859,-0.0539934039668441001502686
81 0.6541643547740019215552820,1.0340735314670363997890945,2.9333961422180925282532371,1.7279374620308804999524455,-2.6120182939502498697947885,1.8049935974867921117947844,0.5958480568848774083789976,1.0000000000000000000000000,0.5251501598567139827977712,-1.0889950406938626592534547,0.8429008859172433254514090,0.5747236326486467872243225,-0.2667097358557284358937522,-0.7702289491773247620542975,0.0728274715966880370476844
82 -0.1976363508053224915528290,-0.5452207557504160639894053,0.9079503276189235805304634,1.8248112869462049800972636,-1.0564334353867144145056045,-0.3618259899755604802606967,-0.4987875226204225853621210,1.0000000000000000000000000,0.4416441406155682258827255,-0.8932443229543602924991319,0.9697766773486133917714369,0.1044106517883538476354488,0.2685427450534477733512517,-0.9227178698662519273909766,0.2560717750427350392072867
83 -0.0791578731371240795766653,-0.2615678040369262546960272,-1.5530657001978676046149985,0.6928350295754310828044709,-0.1780776572698159476715318,-0.4866837614146937163184248,1.9113721344966307924551074,1.0000000000000000000000000,0.8784754402108042592445258,0.0836299391081394560831797,1.3933551462151698707714331,0.1354764273025989562704297,0.0640609473280907004699714,0.8530804370255471447137552,0.4997938469606638123288178
84 1.4338822319770869739841146,-0.4867650775563738818618731,-1.5541673495129828541649886,0.6096984406019086977224219,1.5540160190588867550331997,0.6241473078589203637989158,-2.0943521703897753916123747,1.0000000000000000000000000,0.2153490296184684682501143,-1.1609384231446784330188393,1.4005393490110982224194913,0.0083714717572331842632138,0.7875190214012861567027812,-0.6017638828151822272261029,0.1327473797296285784597103
85 1.0533047273934732501743383,-1.8502980080476485458262914,-1.4546488313246637158471231,0.1367236027488129002094297,-1.4639369636769112847929364,1.5839065249602177765098077,1.0850605260627625980873745,1.0000000000000000000000000,1.6075310440777577092319461,-0.6367164426620197659190126,1.7872971679482709816966235,0.4328398377798199359034470,0.2421576958991289441058825,0.1425745598793626001121737,0.8565510154320001845462684
86 1.6898031461480798043339746,-1.0349157366733603424790999,2.1213139164164402927781339,0.5966801327069661819990642,1.5019607585468151000895887,0.6129076648150464379227742,0.6847403536745071406244278,1.0000000000000000000000000,1.3382172021923779414720457,-1.2467255933124958833246865,2.1445731362335904712779211,0.7034395285264403163694169,-0.1902873527868390035600044,0.5687447452760785449044079,0.3814324983603358254491411
87 -0.8908623183945230117330993,-1.8102755030557862170326189,2.2138886741271912583783887,2.5100073560234190672701970,1.2420197790688929373459359,0.2678476911674192439960507,-2.1785895411053624037833742,1.0000000000000000000000000,0.9123877742032637794267202,-1.1171872595576470832412497,0.8850601771422318408966134,0.3508028579526544232791707,0.4988997483261181087321745,-0.6238861069559454852750946,0.4886720609468864773283769
88 -0.2728767953540716106886066,0.8472299934337987892263300,1.8292561162185316803174828,1.6912004858223721459609123,0.9139512725765595035909428,-0.6482846698237370031137061,1.2229303740318542281784175,1.0000000000000000000000000,0.4261752670345583249300603,-0.9738532336000395028818843,0.8950748699261580343389255,-0.0710976298676133100507002,0.7509765640014410825742175,-0.5827244865029455045402074,0.3023398730438947579202136
89 0.2281952179330093422038317,-0.8405117831823936125346108,1.9018534410442446969113917,1.0234810257244300046863827,-0.8126773514466720804705346,1.9542814285809502194979359,-1.5825591949213106968130660,1.0000000000000000000000000,0.7109661543707241904144212,-1.1356975679033802784090312,1.3446703569306854841869381,0.1566831807582378388588040,0.6697127758170906552948054,-0.3185946722981929934981338,0.6522503271244224354319385
90 1.2690912300405758905696985,0.1632017707769768399828081,-0.5734257284988846237183679,1.9067010289601520334201723,-1.8982454047292682819403353,1.1957611249862072355654163,0.7139941773279541159524797,1.0000000000000000000000000,0.7061804720030723236945391,-0.5822656900491461895441603,0.8128669896554113760700488,-0.4382012060152888355268885,-0.8968697419928313152581723,0.0255500867634415596008068,0.0543094839080571767375716
91 0.5147117557982641145031266,-1.0946297399772466629741530,0.7878525897165857827530999,0.6350611324743651309177039,0.1569709492297706177055261,1.0719205944153475940083808,1.0754458598710812111676205,1.0000000000000000000000000,0.4233248926374444387477070,-1.2003917635245258122012046,1.5337252374864709381085959,0.3894724012266397861203870,-0.5939892519203424647855627,-0.6927680372983218148874585,0.1247330810455083982546398
92 1.6461423594217809984741052,0.2028428743127004274526826,3.0526281276469200420820016,1.8982545313501051342797155,2.9441347821080752211742038,0.0754764816114090741905329,2.5495393293008854485037773,1.0000000000000000000000000,1.0287479852876046937382171,-1.2679511523047186649648665,1.8673826310365031488913701,0.0357642697146395224794269,-0.6766209626356288753257218,0.0267706104034474111352804,0.7349735523761585787028139
93 0.9197117793406155428215243,-0.9861028870684571678850716,1.2407525495573032969787164,1.0164637695152607399506905,-2.0670625117626331146425400,2.0600744601092659813446062,-0.5187152496081384178694407,1.0000000000000000000000000,0.5962166577271583722819059,-1.1066492719591942694989939,1.5034782734677336613060561,0.4027513833825588362991255,0.6943294287967085587354177,-0.5678982320272922823534145,-0.1821740934117436760963926
94 1.3800596500205233319036324,0.1679145577544884915255352,-1.8015795056950876240620119,1.2810128055620064735364849,1.1149598228614596706620432,0.0793461076575827650714245,0.9977865302286978987922339,1.0000000000000000000000000,0.3031570257031018789106724,-0.6800986204396674006389389,1.2166459576470989301100190,0.1024764929001331092983662,0.1295302616533935136100553,0.9290627758719920414876015,0.3309994138779938088745780
95 -0.5298120452767138832683713,-1.8278452426161826416262102,-0.5526835032225219102031133,2.0980393440090301382383586,0.1267048801675927371945818,0.5400981896241621171839142,1.2408559172124862257646782,1.0000000000000000000000000,1.3591574050675128138010450,-0.3262308478666264277556763,1.1816269128435361590589991,0.2895487006079033309724480,0.6559044338622784797721010,0.2306742913124487093234904,0.6578283258883260709026786
96 -0.7678306794817910674311179,0.0228749291253627085040989,3.0464035605558441588414098,1.5601088698590679371136503,2.0862098438037603997941005,0.6634504137237589027620288,-0.5852816391616508795436857,1.0000000000000000000000000,1.3464550728257946854427018,-0.3743917597410776898492202,1.8812269213882355511913147,-0.1588669725202247473561101,-0.5138017791296839442694022,0.1034428584827855046590628,0.8366996820536255485833976
97 -0.0663735706547565751378670,0.1645975051185106785567314,1.5304721854762304289465646,1.4336302069796387215205868,-2.4974448620101648010916051,0.8859016251308786671359030,0.4919081175406034844854730,1.0000000000000000000000000,0.3313735885938461911415231,-0.8200994824429090890305361,0.8824807287202612871013230,0.3215445691133738126410435,0.2352039582658410066251520,-0.9170465119024515665557828,0.0176560539786815712259838
98 -0.6567498503046451663323069,-1.3933700385225795681520822,0.8639725237095143839383127,1.8145884344543272703731418,2.6228927108048898375614044,1.9195600663481702241597304,-3.0171039018547647359014263,1.0000000000000000000000000,0.8034442003595888559530636,-0.6888978595204506838456382,1.7117118724481024116812478,0.6447783293653428504654812,-0.2149634940017759732189262,0.7332892476324142094767922,-0.0183404232120215893164783
99 -0.4340733337697260108001274,0.7010529708843926677275249,0.6603333129796400413624724,0.9922729268308136951759479,1.6672725112011059778183153,1.1056765267524952811584171,-0.1056122229800617873252122,1.0000000000000000000000000,0.5795933802066400852837091,-0.6925066112963348397002505,0.5836668654736549832762194,-0.0464002651037201327421933,-0.9960934290121793432959407,0.0746487323733642793577303,0.0083839682840108897821096
100 -1.4818002145460953400402104,0.5493200281757490976985991,-1.9474201929220591456015654,0.5419315395615674768592385,2.1907975810085407175620276,1.8256060895185814985097750,-2.2780146526568638698506675,1.0000000000000000000000000,1.7159430391379737468326994,-0.6065642499152806843554231,0.6106198161928623191485599,0.4989678433993757211695197,-0.2748586935720741530886357,-0.8185405954569876518789329,-0.0739794490609466948161099
101 -1.0574425487861027761482546,-0.6359997310372997869620804,2.8390686260038293653451547,0.2877230806172467181269781,-0.1334220822287828234209428,1.9874129994470393079097903,-1.9276738469762142447194719,1.0000000000000000000000000,1.1397378003913636312915969,-0.6611400529141125970156168,1.7993944395725440799083117,0.3753836525648832078694284,-0.6117587229430675455077449,0.6450462249752282328785213,-0.2622053701543808346130504
102 1.2186042387499642636328190,-0.8674915898770518829508092,2.0900170930671313485049723,0.2967179144838442139686663,-2.1968189467917285107034786,0.3777882627308917218300621,-0.9869112501525836300686478,1.0000000000000000000000000,0.6580022241377817548979579,-1.4458370735320857924932625,1.9660491945379026113016607,0.4199639476377368119131006,-0.4673184505818486211836671,0.7739173844030500237778369,-0.0793311340686678745370841
103 -0.3507931918017832551015545,-1.6403937006729623071521473,1.7691538858219972851770763,0.7046024788518446824170383,0.6096492133283284431399807,-0.5025492846909358490847808,-2.7404262744753746794401650,1.0000000000000000000000000,0.8560924044455560100175262,-1.1046788910974849606816406,2.1197585183828162591623823,0.3912674967418313665135088,-0.5927619265109003166003276,0.5711104716112017642970500,0.4115503396152556114806487
104 -0.8514372675588802730217708,0.4092523360486386430068251,-2.2145922430776820988285181,0.2291383438776891101618105,-0.4582869231250543684552667,0.3416804740252508132414277,1.5048064607269164838498909,1.0000000000000000000000000,1.5474576025339521478940696,0.1330213074441057852226322,0.9975303172848947186324153,-0.4741223589683846162401437,-0.3426692732823192200086737,0.4380543849965259362022607,0.6825627265782058250565001
105 -1.0123373952402738851219510,-1.4496065904202901641895096,1.3540799630572193379407508,0.5296990298068611213722079,1.8335516758768592993078528,0.3436772579888840439821251,2.4676831592957872985039103,1.0000000000000000000000000,0.8778396324907692394035053,-0.6935476400032534183281996,2.1413798134607828771436289,0.2118795018678456820726552,-0.7900123945944608205849136,0.3414113229529113224813841,0.4630590631668269896437096
106 0.4545884583832338066144985,-0.8078064153384445500449829,2.4968492950843561573037732,1.3336807739677281059442748,-0.2275490679957670181465801,-0.1380549281714911202811891,0.9021778775058582056090017,1.0000000000000000000000000,1.0673971319367139276579337,-1.3442298956843945489936232,1.9936229969892598212766188,0.2174557529388740917397627,-0.6269090178371519161970582,-0.2336175289329215920552940,0.7107171011124997495045363
107 -0.9697412573221101395049004,-0.3161842977167961254991724,2.1429141459479144060651379,1.7505723612348418338768852,0.9852898524255913059732848,-0.7324398930395210616239865,1.5810920773782264348028548,1.0000000000000000000000000,0.6323370577445878160105508,-0.4684734349242174467065070,1.5069830153251257964797105,-0.1909185116827190054067387,-0.9207640705683231008293887,0.3290864126843512371678457,0.0862770323967933516762230
108 0.2933530397516617149733520,-1.5672452265183649533497601,1.2267933319821304749552837,2.5947476270947360532659332,0.1361382983388090828213990,0.2282845252792027324062474,1.2516914121800528647554529,1.0000000000000000000000000,0.9213235820167058331975340,-1.1521941732001053093625842,0.9000487954394867928797908,0.6182309518033192174968349,-0.3257230768154561473259889,-0.7052274353777244764174270,-0.1197789036003649165706975
109 1.0528954351877573003548605,-1.9181075816802248823478294,-0.3406554267061712160113984,0.4704776841627795191946859,1.4456589184518247037658512,1.8259046459820402752427526,-0.0192501365906792010207482,1.0000000000000000000000000,1.1261023886023686646495889,-1.2034941759944781658475677,1.8568142413925483591441434,0.1055366668226123127993787,-0.0014006646691560598050330,-0.7550430349672436758368121,0.6471227557604313229688842
110 -1.4512042944918130960019198,0.8480272486764137696013677,3.0216080840845380706127798,0.9621148824636427399070726,1.7905229713299881666443980,-0.4107492312966791736528194,-2.7333416562957419948531879,1.0000000000000000000000000,1.7188530827052344029937103,-0.0187724856359402295091776,1.0413290622476392144335477,0.6764550543839336071982871,0.5235203680441975482295902,0.3849299664264321241269329,0.3466436850959658810822361
111 1.0929190476843988477639869,0.1605971171928555207841782,1.2234862393390342205634624,2.3295937722733213171011357,-1.8837143190329497244306367,0.8986222769775431551408928,2.5583021383431292505861165,1.0000000000000000000000000,1.3441213254202803994985516,-1.3514057897948081876648985,0.7509691847389508012611259,0.8520508222640454931706699,-0.0433613041934967080592855,-0.5083139178048670103748918,0.1172348067310452490730199
112 -0.4129270986070061599804148,-1.1271265317118384086114702,0.7886583361639001310550157,1.2139938484542041052804962,-0.0123576037070516342453175,0.4519427173230776695334043,-0.5141927382895690179509529,1.0000000000000000000000000,0.4749407686135641570857047,-0.4348438209886257288516731,1.3548506033098526302183018,0.2121895495480298765578198,0.0599734609131664098136127,-0.9646748426188229696975895,-0.1441492118153125112645085
113 0.2290020541260977537945109,-0.8901985356897106349549631,-0.8735859920007316148371501,2.2175607069039533492116334,-0.3513013048080266820250017,-0.0085735069657750795357742,-0.2576722639327275743426071,1.0000000000000000000000000,1.2095667029931695957145621,-0.3477880764526095069832934,0.8729797162614356675902627,0.6932813748093545891393319,0.0336250346955657142267171,-0.5879315869065820931993471,-0.4154088477235436394074952
114 -0.6991356153983836474452573,0.7914406450988917818278878,-1.6314672341999192362038684,1.4402291759952103866737616,0.9900725267310965804767875,-0.2242282143699421137483796,-0.2995743732902100830983727,1.0000000000000000000000000,1.9479731090981766694625321,-0.3932391811978594997611935,0.8998369216629134026419479,0.7227876659680009252539890,0.1601749168592691285883944,-0.1461091171311735825710798,-0.6561798927651644186553881
115 0.5723234844519788921957115,0.5253052383495058208495720,1.9184551879357067960540917,0.1678344912816930323273823,-1.5723925655462744899182326,1.7939820080502264509902943,-2.4624326958718860680619400,1.0000000000000000000000000,0.7000642084261377018350458,-1.0466539637951612906618948,0.6063019983667968793028535,0.1777020068923383933068294,0.3338677460947037101135493,-0.3147392461747974268249095,0.8705695896685123891245439
116 1.4714366678738119986746824,0.9733540031995411290210996,-0.1783706591611178282619221,1.8644922667231837998258470,-1.2439471275568694252910973,-0.8246423859452453042351294,2.5185385675986946552029622,1.0000000000000000000000000,1.5798447200754530683752819,-0.7887891825879767004892074,0.5706761205551461602070162,0.8449575892530083454090573,-0.1270052994321584360903898,-0.2173557570170760455674497,-0.4718799357365369706585057
117 0.3162735411504602467402947,-0.9617343272570211265559692,2.6375756262598102352967544,1.8806040345349364084626131,1.7886400174962542308776392,-1.0437952248237394314855919,2.2156187908801339148112675,1.0000000000000000000000000,1.1391587606865476445250351,-1.4568859103008002797707832,1.5005946170286679208771830,-0.4314817176730558201391830,0.7226087633304297819236695,-0.3484571592509821402749992,0.4125960439184009898028194
118 0.1829874540884059985756949,-1.6453881002014445478209836,0.0539308782628484806309643,2.3230999164251144861736975,-1.3201503022840015422190163,1.5913451573655916782001896,1.7829014037530415137666751,1.0000000000000000000000000,1.1207045329911489162100224,-0.4733359482436464427124179,1.2488320419134502081703886,-0.2532613973128795548106496,-0.0212883075174093439052569,0.4145445643293858006828145,0.8738170429054499255272503
119 -0.6043551657915138264343113,0.9815717986880674317262674,1.3027990849974546705425382,0.2680797347566483690428640,1.4403029881665956324354738,-0.7888839868203899596821316,2.4598033346565459922317132,1.0000000000000000000000000,1.0434912145680728112751012,-0.5870383503152584170337036,0.2303886103985235966895573,0.7509949031286388132500065,-0.1376868532092422325874281,-0.6452929892322868399290314,-0.0253735390784293468602328
120 1.2617342288318718068751423,-0.8955622328466557036108497,-2.2422451424599443292606793,-0.0010129889636361077975835,0.5656959814888873339100428,0.4295432450488818609812824,1.1653728059429546703995584,1.0000000000000000000000000,0.5457946304420662197998126,-1.0657207661423158118196852,2.0187474967315588436633789,0.3987437704256773240985012,-0.0396096092522218862219674,0.9122262664572000634422011,0.0852964633418843154455402
121 -0.5782235798011514660288412,-2.0621378763137094836110919,0.2997051196704729747466445,0.2999588031777919994169679,0.3476459692589224381720214,0.3788928910983748732377308,-0.5837396236233129975801148,1.0000000000000000000000000,1.0961459071432906320353595,-1.0447007823323744002408375,2.2053933694373877294481190,0.4430804253731667752269630,-0.4988682663114220039446423,0.6409388610748349979218119,0.3794803585927337685745897
122 1.4384555409485586530138335,-1.8134753532188363500665673,-2.9035967218074620888046411,0.8196863344487202995836128,0.4132701653932548957470772,1.4007375619176856140768450,0.9317308316159675918299854,1.0000000000000000000000000,1.5236517978228896197379072,-0.3809210743913795105264342,1.4672244900606532524989234,0.2809479895960609319160994,0.6294397278285026597899332,0.2856094262208421774573708,0.6658069388258456289264586
123 1.1324306657573997014765155,0.5515592154732718022103199,2.8337405511058832985327172,1.1946688039399071534774066,1.5927617206348863021503348,-1.4286859059147156703062365,1.3940078421649557682826526,1.0000000000000000000000000,0.7414689995790519905227711,-1.5835802451394382917015946,1.1979278690663723860865275,-0.2893799000319242642476070,0.2778865725075602699511990,-0.4777279730941057511728332,0.7815446911516785721829592
124 0.3802209589146565704709246,-1.6162998983446970058253100,0.4429393221566169103198263,0.5810036503910103178327518,3.0093591756496387290553685,0.7370220887341933924119530,1.8900664667268598506666422,1.0000000000000000000000000,0.9986041966748452347601983,-0.9663742350564445970917404,2.1884604179234758980499009,0.6304224173943847597811896,-0.4188472207049578344140173,0.4791070638690143601579052,0.4445096181588917838567454
125 -1.0039745861583648789405743,-0.4961278270236810783444525,2.9214774708647857082155497,2.2777395618668476728885253,0.2311821962465447910517469,0.5905663160559093682877574,-2.1228903578007081165424097,1.0000000000000000000000000,1.1173655906426047668134061,-1.2328767144192236404620644,1.4647956368346541911051872,-0.4382245309774484565146224,0.6099995997233390587766166,-0.4523247501547727478232730,0.4808950102329253573074652
126 -1.1478713873192134542478016,0.7382942756653272375899633,0.4511295474027359198032627,2.0089190843063029490167537,-2.3870061811627847347949682,-1.3478935680799530860696223,-1.5484967718289683880072971,1.0000000000000000000000000,0.8643936089472437078740086,-0.9206963038823957612422078,1.0115019965874803009597827,0.4078199577848912182886920,-0.3731923349645733800628022,0.8210013259520531070378979,0.1427057628738284122960067
127 1.3284816988573062701561867,-2.1006051227392652513970006,-2.2457839847704805791295257,0.7005737905365291284809359,-1.7067625205077989747337597,1.3064808100237041976754426,-0.7063080647156145808196470,1.0000000000000000000000000,1.8143335226674184301742798,-0.5268519410208116759974928,1.5878829174141346758375448,0.7572782695351838455621873,-0.0652777044269442496826628,-0.0428251547259092535391289,-0.6484075799444317667052928
128 1.2961505671122872662692771,-1.0229912398913831861335666,0.5780014411502958360244975,2.2353105074974290999989535,-1.4866200907619764315370503,0.4341998244771279047427015,-2.7783918716941924387242580,1.0000000000000000000000000,0.8750111009638962267231932,-1.3672497558229232961224398,0.8212609820378711233956892,0.5262204396908283232647818,-0.5041874930132925758385909,-0.6366444707407952208200186,-0.2521284385930001592512895
129 -1.1023772810569734126318053,-0.3283199421881324298055915,3.0077679626563513792802951,0.7466758758633749160082971,0.8563494750705316072014739,-1.5284891282362318420950942,-2.9144323966686767057865382,1.0000000000000000000000000,1.2315163477251775958620783,-0.1222254744431890693956433,1.5686831785060146859933639,-0.0280064656012057877632060,0.3087825912402570316395156,0.7945574951798916041312282,0.5220585799755156353185725
130 -1.2898339845066402187256926,0.5411217537904726704311997,-2.8011325124580492840209445,0.6268403748519906226732701,1.4634130737094270813258845,0.9945190714207052806727916,1.2679257307084865757929037,1.0000000000000000000000000,2.0370590146336491343959096,-0.3447371631171407546645469,1.0265180690857049761177677,-0.0727618970997501168795907,0.0629663105878829898465199,-0.0526871316704582426382331,0.9939632032012939433229803
131 -0.4353571463596781487837006,-0.3846598094318338656449896,0.1770599700815371768669593,1.7538237120471071861516066,-2.1850332073690523770892469,1.7596779357598730797462849,1.6931582782725609348517537,1.0000000000000000000000000,1.1876333787854380652504460,-0.2121441181671971931699261,0.9422239120858103555988805,-0.4605545632179379733628366,-0.3199245724868774454208165,0.3412385263332724516516237,0.7543817305712700038711205
132 0.9042172787364108899055282,0.5554880379189217620705676,0.8404317238667138312280258,2.4230946765863778935568007,-1.8431291637179112452571417,-0.9591111542451882243653927,-1.6583787289547635701580930,1.0000000000000000000000000,1.3503271186360226163714060,-1.3823457356698229947511436,1.1697152086867639297906862,0.4679319236259609771089174,0.1143372562438845774224205,0.5677474255015700910220744,-0.6675533547847867232860608
133 -0.6605852735397177433185334,-1.2039094158666716616323811,0.5707654698708162221976181,2.4765119133063180356657540,1.2193048780263886499142245,-1.2017499053152165267022156,-0.1745811402274206614038121,1.0000000000000000000000000,1.1599179039257130341411539,-0.3614939597165000573220084,1.0211065187327614811607646,-0.0027083113464116959079320,0.2331839884888529113027289,0.5038060960657596565326344,0.8317422909148335374851513
134 -1.3175333989991919736439741,-1.9806945990788258349368789,-2.3946276157796715366998797,1.9290758461892025810158202,-2.2065458973001437215089027,1.3992006668918368639253913,0.6362134867232360768696253,1.0000000000000000000000000,1.0676372160187024284994095,-1.5593052329614873752205995,1.3087828746597882645374966,0.2843103351797461320060734,-0.6644107417176962071536650,0.6639321015613675047717379,-0.1921404001547098172597572
135 0.9163728161927222615190658,0.6460755918701530653436294,-1.1350905418172845262603232,0.8215220653617389956480110,-2.2533122910039091735256989,-0.3372221109922297621608323,-1.5080896822954947822381655,1.0000000000000000000000000,0.6820715822695165853062349,-0.4798059333411057170160063,0.4379203446984928360663503,-0.2168300810297727476694263,0.3851641340580582717478819,0.6407220473889112533072421,0.6277790384647250476746194
136 0.9419314590233005546338063,-1.8527275934031826043479896,-0.1389629444714834960450389,0.3419848318025399125374975,-1.2312403792525832280091436,-1.1646940628444908405469960,-0.5382278069514909724091467,1.0000000000000000000000000,1.2719675164969370673162530,-1.1880130427109791835249553,2.0638591812052569096636034,0.7389959772997498621549539,-0.5918448753207028456557737,0.0474298824993968359819974,0.3183597354874312945760551
137 -1.0054021127555681225373974,-0.6546569574231544397235893,1.7680901811593967565272578,0.9000151373548502808930039,0.5925689406039049700325450,-0.2163044189653606785839202,1.7747542368591551209533463,1.0000000000000000000000000,0.8247831423141094298046028,-0.1426084370315132687778714,1.7477172492607044862467092,-0.3824646524666547864335087,-0.8673488996508121884332354,0.0896573323534727295580637,0.3055912880802155173753931
138 -0.3253086722573377276290785,-2.1143513764708075086673489,1.8252705993571964881994063,1.7817781890499300168073660,-1.5821878074143025383335726,-1.5369393186858044675346946,-1.4041191484449055959515817,1.0000000000000000000000000,1.1171283050456797258931374,-1.4827270138899852902625298,1.1959861678989931466077223,0.8201963641816377714732766,-0.4462882869580239164619684,-0.1355026004666090022610092,-0.3312727516936808669356651
139 -0.0137083633267800486521537,0.4185245269320554406533574,2.6157017230553938347270559,1.3856910191474902660502266,-2.4468358279419297751644535,0.9961423795035577732903675,-2.1300177894863385752444174,1.0000000000000000000000000,0.3233383015908111723923923,-0.6303935799759989855317599,1.2621054524739983015990674,0.0718388024532795044230227,0.8692207234189510689503777,-0.4813613224496841591637519,0.0870838064796924937738254
140 -0.7941449278422791913101264,0.1854315762065499306743277,-0.7295965344860730894538392,0.0388840203252080879314789,2.5860006477194845686540248,0.6455046594173419194362396,-2.4232774398644814084491372,1.0000000000000000000000000,1.1165071871916438794869464,0.1231321999801973376964526,0.9785425451921186956738552,0.1229537695076465264598653,0.2178491380173862013158725,-0.8517174937441349680256053,-0.4604338863872587395142943
141 0.3806100352464776293004434,-1.8673574577888274461656692,-0.0359407496202317489064626,1.5772744628336623495812319,2.9074186281750069582585638,0.5724228916256128840700512,2.7289733881251763136788213,1.0000000000000000000000000,0.6775920803345558685037986,-0.7148430917391134231664296,1.9038162320865206211806253,0.3331066802185177477824141,-0.3772278016891926211151542,0.8248865656694769343815210,0.2574862612287551200118685
142 0.1007060786697653309573752,0.4797097788977953136679844,2.3719215328703828760126271,2.0390335831032291302733483,1.9294888228310682620758598,-1.2954601896786925863125362,1.2839229795611100115593217,1.0000000000000000000000000,0.7825727058060897300961756,-1.2197822742881527791070084,1.2447761204302074666827593,-0.4074407485197968914469868,0.5462117926478013973934367,-0.4254442897096685771707314,0.5955163280194177843895886
143 -1.1935976972041624222242717,-1.8576639903423672883775453,0.0101633542879562277505556,1.1885285045777114198983782,-2.5715402379252672027121207,-1.1309841135988387694766288,-3.0094590272980088485610395,1.0000000000000000000000000,1.3230569296558789549322910,-0.3365786449571133154279323,1.6735665086711197790947381,0.0655610363030433851427858,0.3228921498854756544361067,0.6792392931940556266567910,0.6558005083274245361479871
144 1.4400569294496183836429282,-2.1066038871200771787073336,0.4063363089285858542609731,1.3486436704893798310678221,1.3533206671766571105308685,-0.6150900230235314403159919,2.6475722383980508922718400,1.0000000000000000000000000,0.9889900747736760644457377,-1.2642635447331174169960377,1.9996720614616170230704029,0.3463410394478738663082140,-0.7098623797740339913531216,0.5648263729039728620051619,0.2389819975925087935930691
145 1.4953565142786366948257637,-1.8223598304508996648110042,-1.3801573088765257679710885,0.0341867528297876560605673,-1.0255794868602325919937357,-1.2409979987125301370554098,-0.1401363157197534903275482,1.0000000000000000000000000,1.2444145753722120062434442,-1.0859181454879132111557283,2.0584010343132703724222665,0.6267269489210844923832155,-0.7213065852007269906920328,0.0731693769907951208075758,0.2856119548643231698115130
146 -1.2421206757747160764893124,-0.6557754385549459108517567,2.4674488453439158419655541,1.6148749421093959721673627,2.0710210403222690800362216,1.6684719183760754468437426,-0.0007280617885885298790072,1.0000000000000000000000000,1.2823214612614834972958988,-0.7790439962029734877191345,1.8927117879349486528894886,0.1452994454556405523604212,-0.3872436361927986125941459,-0.0749918784639537483460714,0.9073613032550811308141192
147 -1.1204631758655936302204736,-1.3330659342054582694458986,2.8396870214404579257916339,2.1593241073700246701605465,0.5051077852491792086198075,-1.1984782488859548887916162,-0.1498995984508191270379029,1.0000000000000000000000000,0.8013672410494327991159480,-1.2038551946662314762193091,1.6008240813198282292972863,0.2654436143150925575540100,0.2950173877720087545206695,0.8940213136033415830539184,-0.2079137406852990255234914
148 1.3576752052602718556784112,-1.5643178612102368596481483,-2.4140707942150401166259144,0.6019566295873171046793004,2.9651512421947678888045630,-0.8951466363495671485495109,0.4556263093038586120542277,1.0000000000000000000000000,1.3785067401370763029433419,-0.4130165805142996249266218,1.8843032638246215437760611,0.8191150879776478710425636,0.5451136498205065850086726,-0.0583149895248413208115323,-0.1688157488277554352240628
149 0.2979238463034972195231376,0.2605735662475106018121096,1.7210656264517716351747367,2.5357911267270289989994581,-2.2805672783262878056120826,0.1272737949958142600337396,-0.2284703731646158253454360,1.0000000000000000000000000,1.1003729125361858542930804,-1.4253460793053029931343190,1.2578278288693094388861482,0.4019685908299684418132358,-0.1669202596303224761520312,0.5442629376965760767959068,-0.7171712042137383669171413
150 1.3791463619420873953913542,-1.4614756204972394471042207,-1.4281278402690196216440199,0.0616088942436542608138694,-2.5850486454833525584717790,-1.5322103216480722487347066,2.8019772646441012398099701,1.0000000000000000000000000,0.7452226447427536815126814,-0.8622004932083894290784087,1.8787523767968401511296861,0.0704760699058770700986543,0.1870101623469516693987202,-0.9709877592018842928922595,-0.1313046341129019967119973
151 -0.7072170884867414741847824,-2.1124955137369667568236764,0.3937742965162689401381613,2.5117205381475948833269740,-0.0296162413491942722032491,-1.0575381604050855255394481,2.0564422409848512884877891,1.0000000000000000000000000,0.9604353468817091732390168,-0.4571069563681258163256871,1.5433055388553309494881205,0.5135587712063490739566873,0.5658474318646788958631078,0.6399504764223397090816547,0.0808407060740590210912160
152 -1.0089289285359743786330000,-1.9854980680879661392168600,2.0271371491297616174165341,0.2631039085467829496955972,-0.6709828312247911874521833,-0.7773627675231292721846899,1.4630521417232467129565521,1.0000000000000000000000000,1.1362135385514664509543081,-1.3970950981314087524509659,2.0268584349950029555031961,0.5030606482138708646090208,0.0779822888925075785593322,0.5597322443687842152826306,-0.6538702901651859411558121
153 0.3371730795761123111731195,-0.2930877508409726051041844,-0.6958029757567030237908057,-0.0087803235215974662075666,0.9931490024831841623154105,1.4304578563638794541645893,2.7625390144388841662248524,1.0000000000000000000000000,0.3794707388363922073715173,-0.5816163446574356132856565,1.0430509693876950372271040,-0.0189170059506408860805493,0.8628386439338923130648595,-0.0480829801227785624817557,0.5028294282242059543008850
154 1.4907574711146045487453193,-0.9015577161947998519053726,0.5153358048556868631351335,1.1069150887135950078743463,2.8019339525778477195672167,1.3745432004133846248805639,0.1419815328153695155322112,1.0000000000000000000000000,0.8157172020319498617624276,-1.6266983990326158160399928,1.6934515848758424638731412,0.4870376695411652301359595,-0.6521308811120688497808828,0.3593320693845302171709477,0.4565061837668716870908270
155 0.7028250710222003760918597,-1.1892639539336151699444599,0.9690877330780045539881939,2.4065626809767270977147291,-2.7173753381214922342223872,0.2272733887537865538064352,-2.6463276753049940204221002,1.0000000000000000000000000,0.8320364540743532266731108,-1.3714156754473958432782865,0.9446643477734733007622481,0.5578321848775148472654450,-0.3044055141491442961765301,-0.7548350194262266610323309,0.1624268362924307651518063
156 1.2119576188490430723732061,-0.3033355298677158362607997,-0.2337977357479270601459120,0.5138969275280352855261867,-1.5004671005045377984998822,0.2888223360956856389236691,-1.0093272913854232086805496,1.0000000000000000000000000,0.1557501696313114969427716,-1.2084727360549545327472742,1.0953345299115453403970832,0.0043284502183645878758966,0.9817138252701760325891200,-0.1749034803163558304817116,0.0750053759772777994818682
157 -0.2061557901199644327050464,-0.7752448700593059793817474,-1.5309743178148920161874003,0.1162486719164292497952218,-1.3496544202802025491649829,1.4010302341837244100020143,3.0253991525407872842379220,1.0000000000000000000000000,1.1873671778325605163928458,-0.4861504691806548539290134,1.9509572007509410340730938,0.8036298471801280873805240,-0.3477159861714080868466681,0.3362461744222641213397651,0.3467116657472415486296313
158 -0.3747434238251543536790678,0.6760445338492488964732274,-2.9786757065515918618814339,1.9457003484925721181753033,2.2329257974140004350260824,0.8437744031514400333549020,-0.7209567792946272035692346,1.0000000000000000000000000,1.2467006402437001977290265,-0.1746521367492123721909536,1.4889861234884853580240360,-0.2645059164602905354968243,-0.3846631771700979030015333,0.3742137363680452244452113,0.8012694366104007315243507
159 1.1384467709987755590361758,-0.3757717551899941721416099,-1.2314053395185560191293916,0.8008024258179599064177978,0.6658501049423821704920101,0.9329303255381944381952053,-1.4857244115903622816432517,1.0000000000000000000000000,0.3341564539476781781068837,-0.6953734687008896742099751,1.0502650271944959925463081,0.5136874559293985731400767,0.6397992431602478324847993,-0.5604890349787473580178698,0.1123924552881717664476469
160 0.3597136458441418938036804,0.7076658461199447636147397,-0.5777970321125387442862120,1.8332430585749646123616685,-0.3483557338860610030906173,0.3282010798369860982148793,2.6219571496615916572636706,1.0000000000000000000000000,1.6323030821391397715558469,-0.6559775802910073894125276,0.6932395748903577015198607,-0.2019774268510490800032642,0.0490606476337909769291912,0.0899307755361646449232538,0.9740167234175205468460490
161 -0.7504838685281546295513522,-1.0480274779521987493779989,2.1537573139565635571557323,1.3095695556940365467113452,0.4575258466762144315964633,-0.1511788932851569899895594,-0.2442004791866989599213866,1.0000000000000000000000000,0.6120031583123884955099925,-0.9368561139367717061077201,1.8695195964724871107165427,0.2155366799715757175626152,0.4013114747724384478999582,0.8598248947137594466738619,-0.2306340911659151560186842
162 -0.2504301688732084585353732,0.3662613174939814975061836,2.5434857135431867547481488,2.1846216088526979604012013,2.7136127294984708768765813,-0.9369478894922427247848873,2.2706501114106041328000174,1.0000000000000000000000000,0.9566316174172367903238978,-1.0759984593120346385575203,1.4820583945601002451297745,0.2284454656925797855215876,-0.0535035106143951222357202,0.6300349881858229306175190,-0.7402727514445781586971407
163 -1.1535068315854930531827449,-1.9121686314470918155450363,1.1930068018311992261715204,0.0260083120595702432797935,1.9117621453659436880911926,-0.1874362494833921033432489,-1.9489809790886851725844053,1.0000000000000000000000000,1.0858372645618437069003903,-1.1024949408957354091143088,2.2027204572111203084716635,0.6445672160343826062600670,-0.3240283117623031228227148,0.6566470163078607091833305,0.2198891485987007343716471
164 -0.5977569318145397048169798,-0.3457805955925865593059143,-2.3608602940424150418152749,1.6888074349718200650727340,0.4553176378283265712809680,-0.3940007661081239564992984,2.2196483799454984620069808,1.0000000000000000000000000,1.6794127784213526144441175,-0.6104781978571262035515588,1.8476333257774075757851051,0.5790821598785519386254350,-0.3377299631215632258474102,0.3328251817283034430516864,0.6631950488255918818580881
165 -0.2861808483346208742403860,-1.3890153065053816305862711,0.3437502739158833087174116,0.8045961295639144639224583,0.0439119695680738608700722,-1.0859071543747911281485585,1.4318220508493588738474500,1.0000000000000000000000000,0.9436418077044316232715460,-0.5528276602283738183629680,2.0478788280389919052026926,0.7082502277210503960347410,0.2285194188420362759739390,0.6133017753142565586799151,-0.2646113559049777519405211
166 -0.3112155044620230626151169,-0.2073140176610619445085604,1.4177078148688710967917359,0.7176565164773055505165189,2.0387350643480823819686520,-0.8751999545669487678978271,-2.7452443579548244656507450,1.0000000000000000000000000,0.4127661144981481511351262,-0.4062690031559253456272529,1.0331408306177261025027292,0.3380991164231300638576272,-0.3456473557713031774518697,-0.8520160616891384597337833,-0.2007069905315637670106810
167 -0.5631942423981370904328969,-1.3587975399921634611644095,0.3896524519708459699529612,1.6015255027653301223011795,1.4930969298007417123130836,-0.6704118409643188281066273,-1.6933999375516548546727336,1.0000000000000000000000000,0.9693333267873156522398403,-0.1245133716024171277592103,1.3746473502107945385830590,0.1566784392430186079181453,0.0258007759414314863377626,-0.6834379786775708343071756,-0.7125282492908835418887747
168 0.1410251795395351948059215,0.8311840734240525385700948,-0.8247968061524439953302590,0.1958281394195873770236460,0.5401158090639466280435954,-0.5683966962708382197888568,-2.6218251878837239843278439,1.0000000000000000000000000,0.6778503167529178474737250,-0.3840281625845323176804413,0.4282839243679998353364624,0.3197108407858461065487177,0.9180678553540706499092039,-0.1654529661356359815371775,0.1660105209102630818840396
169 0.9557406980710902999476275,-1.2301286238604822731446120,0.7730475135884193882418458,1.3399518926711528887807390,2.8605551120841674617167882,1.5229966973664326168602656,-0.9738021124400209060922862,1.0000000000000000000000000,0.7812350283529627681389229,-1.3470722044399994210550631,1.8316940658851359469139197,0.0071753494691960510720730,-0.7081893479827232606993448,-0.0496809866553582224479868,0.7042343632105998452175299
170 0.6651955989870872443248118,-0.6389360411008520035380798,0.0840659068939371145745554,2.0984020195959143251229762,1.8682907819865697263139737,1.9311704564933367400669795,-1.5119390888348871460067357,1.0000000000000000000000000,0.6945655033686570778428404,-1.2029533883541323469046347,1.1097009001757587309811015,0.2591763954020440685610538,-0.6458718228735477184798697,-0.4815036627365648636001083,0.5327562443676442383022618
171 -1.1790310079041985691361560,-2.0637214817529176968946558,-1.7344831713123749494798176,0.2508772019692124266576627,-0.8045731889361391608872509,-0.7456998704891377727221879,2.7365400684911485029715550,1.0000000000000000000000000,1.2212657019284107740020318,-1.2363041499149565183302002,2.1199162402598119570029667,0.3780047305679619662477364,-0.5498029161761776029138105,0.5229946815201937937445109,0.5303805898264869478353489
172 -0.8442134365969214959690703,-0.6324921524336055700388215,-0.4773584784110846968019359,0.1101895996407557115626119,-2.3834490591354899891030072,1.4810020797350542665071771,1.5338868338423248260937726,1.0000000000000000000000000,1.4190133540866036732097655,-0.3709188702624282019115753,1.8248973092926017436354869,0.1387212950966544289244098,-0.5851125664481520161075423,-0.1781946490065269284031046,0.7788736797249913301754987
173 0.3925987299354547488405842,-1.2143986512335940286533287,-0.6198843219321332753679599,2.3611622408885333257444472,-2.7109467654134831171575115,-1.0180735804219573914508601,1.9780817931746517146507358,1.0000000000000000000000000,1.0146156426499413072406242,-0.7652767624535897761361980,0.8870191530987653338868881,0.7336937831742167404058819,-0.2334938623134791835234125,-0.6307546448290943796877173,0.0965424655298888767518406
174 -0.8503525835455268966356357,-1.6459111408334741177839078,1.5671672585752247641721624,1.3417957636862039016989456,0.5076937318372971574831354,-0.8174997843037412614819459,1.0284798853739536284024325,1.0000000000000000000000000,0.6399448559909212130847322,-0.7653620394722671083087562,1.8758397845857195385121940,0.4700206875204294698633589,0.5815922337419986432038854,0.6424780359402447738048636,-0.1674836359319686607260991
175 -0.5771476296919240134286611,-1.0610621536337125903060041,-1.4450767693532853286342288,1.0366133372888961527991114,-2.4848990461080795455472980,-1.0743703354694635887511822,0.8727577256037659658716166,1.0000000000000000000000000,1.7359633367144302606988049,-0.3194582941905794171155719,1.4438309962934789965061100,0.8346574376918077797782303,0.1398586304984986705690631,-0.4227389562982321047357459,-0.3241543939203321844644279
176 -0.9142024386401704783011724,0.5475208130807249773397416,1.3048738951836522659277762,2.1591275298693810569261586,-0.9530263714902225125058521,-0.0919543489811553982349324,-2.6442671229118794862245068,1.0000000000000000000000000,0.6012817870334253855801876,-0.8778775885351302044057320,1.0460264181312164399884068,0.1813301669229269164063112,-0.6267540703881382402329336,0.7492734117347001898679082,-0.1135164894227385645741890
177 -0.7827208893262095346088358,-1.6799916004748043363292709,-0.4682231497191011726499710,0.4720484902868273269227473,0.8048248507584561117766953,0.1377647251146303375435309,0.4573827228464106831040681,1.0000000000000000000000000,1.3903170158300879322155197,-0.5826996090314316978364673,2.1843599648506382138180015,0.6346926062444933069883746,-0.0862448006300032266047140,0.6462752296713105693015677,0.4147930934837758543132225
178 -0.8008644190271093643573863,-0.3998188898110848210620816,1.5948268708045585384525111,1.6212256740421173706323543,2.1094341765662809606851624,-0.0677353132333076146665007,-2.2153296857580215828420478,1.0000000000000000000000000,0.4752420407581156025500491,-0.5588701174003071203699733,1.3050383220483570134717866,0.0413477407304048694136611,-0.5060981234493255875861450,-0.8614800839198828441567457,0.0022286807402372432740378
179 0.9169886016007797735483109,0.7769244493087406056019972,2.1251499074536832623039118,2.0764429960951407139191360,-0.1526395802160909198619265,-0.9193183937316032894315754,1.3532042405364119730393213,1.0000000000000000000000000,0.7520939006595891429540757,-1.5721120029126918193895790,1.2419341592612322955346826,-0.4439317380890250297476030,0.8402801582461595364392792,-0.3011903400941490782649623,0.0783328238443136148916324
180 -0.4153350871640257846451050,-0.7805866292145040574723680,-2.1944908386982504566731222,1.0522517740699701693785073,0.6594204069126488043650625,-1.4978484415551092112650622,0.2683319152730203605017323,1.0000000000000000000000000,1.2088644608809597791321266,-0.5271434269524918336813357,1.9576238510723169561345003,0.0758141994484215903105095,-0.8864200957251191503871723,0.2445093978859037009421229,0.3856481900784372585100357
1635
3 2
4 0
5 4
6 0
8 7
9 0
10 5
10 4
10 9
10 3
10 8
11 10
12 8
12 3
12 2
12 10
14 5
14 4
14 10
14 12
14 3
15 10
15 9
15 8
15 12
15 6
15 14
16 11
16 13
16 14
17 14
17 5
17 10
17 4
17 12
18 11
18 16
18 10
18 14
19 16
19 11
19 18
20 19
20 11
20 16
20 18
21 10
21 9
21 17
21 4
21 5
21 15
21 0
21 14
22 20
22 16
22 19
22 11
22 18
23 18
23 11
23 16
23 10
23 17
23 19
24 21
24 10
24 9
24 15
24 17
24 5
24 14
24 0
25 17
25 14
25 10
25 5
25 6
25 4
25 24
25 12
25 21
26 12
26 3
26 2
26 8
26 25
26 17
26 10
26 14
27 13
27 14
27 17
27 16
28 1
28 23
28 15
28 25
28 10
29 3
29 26
29 2
29 12
29 25
29 17
29 10
29 14
30 27
30 5
30 4
30 13
30 14
30 17
30 25
31 15
31 8
31 10
31 25
31 29
31 24
31 26
31 17
31 12
32 25
32 17
32 14
32 12
32 8
32 31
32 5
32 10
32 29
32 6
33 12
33 25
33 8
33 31
33 15
33 10
33 26
33 17
33 32
33 24
33 14
34 2
34 3
34 29
34 26
34 12
35 16
35 18
35 11
35 19
35 20
35 22
35 23
36 35
36 16
36 18
36 20
36 19
36 11
36 22
36 23
37 25
37 17
37 32
37 14
37 10
37 31
37 33
37 24
38 35
38 36
38 18
38 16
38 11
38 19
38 20
38 22
39 30
39 27
39 14
40 16
40 22
40 19
40 20
40 11
40 35
40 38
40 18
40 23
41 35
41 36
41 18
41 11
41 40
41 23
41 16
41 19
41 20
41 22
42 24
42 21
42 0
42 10
42 15
42 31
42 25
42 5
42 17
43 35
43 36
43 41
43 16
43 20
43 11
43 38
43 22
43 19
43 18
44 42
44 21
44 24
44 10
44 0
44 17
44 5
44 25
44 37
45 44
45 21
45 24
45 42
45 10
45 5
45 17
45 25
46 40
46 41
46 38
46 16
46 22
46 19
46 20
46 11
46 18
47 42
47 44
47 45
47 21
47 24
47 0
47 10
47 4
47 15
47 5
47 25
48 41
48 18
48 23
48 35
48 11
48 43
48 36
48 19
48 16
48 20
49 46
49 40
49 16
49 38
49 11
49 22
49 19
49 20
50 45
50 44
50 21
50 24
50 10
50 47
50 17
50 42
50 25
51 14
51 17
51 25
51 4
51 32
52 0
52 6
52 44
52 21
52 47
52 24
52 42
52 25
53 51
53 30
53 14
53 27
53 17
54 51
54 14
54 17
54 25
54 4
54 50
55 0
55 52
55 47
55 50
55 44
55 42
55 6
55 21
55 24
55 9
56 53
56 50
56 45
56 51
56 54
56 14
57 1
58 52
58 55
58 0
58 50
58 6
58 44
58 47
58 21
58 42
58 24
59 54
59 51
59 14
59 25
59 17
59 6
59 32
59 4
60 32
60 37
60 59
60 25
60 17
60 14
60 6
60 31
61 48
61 23
61 21
61 41
61 50
61 24
61 45
61 44
61 18
61 52
61 58
62 46
62 49
62 13
62 35
62 36
62 38
62 40
62 27
63 33
64 28
64 15
64 31
64 8
64 7
64 33
65 28
65 64
65 61
65 1
65 42
65 47
65 44
65 24
65 23
65 15
65 60
65 37
65 50
66 12
66 57
66 63
66 8
66 2
66 26
66 29
66 3
66 34
66 32
66 1
67 22
67 20
67 19
67 11
67 48
68 66
68 63
68 57
68 12
68 2
68 62
68 34
68 3
68 29
68 26
68 23
69 48
69 41
69 18
69 61
69 23
69 38
69 35
69 36
69 10
70 67
70 22
70 20
70 43
70 40
70 69
70 46
70 16
70 11
70 19
70 49
70 35
70 41
71 69
71 61
71 21
71 45
71 9
71 44
71 24
71 50
71 48
71 42
71 47
72 63
73 37
73 32
73 25
73 60
73 59
73 17
73 50
73 14
73 33
73 6
73 24
73 10
73 54
74 48
74 41
74 18
74 69
74 38
74 11
74 35
74 43
74 36
74 49
74 23
74 46
74 16
75 72
76 14
76 12
76 32
76 17
76 37
76 73
76 25
76 60
76 59
76 33
76 34
76 54
76 51
77 69
77 62
77 70
78 14
78 77
78 39
78 30
78 27
79 21
79 71
79 9
79 24
79 45
79 69
79 10
79 44
79 42
79 47
80 69
80 70
80 30
80 78
80 4
80 62
80 43
80 41
80 35
80 14
80 49
80 46
80 5
81 67
81 70
81 22
81 40
81 16
81 20
81 19
81 46
81 49
81 77
81 62
81 78
82 62
82 77
82 78
82 80
82 69
83 69
83 24
83 44
83 42
83 61
83 10
83 21
83 15
83 50
83 47
83 79
84 63
84 32
84 12
84 8
84 37
84 33
84 68
84 76
84 73
84 66
84 31
85 73
85 50
85 61
85 45
85 21
85 44
85 17
85 24
85 10
85 59
85 47
85 14
85 6
86 23
86 77
86 68
86 67
86 18
86 49
86 62
86 70
86 82
86 41
86 40
86 46
87 68
87 66
87 62
87 57
87 82
87 12
87 2
87 63
87 34
87 26
88 18
88 75
88 46
88 49
88 72
88 62
89 27
89 53
89 39
89 30
89 78
89 62
89 14
89 77
89 82
89 13
90 73
90 77
91 77
91 86
91 23
91 69
91 82
91 61
91 49
91 48
91 41
91 18
92 86
92 88
92 75
92 72
92 23
92 18
92 91
92 41
92 49
92 46
92 67
92 48
92 35
92 40
93 89
93 51
93 78
93 39
93 53
93 54
93 59
93 14
93 77
93 30
93 27
93 70
93 90
94 64
94 83
94 65
94 15
94 37
94 31
94 24
94 84
94 28
94 91
94 73
94 23
94 10
95 91
95 69
95 6
95 83
95 23
95 59
95 61
95 25
95 18
95 1
95 48
95 17
96 68
96 87
96 88
96 57
96 62
96 86
96 49
96 18
96 89
96 23
96 46
96 91
96 40
97 70
97 81
97 78
97 77
97 93
97 82
97 40
97 49
97 46
98 66
98 87
98 68
98 57
98 63
98 96
98 84
98 89
98 1
98 32
98 12
99 72
99 88
99 91
99 86
101 89
101 27
101 30
101 96
101 87
101 62
101 13
101 39
101 93
101 68
102 93
102 89
102 97
102 80
102 70
102 82
102 78
102 62
102 39
102 14
102 30
102 13
102 27
103 68
103 87
103 66
103 2
103 34
103 12
103 101
103 89
103 3
103 62
103 82
103 29
103 26
104 83
104 42
104 47
104 44
104 24
104 45
104 10
104 15
104 31
104 50
104 21
104 94
104 55
105 23
105 18
105 91
105 48
105 28
105 74
105 41
105 88
105 95
105 86
105 1
105 57
106 46
106 49
106 91
106 70
106 62
106 88
106 41
106 35
106 40
106 86
106 18
106 82
106 43
106 77
107 18
107 88
107 23
107 41
107 38
107 106
107 35
107 48
107 49
107 105
107 46
107 36
107 74
108 106
108 95
108 91
108 69
108 107
108 18
108 82
108 23
108 88
108 48
108 70
108 86
109 91
109 86
109 84
109 1
109 95
109 59
109 85
109 94
109 37
109 28
109 32
109 57
110 96
110 68
110 103
110 87
110 101
110 62
110 98
110 66
110 88
111 70
111 97
111 77
111 20
111 69
111 19
111 22
111 67
111 81
112 82
112 77
112 91
112 14
112 17
112 89
112 25
112 108
112 106
112 95
112 62
113 25
113 17
113 37
113 14
113 95
113 33
113 112
113 10
113 12
114 31
114 15
114 94
114 113
114 104
114 25
114 83
114 10
114 64
115 89
115 102
115 101
115 93
115 76
115 62
117 107
117 88
117 18
117 23
117 106
117 105
117 108
117 75
117 86
117 41
117 48
117 35
117 72
118 6
118 77
118 95
118 108
118 52
118 56
118 90
118 91
118 111
118 69
118 58
118 61
118 51
118 85
119 75
119 88
120 94
120 65
120 83
120 85
120 104
120 109
120 24
120 10
120 61
120 37
120 73
120 91
120 44
120 113
121 112
121 91
121 109
121 95
121 82
121 113
121 14
121 103
121 17
121 54
121 68
121 25
121 80
122 120
122 65
122 85
122 94
122 73
122 109
122 83
122 95
122 113
122 60
122 37
122 104
122 32
122 24
123 117
123 88
123 92
123 107
123 106
123 119
123 86
123 23
123 75
123 18
123 41
123 46
124 105
124 28
124 23
124 109
124 86
124 91
124 1
124 57
124 117
124 95
124 108
125 87
125 62
125 101
125 103
125 89
125 110
125 68
125 112
125 82
125 13
125 27
125 106
125 98
126 13
126 82
126 62
127 73
127 85
127 14
127 17
127 25
127 122
127 10
127 32
127 37
127 76
127 50
127 59
127 24
127 33
127 60
128 76
128 14
128 78
128 12
128 89
128 82
128 102
128 93
128 62
128 115
129 110
129 103
129 125
129 68
129 87
129 62
129 96
129 2
129 34
129 101
129 3
129 112
129 82
129 66
130 104
130 28
130 114
130 83
130 65
130 64
130 31
130 94
130 120
130 15
130 42
130 47
130 60
130 122
131 56
131 118
131 53
131 51
132 126
132 82
132 62
132 128
132 78
132 13
132 102
132 97
133 112
133 23
133 18
133 68
133 108
133 82
133 107
133 95
133 121
133 87
136 17
136 10
136 82
136 14
136 121
136 113
136 80
136 112
136 12
136 25
136 34
136 69
136 29
136 102
136 26
137 18
137 107
137 23
137 41
137 105
137 48
137 88
137 74
137 49
137 106
137 38
137 35
137 46
138 80
138 82
138 136
138 62
138 103
138 112
138 34
138 78
138 102
138 132
138 128
138 26
138 126
138 2
138 13
139 13
139 115
139 27
139 89
139 102
139 30
139 62
139 97
139 78
139 93
139 81
139 132
139 101
140 68
140 84
140 66
140 98
140 12
141 124
141 105
141 28
141 23
141 95
141 117
141 108
141 91
141 65
141 109
141 1
141 64
141 137
142 123
142 88
142 117
142 107
142 75
142 18
142 23
142 119
142 137
142 92
142 72
142 106
142 96
142 133
143 34
143 2
143 26
143 29
143 138
143 3
143 12
143 13
143 14
143 30
143 17
143 128
143 5
143 82
144 141
144 23
144 61
144 124
144 108
144 117
144 105
144 91
144 86
144 95
144 137
144 69
144 48
144 18
144 106
145 136
145 10
145 24
145 127
145 120
145 21
145 17
145 113
145 85
145 25
145 50
145 79
145 83
145 37
145 33
146 96
146 57
146 1
146 87
146 107
146 125
146 137
146 112
146 101
146 68
146 105
146 86
146 88
147 107
147 133
147 106
147 18
147 62
147 87
147 137
147 125
147 138
147 96
147 82
147 112
147 108
147 88
147 142
148 94
148 64
148 120
148 122
148 84
148 65
148 124
148 109
148 141
148 28
148 114
148 144
148 83
148 145
148 130
149 97
149 78
149 62
149 82
149 132
149 77
149 81
149 70
149 139
149 102
149 13
149 126
150 71
150 79
150 61
150 21
150 69
150 24
150 145
150 83
150 9
150 45
150 44
150 50
150 85
150 136
151 108
151 95
151 69
151 18
151 23
151 48
151 133
151 137
151 107
151 74
151 61
151 118
151 41
151 113
152 80
152 137
152 18
152 106
152 74
152 41
152 11
152 23
152 48
152 69
152 43
152 107
152 35
152 49
152 151
153 65
153 91
153 83
153 120
153 28
153 61
153 124
153 94
153 104
153 105
153 141
153 23
154 109
154 86
154 124
154 99
154 63
154 91
154 57
154 141
154 1
154 28
154 68
154 94
154 84
154 146
155 128
155 78
155 132
155 76
155 13
155 14
155 139
155 143
155 27
155 149
155 138
155 102
155 82
155 39
155 30
156 17
156 14
156 135
156 25
156 5
156 136
156 10
156 76
156 82
156 73
157 61
157 47
157 104
157 85
157 83
157 153
157 42
157 71
157 44
157 131
157 45
157 55
157 0
157 58
157 118
158 114
158 130
158 64
158 31
158 94
158 8
158 84
158 28
158 32
158 60
158 15
158 37
159 84
159 32
159 37
159 12
159 63
159 156
159 8
159 113
159 73
159 109
159 25
159 33
159 17
160 116
160 52
160 0
160 55
161 147
161 112
161 106
161 62
161 137
161 107
161 82
161 18
161 96
161 133
161 121
161 125
161 108
161 146
161 87
162 142
162 117
162 107
162 92
162 123
162 88
162 75
162 18
162 72
162 137
162 23
162 105
162 96
162 106
163 68
163 103
163 66
163 121
163 87
163 161
163 112
163 140
163 98
163 129
163 133
163 96
163 57
163 110
163 146
164 83
164 104
164 130
164 94
164 15
164 95
164 65
164 120
164 114
164 64
164 9
164 31
164 42
164 24
165 23
165 69
165 18
165 151
165 48
165 137
165 152
165 74
165 41
165 95
165 83
165 91
165 108
165 112
165 61
166 68
166 103
166 129
166 163
166 110
166 66
166 63
166 87
166 96
166 12
166 125
166 161
166 98
167 68
167 133
167 66
167 163
167 166
167 103
167 112
167 87
167 12
167 121
167 161
167 8
167 26
167 29
169 154
169 109
169 63
169 98
169 68
169 57
169 99
169 86
169 146
169 167
169 124
169 159
169 84
169 66
170 169
170 63
170 154
170 98
170 159
170 57
170 109
170 99
170 84
170 68
170 32
170 167
170 112
170 1
172 131
172 45
172 4
172 157
172 56
172 44
172 50
172 47
172 5
172 21
172 85
173 71
173 69
173 79
173 21
173 150
173 24
173 61
173 118
173 45
174 18
174 137
174 165
174 23
174 161
174 107
174 152
174 147
174 108
174 106
174 151
174 133
174 112
174 105
174 41
175 79
175 21
175 10
175 24
175 45
175 173
175 71
175 9
175 50
175 44
175 69
175 4
175 17
175 25
175 83
176 13
176 62
176 126
176 125
176 132
176 82
176 139
176 128
177 121
177 95
177 165
177 112
177 23
177 91
177 174
177 113
177 109
177 83
177 1
177 133
177 167
177 28
177 137
177 18
178 68
178 166
178 167
178 87
178 110
178 163
178 103
178 96
178 66
178 125
178 98
178 129
178 161
178 57
179 88
179 106
179 35
179 36
179 123
179 46
179 142
179 41
179 38
179 107
179 49
179 43
179 62
179 18
179 117
180 31
180 15
180 114
180 83
180 164
180 10
180 177
180 113
180 8
180 94
180 104
180 120
180 165
180 29
180 24
180 26
