163
0 0.8683162124880551280270424,-0.5395987553602339392710974,0.0809651382087573090462485,1.6706575281248141617851388,-1.4769501965340288140993152,-1.4353979064316479963281381,-2.7191504599754452442539332,1.0000000000000000000000000,0.6427111764870170329544408,0.3577202521067672225107970,0.9593162654174101078297099,0.0000000000000000000000000,0.0000000000000000000000000,0.0000000000000000000000000,1.0000000000000000000000000
1 0.2457600021944434665055468,-0.1884036248110754485640683,0.8774816888274942217051944,1.6940988855130583168318026,1.0781725846107226285397473,0.7959634441863574494391287,0.4607291268300026110260603,1.0000000000000000000000000,0.6427111764870170329544408,0.3577202521067672225107970,0.9593162654174101078297099,0.0000000000000000000000000,0.0000000000000000000000000,0.0000000000000000000000000,1.0000000000000000000000000
2 -0.2165207975139320506485774,-0.5710904286586658828994700,0.4065527638905232499233477,2.0781177573993425689025116,-1.9753588265694475012423936,-1.2832492819443575005067260,-2.9327287732574340850533190,1.0000000000000000000000000,0.2629959450629520967268604,0.4459940711250500178230993,0.9565882385622654915380281,0.0000000000000000000000000,0.0000000000000000000000000,0.0000000000000000000000000,1.0000000000000000000000000
3 -0.8364681498610532228710213,1.0177695016580696751873347,0.5723549833331510461320590,2.3996332731771525814679080,-1.2153458401403045563426986,-1.3950466198823632257841609,1.2210982300338208972334542,1.0000000000000000000000000,0.2629959450629520967268604,0.4459940711250500178230993,0.9565882385622654915380281,0.0000000000000000000000000,0.0000000000000000000000000,0.0000000000000000000000000,1.0000000000000000000000000
4 1.2924914903836954849225549,0.0295878185657051651080707,-1.0998220989981040141003632,1.1789385912195327055229654,1.8288581312241403153961983,-0.4984178743317806414836468,2.7610662461482515794841675,1.0000000000000000000000000,-0.0457197333666122252004982,0.0369089151438832252516420,0.9559152630231879665956285,0.0000000000000000000000000,0.0000000000000000000000000,0.0000000000000000000000000,1.0000000000000000000000000
5 -0.0486153972267842418575334,-0.2356354539429094119284969,0.4151678778971240046935520,1.0079377882361639784392082,1.6290298057670646869610209,0.9728432961147479574037789,0.6893575710263232236840736,1.0000000000000000000000000,-0.0457197333666122252004982,0.0369089151438832252516420,0.9559152630231879665956285,0.0000000000000000000000000,0.0000000000000000000000000,0.0000000000000000000000000,1.0000000000000000000000000
6 1.4639321346273095336698589,-0.2885432453505884509148416,-0.6715021669228611322921552,1.5014757720730926848773379,-1.5272949796982899783870380,0.9147810956532049786460448,-0.3723289981258754988147075,1.0000000000000000000000000,0.1023811816016124698336398,0.1293634248102844552796853,0.9550791484746519177662094,0.0000000000000000000000000,0.0000000000000000000000000,0.0000000000000000000000000,1.0000000000000000000000000
7 1.0800355897837874419309401,-0.2918666726907909181321088,-0.0678170435452188219427327,1.0433635033079937670663639,-1.5894233247356333027511255,1.4792107904698750253658091,-0.8130333155494207098001880,1.0000000000000000000000000,0.1023811816016124698336398,0.1293634248102844552796853,0.9550791484746519177662094,0.0000000000000000000000000,0.0000000000000000000000000,0.0000000000000000000000000,1.0000000000000000000000000
8 1.4482493402362055512355710,-1.0862811336988582588958252,-1.1314930984761404353378111,1.6918574150580854009717768,2.2633820716454824406582702,0.9490185128287498272925404,1.1699510095720893065873724,1.0000000000000000000000000,0.2746370658393190722357247,0.0676490052918200523990322,1.3653137308151059858829512,0.0000000000000000000000000,0.0000000000000000000000000,0.0000000000000000000000000,1.0000000000000000000000000
9 -0.0975254812497879930432987,-0.6796862835982906414500349,1.1627196982203134023592384,1.1424112778888941832633463,-2.3544748387954745894035113,-0.7864637311019300192072023,-1.6079840099561573119046898,1.0000000000000000000000000,0.2746370658393190722357247,0.0676490052918200523990322,1.3653137308151059858829512,0.0000000000000000000000000,0.0000000000000000000000000,0.0000000000000000000000000,1.0000000000000000000000000
10 1.0125080124801248970811685,0.5963388384671256536861961,2.6347761270899043850590715,1.8056897939816483056318930,2.3842544437136599100313106,1.5579863458676199705621457,-2.5682365314076518458819010,1.0000000000000000000000000,0.4505816242660309889345172,0.1578231352650668051218474,1.3315600888717733507604635,0.0000000000000000000000000,0.0000000000000000000000000,0.0000000000000000000000000,1.0000000000000000000000000
11 0.2836090500603216657538042,-0.7076892877174029150566525,0.7153371883632804184571796,0.9458179987733559279661222,1.0518899606392011492062011,1.3646253435242106100133697,1.4765732310348165245983409,1.0000000000000000000000000,0.4505816242660309889345172,0.1578231352650668051218474,1.3315600888717733507604635,0.0000000000000000000000000,0.0000000000000000000000000,0.0000000000000000000000000,1.0000000000000000000000000
12 1.2124532147442690366290208,-0.6090694117017482200893141,-0.4664802034963419496982340,0.9488409252832863405302533,1.8831135327592569694843405,1.7994097027924889076189174,1.2905723460623854670359378,1.0000000000000000000000000,0.7154498016300843143966404,0.2833343971443056941161842,1.2287210700468722546219169,0.0000000000000000000000000,0.0000000000000000000000000,0.0000000000000000000000000,1.0000000000000000000000000
13 0.4937862674091073600379787,-0.8470583121824212247119590,0.7826172986158246303034502,1.6097068990999856552548408,1.4702252532646036264907252,0.8854483721710035837304531,0.8745799611325254518945371,1.0000000000000000000000000,0.7154498016300843143966404,0.2833343971443056941161842,1.2287210700468722546219169,0.0000000000000000000000000,0.0000000000000000000000000,0.0000000000000000000000000,1.0000000000000000000000000
14 0.5750690431148854919740643,-0.2560436935946098779837143,2.0464057664241654954651040,0.8489670366577427573773207,-0.9300795231969515297620887,0.6832751730379067467424647,2.4891990678939075465336828,1.0000000000000000000000000,0.7115415825795110560392231,0.1164405724575932193909367,1.4741010070424998001925587,0.0000000000000000000000000,0.0000000000000000000000000,0.0000000000000000000000000,1.0000000000000000000000000
15 0.8359956099178500465995967,0.1255149355950465339670785,2.6418883937887494006702127,1.1685093214199024913568792,0.9446341182788507984113835,-0.8619713878081978197798207,-0.1062364748857507479318230,1.0000000000000000000000000,0.7115415825795110560392231,0.1164405724575932193909367,1.4741010070424998001925587,0.0000000000000000000000000,0.0000000000000000000000000,0.0000000000000000000000000,1.0000000000000000000000000
16 0.8496533349261625733817027,0.6501006906400792484390649,2.8344471651147977731000083,2.0809866493337016990494703,0.7901444663346205432574720,-1.2922703443524754529647680,0.0432524619343673186189214,1.0000000000000000000000000,0.6566978725170240505093489,0.3340290542617575519912521,1.3649116490571346904658867,0.0000000000000000000000000,0.0000000000000000000000000,0.0000000000000000000000000,1.0000000000000000000000000
17 0.5973080440048952333143006,-0.6743175543988269016182358,0.7976717167295399590898342,0.8331594466843809110301322,0.9621795607681445927639174,1.6203241756280530871947576,1.5844203874978528556738411,1.0000000000000000000000000,0.6566978725170240505093489,0.3340290542617575519912521,1.3649116490571346904658867,0.0000000000000000000000000,0.0000000000000000000000000,0.0000000000000000000000000,1.0000000000000000000000000
18 1.1491674739046113806750782,-0.5863662603429179442926511,-0.1541007560883600191470322,0.5934320698210162614572027,1.6900239531602880838079273,0.6992027406577032699885876,1.5621180713158548947205873,1.0000000000000000000000000,0.7563402901479696627262683,0.0029318728265035343127920,1.3149664876120938927783754,0.0000000000000000000000000,0.0000000000000000000000000,0.0000000000000000000000000,1.0000000000000000000000000
19 0.7635148175234298673075273,-0.4305935854252083139215301,1.2535201052418953882039432,0.9280739735000993473335029,0.6154160883018008343370298,-0.2693652984543541961670599,1.4646562396146554085873959,1.0000000000000000000000000,0.7563402901479696627262683,0.0029318728265035343127920,1.3149664876120938927783754,0.0000000000000000000000000,0.0000000000000000000000000,0.0000000000000000000000000,1.0000000000000000000000000
20 1.2797653540564923879685466,-0.3920714311564645893071201,-0.1500548595282870101286221,0.1230863336476297614785480,0.3229301923294833343014432,0.2743647595748142098415201,2.9529507642783938692332413,1.0000000000000000000000000,0.7629430469232346689878455,-0.0611575094569276611622399,1.3393463935420597543668464,0.0000000000000000000000000,0.0000000000000000000000000,0.0000000000000000000000000,1.0000000000000000000000000
21 1.1232195183565705232098253,-0.0801439792675699563817560,2.6927660394511558905605852,0.2271638001157905428772921,1.0963233599674926388445328,-0.3486440981964786800517686,-0.6160945010224030404799578,1.0000000000000000000000000,0.7479102724454879114190931,-0.0514523535973636231277695,1.3757327227740234754094217,0.0000000000000000000000000,0.0000000000000000000000000,0.0000000000000000000000000,1.0000000000000000000000000
22 1.2250340075672108142157413,-0.5544171831529827176865410,0.0794125716569532985600333,0.4699988496275788740774715,0.8523763640847903388930717,0.1423178206394974942838871,2.2101641263795586134222049,1.0000000000000000000000000,0.7773232053021542631299212,-0.0440731356172231747425627,1.3320242033256330937973644,0.0000000000000000000000000,0.0000000000000000000000000,0.0000000000000000000000000,1.0000000000000000000000000
23 1.0801844133186886409703220,-0.3694923160986043897402453,1.0529679161324718705827763,0.4159459605015864425148209,1.1156801919055912009071108,-0.2882522115429175801892825,1.0321067980007023745514516,1.0000000000000000000000000,0.7773232053021542631299212,-0.0440731356172231747425627,1.3320242033256330937973644,0.0000000000000000000000000,0.0000000000000000000000000,0.0000000000000000000000000,1.0000000000000000000000000
24 1.1366501044809684817238349,-0.7600330140918036825325999,0.3533175393726574742281343,0.7160968699608195597861027,1.6618864720033899029516533,-0.2071291071861651733598819,1.2021461620424263028183987,1.0000000000000000000000000,0.7227142407944026070154564,-0.0274282597738449776536562,1.4080949524688044505182916,0.0000000000000000000000000,0.0000000000000000000000000,0.0000000000000000000000000,1.0000000000000000000000000
25 1.1500496368981527606223381,-0.7564793813927954690967681,0.0461165671053588646643995,0.6493868878713366932231565,1.1415533572800531381119526,0.2780154511695800412240942,1.9639081797133330908877724,1.0000000000000000000000000,0.7227142407944026070154564,-0.0274282597738449776536562,1.4080949524688044505182916,0.0000000000000000000000000,0.0000000000000000000000000,0.0000000000000000000000000,1.0000000000000000000000000
26 0.7700727159294074031237187,0.8045282101485825565490018,2.0112481446333934087533635,1.2792058358546576357639424,2.3119385684946665016070710,0.8437681332434379122275914,-1.6832449325840772580420435,1.0000000000000000000000000,0.6775050253735412919553482,0.0692653077977082309857337,0.9599114239564684458727584,0.0000000000000000000000000,0.0000000000000000000000000,0.0000000000000000000000000,1.0000000000000000000000000
27 0.5716875575193738345802785,0.1433563676823571275686930,1.2068040189217341673355577,1.3588855151838994395063764,2.6714864532401119134874534,0.8067308463187568001728778,-1.0402178105221446813288821,1.0000000000000000000000000,0.6775050253735412919553482,0.0692653077977082309857337,0.9599114239564684458727584,0.0000000000000000000000000,0.0000000000000000000000000,0.0000000000000000000000000,1.0000000000000000000000000
28 -0.4179630907396874039960721,-0.1632356102662878005737923,0.8367344174679373081104927,2.2106502256892590629888673,1.3081254284244456798091960,0.6722115488593520815641114,-0.0793271309038046795736321,1.0000000000000000000000000,0.3918729134098966060406610,0.4122501121192472806065155,0.9554181598687628840238517,0.0000000000000000000000000,0.0000000000000000000000000,0.0000000000000000000000000,1.0000000000000000000000000
29 0.7472081824848502140667961,-0.5696623493498259582779042,-0.3045153292003812128818652,2.4000946317675020402759856,2.0151745281484756411316539,1.8991159782275164324971684,-0.1128066338972221194225654,1.0000000000000000000000000,0.3918729134098966060406610,0.4122501121192472806065155,0.9554181598687628840238517,0.0000000000000000000000000,0.0000000000000000000000000,0.0000000000000000000000000,1.0000000000000000000000000
30 0.2224788284381704339676133,0.2161816618442826132273638,1.2197765361013368501374998,1.6979001544840019999327296,2.6740748485142127321978478,1.0403242760991324722397167,-1.2202784357509801616004097,1.0000000000000000000000000,0.4698845384269415004219184,0.0894936074453842045350882,0.9574340037174681183884672,0.0000000000000000000000000,0.0000000000000000000000000,0.0000000000000000000000000,1.0000000000000000000000000
31 0.4162112563433339462726224,-0.3274347025000243771586383,0.5025030748032732752506035,1.2900609890787126943223484,-1.5155522671894179342899633,-0.9620174518609501124188910,-2.6174815645273254993696810,1.0000000000000000000000000,0.4698845384269415004219184,0.0894936074453842045350882,0.9574340037174681183884672,0.0000000000000000000000000,0.0000000000000000000000000,0.0000000000000000000000000,1.0000000000000000000000000
32 -0.0716567376976202374816438,0.8723840204642169249282802,1.1543301392186269271888932,2.1784443026048312397335849,2.4839310856623990630964727,0.7271530505861867332839665,-1.9333144447175587554710319,1.0000000000000000000000000,0.6414395744872463112074001,0.3824355664348395578144846,0.9577173896705346578528406,0.0000000000000000000000000,0.0000000000000000000000000,0.0000000000000000000000000,1.0000000000000000000000000
33 0.7364730939722247127221522,-0.5661283634496703243144111,0.2566265964738006499779033,1.8513052358644594974634856,-1.4403189583330322509624466,-1.2955413250231841981729985,-2.8891619073628471703329978,1.0000000000000000000000000,0.6414395744872463112074001,0.3824355664348395578144846,0.9577173896705346578528406,0.0000000000000000000000000,0.0000000000000000000000000,0.0000000000000000000000000,1.0000000000000000000000000
34 -0.1258804440734384855193895,0.3403503959113269305980509,1.0269627075151013251286258,2.2513312079277207899963287,2.3023443644805650087903359,0.6313590862002964598787003,-1.3032938832081133462281741,1.0000000000000000000000000,0.5801859769645081321698399,0.3921433582399708184240694,0.9555935771021030200600421,0.0000000000000000000000000,0.0000000000000000000000000,0.0000000000000000000000000,1.0000000000000000000000000
35 0.4425152106936545148840878,-0.4808034128390543671116575,0.4334801029934381433328383,1.7701747591695131678335429,1.3155606171914120405830317,1.2415660574294467011213783,0.3799071194634980330739893,1.0000000000000000000000000,0.5801859769645081321698399,0.3921433582399708184240694,0.9555935771021030200600421,0.0000000000000000000000000,0.0000000000000000000000000,0.0000000000000000000000000,1.0000000000000000000000000
36 0.8937063415647991115875470,0.8018868137533501361247090,2.2992795487299546586257293,1.0383410654050406751736091,-0.8996343161919673203641423,-0.2672025346044462068562098,1.4248630319248700715206724,1.0000000000000000000000000,0.7764617551753585367180222,0.0530115419174598256901731,0.9576780359552604648953888,0.0000000000000000000000000,0.0000000000000000000000000,0.0000000000000000000000000,1.0000000000000000000000000
37 1.1681003567407040044656696,0.6421849648225014250968457,2.5578869023573012064787235,0.5829041815115110214406968,1.7493919250657847808128054,0.4603176845518488491393327,-1.2747010472997621910451471,1.0000000000000000000000000,0.7353375230428471631682896,-0.0285838440240285610038917,0.9550476245768589889095779,0.0000000000000000000000000,0.0000000000000000000000000,0.0000000000000000000000000,1.0000000000000000000000000
38 1.2344528383052331133029611,0.5079376944020055351103338,-2.6694968206503610907986968,0.2976299130545340676512467,1.5459280779773865166504265,-0.5527481728013363682094905,-2.0459156128758437809267434,1.0000000000000000000000000,0.7353375230428471631682896,-0.0285838440240285610038917,0.9550476245768589889095779,0.0000000000000000000000000,0.0000000000000000000000000,0.0000000000000000000000000,1.0000000000000000000000000
39 1.0030490690343156767738719,0.4419043057830859266843504,1.8479837738581541550786369,0.6061422253456065778465245,2.2912973140801633498142564,0.5393864875842755424173447,-1.1578009594576410545840872,1.0000000000000000000000000,0.7541620359076941504383740,-0.0202124985634407478007901,0.9599477372946905173733967,0.0000000000000000000000000,0.0000000000000000000000000,0.0000000000000000000000000,1.0000000000000000000000000
40 1.2428941529443566782475727,0.6689899661197319380434578,2.7417445725632534347937508,0.5951616723507983097718466,1.6241030414089276945333040,0.4174951640504855898683445,-1.3061069744870814623993738,1.0000000000000000000000000,0.7541620359076941504383740,-0.0202124985634407478007901,0.9599477372946905173733967,0.0000000000000000000000000,0.0000000000000000000000000,0.0000000000000000000000000,1.0000000000000000000000000
41 1.3523838904554785766976011,0.4856122908456773079599600,-2.2975390840467437847394194,0.3858447972263086556132805,1.2482923191202135448918398,-0.4809615765609600579466587,-2.0547394805272842788212984,1.0000000000000000000000000,0.7234206517801715641269311,-0.0445795715295614625173215,0.9586121893807371119322625,0.0000000000000000000000000,0.0000000000000000000000000,0.0000000000000000000000000,1.0000000000000000000000000
42 1.1267517902798633855354637,0.0859138287427548413832668,-0.0882269551842241039896209,0.2354117161635877752967616,2.2492774600617693181447976,0.5345579111178211384469705,0.8964767002001263751509441,1.0000000000000000000000000,0.7234206517801715641269311,-0.0445795715295614625173215,0.9586121893807371119322625,0.0000000000000000000000000,0.0000000000000000000000000,0.0000000000000000000000000,1.0000000000000000000000000
43 -1.6675546529812870222286847,-0.4772308145604238216463955,-0.5169353824467637359418859,0.3906889544151206372646357,-2.3911179016205101888203899,1.2340652245098699957281951,-1.3346110624948568368353108,1.0000000000000000000000000,-0.1384307314525564103213640,1.7050424936444228407594892,1.6566037779136528751422475,0.7262358960327207624274592,0.3550643579761236789948953,0.5578084035445153299193066,-0.1880380675287991465438608
44 -1.5110028843374943008370792,-0.1315023355365272372807794,0.9605207293790058997728920,0.8807409187828846297563246,-1.9614702781999813208102523,-1.3239800856660453032276337,2.5433610680291254269036472,1.0000000000000000000000000,-0.6150366333780229455285848,0.9275131389108532964371534,1.1867695801479738459960345,0.2017819973987639015078344,-0.6751757619676888033666273,-0.5109440257602632096123330,0.4922963839721381518188537
45 0.3596018325366103773887971,-1.0559773680507098525538368,-2.9329781992216448216481695,1.2401551263286521020745568,-1.2217467008152727014902439,-0.8698250200987672764441072,1.2302773004319886851476440,1.0000000000000000000000000,-0.0533820425698063386055203,1.1483964923590934681385534,1.9868279043868473099365701,0.1362192436135410966713266,-0.5042097675981224158547889,0.7745643799597621281805004,0.3567416689849198241368811
46 -0.5431617693966397375504584,-1.5904662905174613563019648,0.0632165007741405382546418,1.1202560438151729638178722,3.0528737485343002688864544,-0.9465639752964126740764073,1.6587898474409197291379314,1.0000000000000000000000000,-0.4937472155331859013926987,0.7292957763529891446196984,1.5556481997999027644397074,0.0932949596094489463915522,0.7033686323372125848152336,-0.6603414469161630329097079,0.2459991240159273007126473
47 -0.2660320928530939266209998,0.2134518911691625220328206,1.9849967993740351701603686,0.4015135209632634261112116,-1.2342702011602326717110145,1.3151134327784905764247014,2.9019831988955768764526510,1.0000000000000000000000000,-0.2028101557756676054378175,0.1711897876071978574774590,0.8627234666596734768972965,-0.5886159139931201877971034,0.5453896665922924880121059,0.0294601509472131595224198,0.5959960534558966793738932
48 0.9845404053996662518954963,-0.5172761246628481135445554,1.1898732988622908735010242,1.0351650625603108224481730,2.8783182414264034676421034,0.7819595781443400284160816,2.4181655135160147196415892,1.0000000000000000000000000,0.8609904305141506952736563,0.1508271661847179756499315,1.5070561627443557206618152,-0.0798667777746319695886257,-0.2713234725081324349993395,-0.4463955558373332022092939,0.8489603553276658942650101
49 0.8231086744040938540933894,-1.1791707716333541533515472,1.6463142115781748131553286,0.7304744389636786960906534,0.4858986744698601256686743,-0.3559733620940488396655610,-1.4743564514188827185847686,1.0000000000000000000000000,0.6994306525041000810460901,0.5041438956654477054897256,2.0352884531529777945024762,-0.1809900843780040957664568,-0.3983998525217771202733275,-0.3669415638409853075430078,0.8208970126172303594103141
50 0.6289900687023011194298761,0.0133768303675467770119667,-2.9367785865695674729636266,0.0217566505464523302082469,-2.8800789197958445164715613,0.3392316580974175099782997,0.0950178801845842357920446,1.0000000000000000000000000,0.0991625056564233997580260,-0.1790212625740479346347911,1.1236519699161020557909296,0.3077955026019215667432150,-0.1043920229018926448816273,-0.6993286295630335436257496,0.6366329646638632100419386
51 0.6111320652403726683132845,-0.5908146668997660277966588,1.4111830100036648616423918,0.8434847141399440806353027,-0.0926630490383426597134076,1.8802310840084257570481441,0.8657949384575687190590543,1.0000000000000000000000000,0.6393643321175227489661097,0.4727402552016569114989863,1.2565539448937168565123557,0.7296676466978788688777513,0.4848882643012181192787580,-0.1143002302783727719415197,0.4684033593133315465095734
52 -1.1327428770766969634564703,-0.1881016229973644371398223,2.0081133330597769059977509,2.0144967761433201225429457,-1.5517049444097583688062514,1.1775009927562747336082793,2.2913223683444421396870894,1.0000000000000000000000000,-0.1770868898638098543063535,0.4424558043501212734049943,1.1266203532300023137935341,0.6317703086698790437836237,-0.4295694250725209384356162,-0.6379214032654026977908757,0.0969044011916219971691788
53 0.6171251700915143523218376,-1.8809332435791998872076647,-2.7023369479883525556829227,0.1827089039500378042646389,2.7162926817598256334918005,0.3904521563055185495727528,-0.5130155919389873808711400,1.0000000000000000000000000,0.1925784372553837608954552,1.2257844149356182938959137,2.1671792879185636238048573,0.6237951666696722741178860,0.3538722383171841734395002,0.6390952315415684426014309,-0.2778652910067513914782467
54 -0.0359972454514121409374638,0.1936117424446215373734503,-0.4579256735999832628181139,1.3611567093800549521631638,0.2862126763468664236711447,1.2370746331138122720005867,-2.5499624103843059330642973,1.0000000000000000000000000,0.0331197846815058233316265,0.9944094337749642686929974,0.5678655510853374277502326,0.4018900081177353977857081,0.3386617973025440875289860,0.2077443895667195339349576,0.8250046610085368659071037
55 1.2185463772294342632562802,-1.7801475187442949987826069,-0.6260352382820122407736108,2.5636819215946280436924098,1.9859565524416771253868319,-0.8383301213381512129174666,-2.2098556365765893438890544,1.0000000000000000000000000,0.0118381685534981948015876,0.5719154379766629991976856,1.0127013975249758992447369,0.3217404042286277077167256,0.5078567514441311159245629,-0.7406282386456132238450323,0.3000537778227031493472055
56 -1.5231262025466842935372824,0.2861077285311690587832345,-2.1752312765412766815131818,1.0314557303755800266031883,0.6339523478694966129864952,-1.3670636962192106445002082,-1.0314292282603818584618693,1.0000000000000000000000000,-0.3522993052137001201984390,1.6785750349093202515859957,1.2631237275689712884485516,-0.0869035386808645060607859,-0.9892071894822120903256746,0.1020994324633944794200602,0.0590811340906620130475346
57 -1.5557822526411733132789550,-0.5672501370833487044365029,1.3978965135711476364122063,2.0241711035362310866503321,-1.8992924353993929642570038,1.6489520235076473575475120,2.9387400980218041368630111,1.0000000000000000000000000,-0.4045968876134756198048592,1.0458923083560989208962155,1.0033025744548451640980602,-0.1156674303867817332758250,0.4592585266675315858186934,0.7292440291914940031503534,0.4938659427304901705646500
58 -1.6560681617415924371528035,-1.3575805267424230216022352,2.8573642233213236707456417,1.1945233058279951521285511,2.1032368930840110721192104,-0.1586324972868080607213415,-1.3621077489811499461325184,1.0000000000000000000000000,0.3510595633858236697122379,0.4088485932551988999428261,1.9044981862409660067214645,0.1991219441405832624170102,-0.4316326585417092354113322,-0.4624344897087514505429340,0.7484622859945000428183448
59 -1.1060528933397373307911948,-0.8121441398268303135665747,-2.5446235212108336831704491,0.0348056676968958450535396,-1.6444831281050495963569347,1.6369882402065369930710403,-2.3637727689057461688548756,1.0000000000000000000000000,-0.2215055386912423429635055,0.8156783592381170455709594,1.8496803054356931728108293,0.6200875790151805233563209,-0.4256853516361322475880513,0.5153214716358929248229970,-0.4107614285324011071942607
60 -1.0503076258302179724068992,0.1139003269210925317622696,2.9275654628066485329895841,1.6132958592210409065614840,2.3928670418811348596932476,-1.4250114140535106166396417,0.4852668362354237707734228,1.0000000000000000000000000,-0.0739387088570836459311408,0.6889725467657789037545513,1.5755945300786828866534961,0.8232922364453674202167122,-0.4492729970316141629993467,0.1900885884688496840766447,-0.2901858153737336687427728
61 0.1541155759632417687754469,-0.3025982642767939267969268,-0.9696642642420916224921257,1.2651592176347778995193494,1.9146743925202986957856410,-0.1861555935070169365275206,-2.7249049626402115364953715,1.0000000000000000000000000,-0.6964131959595949439290052,0.7341988450813605737721446,0.9634100775306857489255208,0.1986828271477818763646184,0.7923562520077228610304587,-0.5739173643273711711287888,0.0575620790548324601232366
62 -0.6044989019861461976290684,-1.2855945153229841881881157,1.6006828286363097291200575,1.9214345303994762037547162,-3.0403056484131636416634592,-0.2661533223594685360069434,-1.9596147993098083084362315,1.0000000000000000000000000,0.3044331959731426673343435,0.2411649660544235018733161,1.2295129008106175927395043,0.6997040838114918503976014,-0.2165360017191768071675995,-0.5217555866163074984598325,0.4373731056506037773168316
63 0.1918503112739957661148082,0.8074026860885337164575049,-1.6734972770872409419951055,2.3883943968929322032579421,0.6435103633713490367540544,-0.4244679338144055069648175,-2.2125976809568692615926011,1.0000000000000000000000000,-0.3272523671415311086185795,1.1582100096149781087717656,1.3046501145095055207434598,-0.3948848566544205240802512,-0.7817303267408609590560786,-0.4698699916300624890297399,0.1103796504675149670049450
64 0.4811241653346804980628804,-0.6712731093095021250860555,-0.8895718181068152929924508,2.2586420128292599152075582,-1.6319796613356936099137329,-0.7496423834470865577017662,2.2432643018766604825486866,1.0000000000000000000000000,-0.1318599783243961931500365,0.6832748062314610848488883,0.7488630697535015867671859,0.6931309449706748448960525,-0.0053069330065771969096033,-0.7149293921105190907638871,0.0917341081169620181645641
65 -0.7435207266167325190764359,0.1863518612502850224643680,-1.6911167712387038530863492,1.1088239190349464813323266,2.9526165570065456833503958,1.1771860909207494394479454,-0.4260533301648932180683005,1.0000000000000000000000000,-0.6911187452677387543786836,1.2800026004908457988307191,0.9904192673602797425402855,0.1866326982228755926307429,-0.4418037671320438342092984,-0.8759957375385760691699488,-0.0510583217525482080390020
66 0.3718176657861311795727488,-0.0143378428674010294230357,-1.9356368764588998132580855,1.6664979187047563868873112,-2.8376704099647098722414285,-1.4854842512480779248562612,-1.5487134632103674025671580,1.0000000000000000000000000,-0.2085197778509689792159065,1.0277283726669463881364663,1.2365157837984275257525724,0.0844691453272104486593719,0.2344515114106536235460965,0.5459333418982028618415825,0.7999075469990373221662594
67 -1.4407821176647221950162248,-0.8498671034755496123125340,0.5079307523183791417409338,0.1069018829972026157770770,-0.6146720341386608943423653,1.7646129411432345257537690,-0.5566547365140426251173267,1.0000000000000000000000000,-0.4154346555226697268459191,1.4141872206527641431250686,1.3755597865546567160066616,0.5443124812622666119921178,0.1169397079946771222935809,-0.8101576070861220557617344,-0.1835522595911845411542629
68 -0.9734085097166026434578612,-0.6681470868434509213784622,1.8549054526152097821523057,0.5533251293074921139947264,0.8059072421709574385317865,0.0405754226791186223266550,2.1911445191205221050267937,1.0000000000000000000000000,-0.5697241745198434736963122,0.6418768153074003723901342,1.8635077552362375730155009,0.4071983767497539541402318,-0.6827216937784552630574808,0.5947117745461464322076495,0.1199843797965646219338964
69 0.5716146721090096249895396,-1.0728673761030038669161968,-2.1763473556331693892218482,0.8423910804988773426416060,0.5844890109708016368017525,-0.9371499352200042265437219,2.7197409096801381522823249,1.0000000000000000000000000,-0.0275517906407339030483428,0.7526925702146169960826683,2.1123828319829240918181767,-0.2464293796436190786547371,-0.5509116694608628961304930,-0.2981594792724251985482908,0.7395049736901819770196198
70 -1.1874580478698542052029552,-0.8363208187200690257867564,2.2260893874568674632996590,1.3626572189147847513623901,3.0541347242310346032923007,0.7541809835189958732826199,0.0047076409867532476027918,1.0000000000000000000000000,-0.2003233966606823290845796,0.5858991845978389623184057,1.9646012820233236251254993,0.5005355832598060716875921,-0.5567105531106590898815512,0.6283020223250538327519621,0.2115935305482745110161602
71 1.0758220777367082376940743,-1.2157316666872852728431553,-0.7078392157998441014399305,2.3459576049539991871029088,-1.3724993201976174450607004,-1.3773579545481058339362335,-2.3171526812706852993528628,1.0000000000000000000000000,0.3674142262654742085992154,0.3518437101194890614941357,1.0846950662590069125457148,0.9220846563137770068863119,-0.3357811898297667352331075,-0.0901861061307192013458689,-0.1699268228207230779780446
72 -0.2764489954227122847640885,-1.1994623315550674291785072,3.0189785623316618412559365,0.3349652436380112785485608,-2.5754995413899886003150641,-0.6793320094976001977116198,-1.1335228137916528723394549,1.0000000000000000000000000,0.2112862224190766025078148,0.9775784002887961676719897,2.1779764369728717987584332,0.7820879739654958973105181,0.1254570893460810188102528,0.5615186075934469611681266,0.2393609921723306444008017
73 -0.9084032007866583713351361,-0.6064825750605586929253832,-1.3093367751157261036354384,2.3311586509818016388351225,-2.7529921068595686328706051,0.7981189204907579437531240,-3.0401912359563594279165955,1.0000000000000000000000000,0.1123424935081990955199061,1.6188473851851026275028289,1.1746109811764373631604030,-0.2149245187466740925064101,-0.2012774474959373449678424,0.6276600158960223829751612,0.7206493690445423538903924
74 -0.3231584566950407300112147,-0.1387721922005393793142503,-0.5933070880268509483812522,0.0309226650935237462602956,1.6538601064062028456191911,1.6709780164879552977197363,3.0162585715713250422709280,1.0000000000000000000000000,-0.3660810405042498327787825,0.3531982198906385983505629,1.0292414120205124472562375,-0.5567359887056351208656224,0.5177782561366259805879508,-0.1461735806647538882252491,0.6329153322410880910808828
75 -1.6137898041754055178387262,-2.0425415874419461381705787,1.0127176123992347456237439,2.5306935654900470922257227,-2.9655441304689946768746722,1.1276625795482280167902900,-1.1487176911615384344855784,1.0000000000000000000000000,-0.3626973984228606950885876,0.8538990488685598290174994,1.4359399643639869648126250,-0.0894992607727646549697909,-0.7412707244945169193783840,-0.6313534244443774756661014,0.2095190649563670182153885
76 1.3275436369829534122288806,-0.9267550238081043723070707,3.0222704657360459634674044,0.4886158764560780132235607,3.0430299041634567558389790,-1.1020047365400538197377500,2.5050185051262463531429603,1.0000000000000000000000000,0.3268416054693989436508161,0.9401522668302425556063895,2.0639006541962228169495575,0.0802017394831180396863601,-0.3812566092191040367787025,0.6892193187210560179067897,0.6108892238821684861349581
77 0.4373588649492634594651008,-1.0820195802464238621354298,2.9583945799139526044996273,1.1478567121279688034718447,2.2558651331909311821277697,0.9081188357552387735438515,-0.1834737658139662386247437,1.0000000000000000000000000,0.1432707827977252601492353,1.0240486834190518639076117,2.1015775850579143657625991,0.5041473165743350914880239,0.1853648433950096374722705,0.8427418265075683478926294,0.0354889295965880174898999
78 -1.2245352157641344881255918,-1.1564408407441528758852201,-0.7596443302383519835530024,0.9039528558058443907796686,-0.5970151494117525992066930,-0.0460638431475437482021107,0.1511430305243206539955736,1.0000000000000000000000000,-0.3185686205851340213612843,1.6549167064878631538960008,1.7250585235395932137691943,-0.0295002747026681944042537,-0.4080258343757093286718884,0.7632535059410334721263780,0.5000865248900949744381705
79 -1.6005099243466682779057919,-0.1875819868457417882723348,0.3854483778932218385193664,0.0876887735825445241433229,-0.8135527406402642824900795,0.4707121073849829251400934,-0.0389910915102769095597068,1.0000000000000000000000000,-0.5165566297301350529025399,1.7618304575436585235337361,1.1017525295110661698316790,0.2546134456459879791268008,0.1461353324419855936877610,-0.8597449633038639627002908,-0.4179148544206022775071574
80 -1.4866738138739106211971830,0.3335185152387802887119506,0.7452535989068258537315614,0.0746163399725297132869528,-2.9516233252615777793437246,2.0159911913113814918574462,-1.5514721367119217454444424,1.0000000000000000000000000,-0.1689087511064628066570492,1.5244068480064614234947840,1.0819640965947079358500105,0.8913980123564599900021221,0.2807369712600410460723310,0.3513301144450306501276771,-0.0562252773273289319089230
81 1.2915510992183869554139619,-0.1088884351103978076480416,0.9334107457257911910630810,1.9680989461997981937457780,2.8411294438224894420841338,0.1852642876005108352188699,-0.5450109471678783457093687,1.0000000000000000000000000,0.9041520116356056568918120,0.9933393090055688823269975,0.7797477120661789884437098,0.8736963133912682977211261,0.2059382911020442852301215,-0.3680586437532305521536102,-0.2424352352241352093198401
82 0.5112425527227562049858989,-1.5167395172509081646694540,-0.2162337136064600429108395,1.3862509567887755235204850,0.7792670622646187261750583,-0.6348203547446373828933019,-0.3173032558161317240319477,1.0000000000000000000000000,-0.2305455796453663996903316,0.2983425679196247681801424,1.7383453738614738082191025,0.1591198138192892463926853,0.3581227353911697885990861,0.8552314833565950458194038,-0.3391252119266688902499141
83 -0.5803025865483164569269547,0.2794671682810725421575171,-1.8269670268338409346853268,1.6728570889117460041006780,-2.4740445830594026688231679,1.9260905817599263123440778,2.7911941099568249313733759,1.0000000000000000000000000,-0.5193894007578865323893069,1.0728339480672450800824436,1.2716179001437297735321863,-0.3342450627049728950623830,0.8496747225472927045331062,-0.4075475024178698557619782,0.0153607391445637064819607
84 0.9813058291258554000080494,-0.4325923576744234999580385,-1.1890751242789185937454022,2.0561830884433272004230275,2.1306771226067455771158166,1.2418358072229915833872838,2.5589439677251242244437890,1.0000000000000000000000000,-0.0785900741787828455153786,0.3326000782410212797124416,0.8623293310567431424473739,-0.2855512502986415901418127,0.6853245485580413687287660,-0.2266903595899119883139150,0.6303967816020995540426952
85 0.3237298562470178886485428,-1.5304817879337264674433072,-2.1255137892757907103202797,0.4883240105632337679786303,-2.0875369599287108002272362,1.1579221705859601421195748,-2.5405655096152637284490083,1.0000000000000000000000000,0.3186988728551266580879542,1.1194888879136606352204808,2.0723967344535481061029714,0.9352294641256928553474381,0.1472387620587498058277731,0.3056587018899321606113517,-0.1011791247742027111122809
86 0.3786176670532532817503579,-1.3531932699643971496072936,-2.7257901736211356258365868,1.4340917751156219139829773,3.0554786375632874140251261,-0.3748785648251127256003201,0.3578704116814162006221522,1.0000000000000000000000000,0.1696102225469929281054249,1.5401769071386290921310547,1.6679457337824250551250316,0.7173607805289030636686221,0.6910425472265482316203133,-0.0701358609205484095916461,-0.0541517705751657363322238
87 1.4482585044171969457238447,-0.5022879896551777356705770,0.3858514872042975163424217,0.3788882340867482656499021,1.6568825752622826641413667,-0.8828578484145768179303104,2.6409746993454055186134610,1.0000000000000000000000000,0.7856823997435391504495783,0.0463954981117312426075472,1.2789892784903222899828279,-0.4643413901528120057982107,0.5743516937068887662221073,-0.4119207151740789663030284,0.5336913541453890408305938
88 0.2998581532897603985077239,-1.1693962257944026106315505,-1.8098778220011926265442526,1.7276078698959236312759913,3.0394383159533324700873891,-0.6130994901663797680413381,-2.6829418295072122724320707,1.0000000000000000000000000,-0.3143114429713574353719707,1.2906829445210752371764329,1.3187321278707546667874340,0.2830120661659240588470254,-0.0847461130362153203243736,-0.8242726764256953497778113,-0.4830059538819194142611479
89 0.4135625864095651138541143,0.4687433570407999461338022,-1.9399841446667258626490593,1.7694823127256156247710805,1.7364066769580395188654620,0.8169039204000521081638908,-2.1270154311265869750968704,1.0000000000000000000000000,-0.5416114578639992238606737,0.8854965150078013547130240,1.0415659047805474468617604,0.3363182612586468334114898,0.8538331367615461520159670,-0.3921055911669284466114505,0.0641105541139841417219714
90 -0.5441609178858610729179190,-1.3801418771022657683289481,-1.5347941866414560596609817,1.4228379175760026420505255,-2.4103252916547122097767897,2.0938940690874594530157538,0.0868375519112860594361791,1.0000000000000000000000000,0.1682512225037368081004274,1.1714159437743227876183028,1.8119394424684172051343012,-0.3879143969070286690481453,-0.2314879590316414326167660,-0.3866225244112639902738238,0.8040252474026083895353167
91 -0.6437952517475420410875131,-1.4751065963507192790871159,0.2398882080298943009211143,1.4078673866027346939233666,1.8325717599641402344445851,1.4725598742505998650642596,-2.8497613166965365394389664,1.0000000000000000000000000,-0.1868670939965461630372090,0.4400472602178820413776350,1.6429592135123489704540134,0.5502399343899506689581358,-0.2682085709633231784820850,0.5384492177139501567495472,-0.5791118312271237300592475
92 1.2781112864067445400451106,-1.2924880170149206648488871,-0.0728680474059286709120897,-0.0356375453330751296165957,-0.1472732228991917580174231,1.8004465395602320398893426,1.4945183364905041401016206,1.0000000000000000000000000,0.4556048393914463590093078,0.3454485037997765961570451,1.7162937978385159887295686,0.6174987485839427137079838,-0.2552359960575699693308138,-0.5661448723827302575983822,0.4827293865675330586384462
93 -0.1247807660535105167554093,-1.2263192051245452862673346,1.0501626015377807377149111,2.6079444146780037527832974,0.9488345964997231263282629,-1.2736450977336903900294374,1.5620739693069243259060386,1.0000000000000000000000000,0.0102692644968533780547304,0.4057882590638348663247825,1.0623961783039328476974106,0.4164518124845624225116580,-0.7382540671450495972649719,-0.5245137260193228900817530,0.0802006647396683591821898
94 -1.0578386711962664001873691,-0.4960807160945051030864761,-1.6726184886060491141535067,0.8355239738884957523268326,-1.0011021354226872226433898,-0.3515477305883158987143133,0.3380447385539513405205980,1.0000000000000000000000000,-0.4346424345537432953889834,1.6818842535075499977637037,1.5535995862696390101831412,-0.3344410585049092943243920,-0.7715122139296531900143350,0.4507053929742872999675285,0.2996340905055999703776592
95 0.3811870418666454263245669,0.8458294461177797707307491,-0.4293429197435303379393190,0.4133097811319444425670611,0.6638339215632687029255976,-1.0414317041601872659839501,1.2322307677796260350078228,1.0000000000000000000000000,-0.1991905267017379521643505,0.3802596219151646028677760,0.4478290707024379369016742,0.2905536463193892915413130,-0.4744278363547325128024568,-0.7749610867331028218885081,0.2998831781051158884565666
96 -1.5513233814274662858423426,-0.5049993600910525071157053,-1.2473849391745384096452653,0.8875917004633654405765242,-1.0050450262837320458686463,0.2653416596111366487775740,0.9242912128927609494155604,1.0000000000000000000000000,0.0975947390854428192819014,1.9378140699970316518374602,1.4380158246961280976705666,-0.3401571026154756594017670,-0.3705567900717258167375689,0.4816179543267488649682662,0.7176508769667148124327127
97 1.0406449198918030774052568,-0.3127907208687581430694991,1.2705433655770894674219562,0.9329232876128158435946602,2.4529210835098851362090500,-1.5099057474162549397078692,-1.5401953617870787205390570,1.0000000000000000000000000,0.8151648971926896969364407,0.5069286409172831797675940,0.9674447182454344318358608,0.7321363956220150459586193,0.4350910407173484983900380,-0.4484698739154338587020732,0.2711913264789730382275934
98 1.1184414537670477329811547,0.2842278455445672591395123,-1.5158063952359461801222551,2.0749903109022369562808308,-1.0774024239901465183066875,1.0867261157053498266122915,0.4581798067415037145622136,1.0000000000000000000000000,-0.1762190790791189343167389,0.6610277900996018862755932,1.4001214059647433263222638,0.0097033739190101608862449,-0.7921886973965764910943221,0.2308974612629413614151019,0.5648247818621993099341694
99 0.2203328927783394508566062,-0.2878042322466167757255562,-1.9042847659873316512602059,2.3723193365681538580247434,-0.9743632719234391892371150,1.3173655530246501932367664,-1.2070282077426222056004690,1.0000000000000000000000000,0.1677244331850355762991711,1.1095428067836381469390972,1.4740857127670856652201792,0.9280336141886114109667005,0.2372692569283246788458541,0.2338773455277085022707695,-0.1666015033671855993802069
100 -0.9699837574745059365355360,-0.9471650415026418023956012,0.5874036481797757502931745,1.8883060656461423398866373,-1.1556202265883890323294736,1.5440120282432738818556572,1.3370083937663626016956187,1.0000000000000000000000000,-0.2825275877054052586778710,1.0753348760403289574583141,0.9702790550765596488957954,0.5719460872775092852293710,0.2178272111436724833843925,-0.6558145300415978429242614,-0.4419661376865506308142528
101 -1.3560907901058261160187612,-0.0965330774614274744749309,1.0223319539294575264420928,1.0729548153592993742222461,-2.8994418634792986644299617,-0.3670080719211721298478324,0.9366611566784146525321830,1.0000000000000000000000000,-0.6844465648293471815577504,0.7855623337030772646016885,0.8662612896870628409473625,0.0885065560730695644053867,0.3447945284047498892832095,-0.8331039908655881731647241,0.4233426539184674819438214
102 0.7973603532364927914954933,-1.6721842077370656642898439,0.0382882919741267535584939,2.2158825898346874438971099,2.2717485821036387250160260,-0.4330086023320767196764791,2.8771221583327841742061537,1.0000000000000000000000000,0.1686775476221230030127174,0.2949892350627226766945910,1.1179754475889338571903409,-0.0853732363758087087202142,0.6624265045262351936372625,-0.4493890535191297219697049,0.5932536716884597716159533
103 -0.5671501795637956533369106,0.1237840139469059685950469,2.9794460597971639259640142,0.9414131556169190728766694,-0.7179558909754062412389430,-0.9296424399566592944310628,-0.7682947595134819174234053,1.0000000000000000000000000,-0.7376455134467230223549450,0.8152812678646682575944737,1.4897117306929914537505510,0.1478184439043998543716896,0.7549239070315361121998876,0.6359944827611445639092835,0.0612244675569534324566234
104 1.4205344571770801564980502,-0.2186392946576880547127075,-2.2119861138901950603496971,0.6845646685168912393137930,-0.7833613701492367908940651,0.2504911791619042205070400,0.2801131648044630217952999,1.0000000000000000000000000,0.3900858654815235748714031,0.0215730475745568653356266,1.7312122735181703081508431,0.6644547008321285419540914,-0.5547567116659283259494373,0.4993132469780444671059172,0.0378026257047057168136917
105 0.2844674991384259499227483,-1.1838241341415902674327754,-1.3238397788145244149404789,2.5855436378286889009814331,0.2566464007066784347443900,0.4209747579981075737975971,-0.6434273886999242186846004,1.0000000000000000000000000,-0.0424179348183058441135174,1.0172935928016513251748165,0.8666005435096914011339209,0.7165923007668368871492248,0.1632017684664577306108413,-0.6773241596356518456900631,-0.0330237104671150527579471
106 -1.4841099605488097257222080,-0.7485497918555277241381418,1.3456909664271128335144567,0.3106156826301550433200305,1.1598011956414211454102769,0.7592037518433984999433051,0.2173082072717646973103456,1.0000000000000000000000000,-0.5199689098591764313539443,1.0505407965533737346675025,1.8880958483513605727921458,-0.0239683805065155075553207,-0.7402073290712535280633233,-0.4387293265171051115380862,0.5089529054692089049538595
107 0.9506016869501690003119165,0.7557013691117528964014127,-2.0101540215029785052536226,1.5809409439409805031573342,-2.6177041286801472352863129,-0.4663800190920663890636888,2.6107473527461975137953232,1.0000000000000000000000000,-0.3814646493918601999340012,0.4101727478537424698146197,1.1797624102555479552734141,0.0807562860297560414224449,-0.8767338966279030199046929,0.4383525973278880050187922,0.1807232108280658611221270
108 0.1830588261392711579844672,-0.5196291367246905767984799,-1.1415421738049835731487747,1.4845076386865727613439958,0.5684222913074412630862753,-1.4411387295052136003903342,0.7242199587408548744349446,1.0000000000000000000000000,-0.5483226929755100620411667,0.6601818702200547006597731,1.4590824142576686028860422,0.4432764396123289873941076,0.1028344983725845984690039,0.8662872427831291854971596,-0.2060952589633762987997301
109 1.4257994846991235426969524,-0.2167991648175748853333289,1.9591826312930544773394104,0.3293701112099783889775040,2.0350355364177543648906976,-1.4730001926038172044286512,-0.0025463281411428617673209,1.0000000000000000000000000,1.0407349979706235210130671,0.5529398975244919078875228,1.1997151207547416262855222,0.8336949733225107461720427,0.0501133588427603304804592,-0.4035725295249223965043939,-0.3735886097331940769450398
110 0.1281099588296137348208958,-1.6599683891651071387940419,1.7504319971156165891557066,2.0044246546860899904629605,1.8188238640007670099407733,-1.3397654452852112427763132,0.1407589092225576266059761,1.0000000000000000000000000,0.4561551315905586490018209,0.4133283232623773395530975,1.2973603925788539381613873,0.4216420436307192209923755,-0.4434663952487111204803227,-0.6917035776683092551664345,0.3835355394839644604942919
111 0.8119613188707766049390102,-1.3375974255365306042619977,-2.3215802656684765281625005,1.8969629896147934822181469,2.1118713556224815164341635,-1.1845047817812175416918308,0.3594279424149671164911979,1.0000000000000000000000000,0.0361728854977218794441995,1.3503286938289478236185914,1.3534733617101155633832832,0.6086687723050118181689072,0.5292510357779525165256018,0.1787747641739845516628549,0.5634297556448915056392934
112 1.5304692161963577845540385,-0.5479709839648432279091139,-1.9742729692886427095288582,0.8494316736550215907186612,2.7382845336810150982387313,1.9101956545621230354470299,-2.6856064574507096942568296,1.0000000000000000000000000,0.6646795725476262184372445,0.2899463130649273523431475,1.4960413643456493826278120,-0.7264516981953978991271015,0.1532748742516636952792908,0.0865541265462040909639541,0.6642898014695048924949106
113 0.4025304277594119461980426,-1.0666705837015388880217870,1.5366516911591254768154613,1.4409829765274106971872925,-0.5483120001001804411089324,-0.7997308972306742536062529,-2.0959865135899682364595265,1.0000000000000000000000000,0.7194651473203489411289979,0.4162088629493684854843139,1.7775803348315424301517851,0.8160099539541900703909505,0.0305133995279073810813486,0.4693184743848144990785443,-0.3360575674835443726884421
114 -0.8049286306129990187230305,-0.6250613035578562737271113,0.1428046243621765576392590,1.0795395379539294289372720,0.0390157602718175233746933,0.9276404644823026401923016,3.0437059091388745102335633,1.0000000000000000000000000,-0.5538170419306903680123355,0.8410150416773181092366940,0.8291539396320111166005518,-0.0943767889902144690994490,0.7646617728395909141525522,-0.0031101442245393962071631,0.6374743254661113800452199
115 1.2031221171196539998504704,0.8693542094018100740981936,-1.7208259237672085539827549,1.7918508248542668326308558,1.1851064192066464997310504,-1.0109608861353787112591363,-0.3511041569887214386369578,1.0000000000000000000000000,-0.0718982990629085244593810,0.1941346696558857165548773,1.1208684094801246722283850,0.6246721711540371702042762,-0.5346996913573444087930397,0.5193816100447029571185453,-0.2326401577666104003583314
116 -1.6868405396233305815201220,-1.2455758624954966773401566,-0.9629578085973578005507534,2.4728176798181689122202442,-0.4431543857297648436599502,-1.2298115045794573152448947,1.7075426505052213599356037,1.0000000000000000000000000,0.2236224071101542421047270,1.6020846930973147159704695,1.1832671001329464477436204,0.3771381712464988433808344,0.4477348389578014731249311,0.6154994307399094255472960,0.5276918635721057349030616
117 -1.2452011020480489023043447,-1.3336672882980979970568569,1.8357315361469339620725805,1.2028406513765641516755522,-1.5986882374657729322109390,0.9221953991866942423882847,-2.8995153256210106640367030,1.0000000000000000000000000,-0.3349682681081718738091979,0.4812920289056878409006401,1.6986321423100914085324575,0.1590478165448606095999651,-0.8931159792240859207623771,-0.4058833227720559100326625,0.1109240185614824292237302
118 1.0880343499115476824101734,-0.2302613519165950251021968,2.9441344845686368003612188,0.5174162593946866062211143,-0.4607495002652282067856504,1.2027494729384482496925557,1.0139540616250384275076613,1.0000000000000000000000000,0.6391312009846986663674784,0.4431706948273722024289611,1.8315186739184030617622057,0.7687984445723892168444991,0.0319020102117061610247362,0.5171293112903236899313697,0.3748417289854287792749687
119 1.2558090316305037248412191,-1.7283290602747949371575942,-2.6325157608910680906433299,0.4795413821495795869687129,2.0362983069314148920625485,0.2458144572794398463599919,-2.4592701828639351724348217,1.0000000000000000000000000,-0.1523281598369016220928529,1.1306161022304381802427997,2.1138867460101757878021544,0.4276890981870890007243702,-0.3443093370548933607189213,0.7908326029704809689846456,0.2703974703908711973987522
120 -0.4287663625883466611554695,-1.8295250911845475361161562,0.4279915126953777182450267,0.2380982158072750265453976,2.2488765291701424686721111,0.1800309237139290363671762,-0.5484081681004764341480495,1.0000000000000000000000000,0.3173653167368499228295775,0.8226525178911712199436579,2.2310397104223858022464810,-0.2195620795374233213959059,-0.5715441727399528382136396,-0.2359076616860311392809280,0.7546358020301162650156357
121 0.0139700096043342547602606,-0.5855499108743618119632401,-0.4003750020642113938151851,2.2929256415492509368903029,-1.8224267253705426217180730,-1.4264168310567910680219939,-2.2392986054449801613941418,1.0000000000000000000000000,0.1229006560702955441755080,0.5955790051959263253777976,0.8284029731929627438091757,-0.7406030559314489281064198,0.3923662164534777452296055,-0.0059895241717100033973509,0.5454518831744938900385478
122 0.2812452939144447494612677,-0.9040104799787562761537174,1.0860086246369951012979982,1.6192886689292678159546313,0.8728897643023589836275278,0.0784630326340749473246206,0.6928601282433888286504953,1.0000000000000000000000000,0.5918994242815025508264171,0.1404029416017608111744153,1.2065539558567734967908791,0.8462797765769363156351801,-0.2683418365169092933975037,-0.3030486768856644475000905,0.3463559515132382249369414
123 0.9232813280172034176018769,1.0187687485477741056172363,-0.3320835618818986922917702,2.0319846535483301330771155,-0.5455930889158477903322364,0.9198961729366548212283305,-0.1121832329291772012425099,1.0000000000000000000000000,-0.0933673724420452377792401,1.2210271042784315298490583,1.0421823829827088214727837,-0.4171041672705598224446533,-0.7796452823016644106957074,-0.4074648011728338459214172,0.2283584536199569914316498
124 -1.5993950306290047880253269,-1.7662445785986464752426173,0.3392061600009630417673634,2.1305488802290284411355969,-1.1396035994107851507806117,1.5436843494396272902235978,-1.7388577957590380940189334,1.0000000000000000000000000,0.0567087768593145802320521,1.3907224151660029232147053,1.2928618841398795691333135,0.8212654178130627258269669,0.4744878112539053227614261,-0.0151917304687499976623144,0.3164671438826322513726552
125 0.7942871774823716535252061,0.9582871546416020791525625,-1.9044006024212905003878404,1.5219715438969299015070646,0.5864343218726268958107539,0.3236887536928763076105042,-1.6228836601999978572763439,1.0000000000000000000000000,-0.4958821647867313053836824,0.5306211972245657992885981,1.0209570368200311385464829,-0.0220227155413627723179459,-0.9723946194509268670103097,-0.1962866971634030233140322,0.1242297639366388706250177
126 -0.1752115440290515913090985,-1.3703539572625205167355489,1.5472477268406050754379066,1.8537976920883156850550222,2.6091181632346094332319808,-1.1610858245205331051863595,2.8121188947833699600664659,1.0000000000000000000000000,0.3312239567291563879791738,0.4124804457671603641344404,1.1205211801709937802229433,0.0594195413002073791197688,0.7005250244881958687770407,-0.2774595095001161082493013,0.6547885899543911536468954
127 -0.7734954998407723714137774,0.1030597815998177679830405,2.6616486780758643604372082,2.5113252089737563288451838,-3.0296775773040383050727087,0.4550598640800096461589419,1.2933251109394827693677144,1.0000000000000000000000000,0.1973230349395163063519476,0.6413800690366632251127044,1.6906036232789753981364811,0.4645725245317853802085040,0.2496267414064407552665159,0.4968833560882173761008573,-0.6891759918086528546865566
128 0.3507847209766055129875895,0.4067824725218969206252950,-2.1935482241257706625958690,-0.0320754282353797187665734,2.5413952962143326885779970,-1.3229562540870889453259451,0.6795723236280366563732969,1.0000000000000000000000000,-0.3010360179084785037240124,0.1287856752581489072628784,1.1282156952905701974287922,-0.1459948992978930548680694,-0.5839508794143946079913121,-0.6623982951448559308715858,0.4459969261161536580040377
129 -0.9588495384556688927446544,-0.9959420302831294424805719,2.6206222314255853689246578,0.1548256950810671384033412,-1.2578653231574528081893050,1.9780980862532664410480265,-0.2073669071907024985534918,1.0000000000000000000000000,-0.1937669977513198360519198,0.6394883928396606354027654,1.6752432507556525020930849,0.2879145610951781009134720,0.0660647748799323974999709,-0.7429973103831410963238113,0.6005775978541374460206725
130 -1.3250078855609486172539846,-1.6985675952739860417040063,1.0717861923459484074783177,1.2653302691072829677665368,2.3890305836638585645914645,0.2634106564693547980482435,1.8070635682447182546184195,1.0000000000000000000000000,-0.3367464182952713547258838,0.5043130058591973607917680,1.8320410035504852697130218,0.4391376388074886283341414,-0.7739608588292599122837601,0.4525400808001030505955953,0.0578617428166866565319992
131 0.4466381570925004318439733,-1.6427558329942428816394795,-0.8554096956289480857549279,2.2485803820651866224977766,2.1428624509535092457213068,-0.6829229365400536488905914,2.1198427244717459316802888,1.0000000000000000000000000,-0.3061108852264493584982574,0.8353292189902576936333389,1.0654865426518467241834287,0.3218536665148827857763081,0.8204826463338732445151891,-0.3307875386118795946188698,0.3373363646748661626162402
132 -0.2286423063425904178558312,-0.9234613414651067220262348,-1.0609613026234350208198975,0.7274872053905795388217825,1.5993502229267502201537354,-1.0639086727479072358448775,0.7374392013495971731629197,1.0000000000000000000000000,-0.4661741688209603551307225,1.0978170786483198995142629,1.7895397009208773297928019,0.6448533295994102187975727,0.6114721668366194240462619,0.4566901756307780169130695,-0.0412049895122051368367977
133 1.2275503937038116930580145,-0.2948362289154136117730332,-1.9210531365519321056467561,2.0047922302367129354649933,-2.3687447023828256398303438,-0.7364908557833838020911799,-1.9550195665676237677388372,1.0000000000000000000000000,-0.2810321738172010253009603,0.6642534302611428076446032,1.2078399290263401866241111,0.1675744833635687824902050,-0.3898000662700384921777186,-0.8674864035921692195785226,-0.2596919298151284527520488
134 1.1908031553375257871607573,-1.7989426496401159649707324,-0.0212520845002233116360912,0.0178179978224532603592323,-1.7265018885813199212009295,0.4753069129796427816359028,0.4020214722310293531393199,1.0000000000000000000000000,0.0313299990436979314267774,0.9657007188801405295208724,2.1881533185997752433138430,0.4637182918328046632439055,0.3110518382773697076970620,0.8175625262342691712547094,-0.1407173715882003295352121
135 -1.4253066760209640584378121,0.5019229575530270714978087,1.6813243230846532938471682,1.6094455897172192937460977,0.8347501410645201680438277,0.9035227638976768282930152,-0.6600145710851137437202851,1.0000000000000000000000000,-0.4043921944195466022797802,0.6425205608790591771395384,1.3198183423363292199326224,0.2461414116193056389469973,-0.7588532797189503353862960,-0.1376168104927539825865779,0.5870395972584933064197799
136 -0.8697540379169630408995317,-1.0431182990084020278942489,1.1297760917233530264525143,0.0854424657129880110728593,-1.7346840572541970537656653,-1.2748513070081393117050084,-1.6912095828588167290007505,1.0000000000000000000000000,-0.1057521554755934539704398,0.6814039185502374085245947,1.9858011822393073497750038,0.6166839560719727941773272,-0.5132449988025427067839246,0.0159365487527847737858622,0.5966777964166403158685625
137 0.9917304291319357645306809,-2.0922656494254550096911771,-2.9619423537244058408646197,2.0561645023739729687406452,1.4143664847544235030341042,1.9553327254363783715973568,-2.6757394229056030710012237,1.0000000000000000000000000,-0.1543380100429462831179706,1.0682222048241374334764942,1.2424592238046263670270264,0.1681703337761163985497603,-0.0135978543227612824750850,0.9279342952498197405475366,-0.3323696064093411006723500
138 -1.0293392161885235314144893,-1.3251400673343518565872046,1.0458956229631279910563535,0.6323298288277953149716382,-1.1019895954322953546267172,-0.9083597893766767183976185,2.9248531293868333946761595,1.0000000000000000000000000,-0.1161979508556165857635634,0.6113430775419806950665702,2.0436561138795910075316442,0.1131234757629185905258851,-0.5595425653207897198626597,-0.2410445725179165554763472,0.7848633724839091385661050
139 -0.4984464750802259924711279,1.0286356823768634249915976,-0.8186929024874798344058036,2.3161913700859022569034096,1.6151635429291815171382041,0.5537228900402419995430137,-1.9173572335822310908071131,1.0000000000000000000000000,0.5524835224135904443443223,1.3192638915376260211331783,0.9791518955496328890930613,0.9739147703036070691240411,0.1991352519932985398742886,0.0147216671866178816507897,-0.1077790031266808445931105
140 -1.6299700802816472489098487,-1.7357607301523723108971353,2.8292919473515443229416633,0.5537554850223266322828408,-0.9621018889216248481943694,0.1583027977493540738862521,1.6134936566560034165718207,1.0000000000000000000000000,0.4193113851768762168070737,0.4182792476881075360850559,2.0295873889557585201259826,0.0544528251814841990352534,-0.4787540053774417270204822,-0.4174244131597280582646192,0.7704441612847745535219701
141 0.2557944072702647009265320,0.1004425155238450884098711,-2.0551964858023685778221079,1.7591148168822352548801291,-0.1588493761363669598551951,-1.1361871383723900486018010,-2.1616149033282954228241124,1.0000000000000000000000000,-0.5856305604031779576956751,0.6701660310270923792685949,1.3548274048231907507044980,0.1648389346463978444301546,-0.8336929081292152599047540,-0.5110123457262217838703577,0.1290287252469062839743685
142 1.2600197829451209585727156,0.8083001095034649807757887,2.7385120342821309691316856,1.1442670439157014428133152,-1.4946285667389767048973681,0.4327287870680502912534848,-1.2261054849452830417533278,1.0000000000000000000000000,1.0191413299222493726858829,0.2992881920737172074531429,1.1178829342203551178158705,0.0109680888101309631510460,-0.0931408076813220464629239,-0.1408219219987839609942171,0.9855818058722018992767744
143 0.0544133851658021860941972,-1.4678776618684068466791359,0.4783740383069332580134869,1.9089701134613574762255439,-0.0992983846563375571747656,1.0439496421680285465072302,-0.6170966494763718834803967,1.0000000000000000000000000,0.0521560569264780324316710,0.4330756904115660721465986,1.0304816302254335980137512,0.3563440244452357741344883,0.5889388164478988052508157,-0.4212226618779301712258700,0.5905415434222966997168669
144 -1.4640922104595479602551222,-1.2124446059025100197459324,1.1044553349686943022334162,0.9673997878010383022484575,-2.5402230158118639380404602,-1.0108496819716701331515196,2.7690128279291155166674798,1.0000000000000000000000000,-0.4758456051149356769158771,0.6696641821222695245552359,1.5690595251674692711674197,0.2311264237645268559973033,-0.1557060176917612892566467,-0.8478184720224738457616809,0.4511517065335214349275361
145 0.0475463510656517485131189,-1.1863382529389754349580244,-2.7252716204069891148265015,2.5727574843516372027352190,3.0338664350048016871141954,1.9275765105572535418332336,1.6567236741370168218168146,1.0000000000000000000000000,0.2017122484769505730284322,1.2297081455940477301425062,1.6269944918481400453202923,-0.1979939482066333522602974,-0.7559983607219606938087963,0.0344535459915697589439176,0.6229571650992482556574714
146 -0.5658279019789163033493651,-1.3777907420409798433524884,0.7362897607021077206468362,0.9716580587987124761895075,2.5063488376770859389353063,1.3248089927920112529591279,-0.3743045047294835114826128,1.0000000000000000000000000,-0.0074577784480231237851378,0.5231609036393052303282047,1.9743308821455922696941343,0.2075107909169197073495639,-0.5289657980761528488500289,0.0246832745611667569995973,0.8225101814618109852261796
147 -1.3827426400737634626381123,-2.0650025584297262426503039,-0.1529949623042616835277840,1.3858466923869430242888257,-2.5651596552031858955444932,0.8053161233203267599378705,-2.9982740586834375484670545,1.0000000000000000000000000,0.1294512977184885393899805,1.2669936424239205408071030,2.0551565224146695065599033,0.7285369270268530206280388,0.0986364240176975659579739,0.6358669096599965930849407,0.2348955385058820177768268
148 -1.4735160724090254902307606,0.2619766881181750939333597,-2.0459425445159418188723066,0.3237011153072589242363222,-2.3191417087848029687791040,0.2396181226412170683914837,1.1087273752119983782904455,1.0000000000000000000000000,-0.5116673708773002982042044,1.7812296851455422519450167,1.0585470930358955587990977,0.3625586757595539166842968,0.9280078414192199920407234,0.0708548853617906593260756,0.0482711537396908196839718
149 -0.4861301187305753224165983,0.4618367773251779162535513,2.0744642370638839423691024,0.8482048278405351915409938,-1.7185858342803950193911078,-0.4536964114082187027321424,-2.4802272772440816517303119,1.0000000000000000000000000,-0.5449715758203260707048798,0.2229846231379061238797590,1.1604214674754582681259762,0.4082609608470797457613344,-0.6942412366136312407149944,0.5892604439619183454013296,-0.0642032770782708928081206
150 -0.4215576998710603984221734,0.0834800808320195208978021,2.4818196258663913766895348,0.3898481434974111481395198,1.9118698657196340207065077,0.8970607171299689319710069,1.5707501912525625442640376,1.0000000000000000000000000,-0.7517984852920600591374978,0.6337464593570205639849746,1.3959787675406354345852833,0.1878238511395454168884100,-0.0513533546345382937992063,0.9677134163053036086665770,0.1600424231189936374875060
151 0.1751551896656293738629984,-0.6185294219374326551985632,2.4096953747159144398892749,1.8623709501700336232943300,2.6521105953860617532313881,-0.7718391871013926541778005,-2.6267841217582041934974768,1.0000000000000000000000000,0.7070723136735511671346899,0.7771847155036385457194115,1.4866424390606607364162528,0.2966018283027112567573624,0.1969349360507726687252728,0.0847739615356028070047856,0.9306208166996241537560763
152 0.9793340666705092623089968,0.4065883293867060821469295,-2.3254376837722405824138150,0.2599054124904355833614034,-1.5816274541740436010428539,0.4397366341037365344845966,-0.3790489864703499023335098,1.0000000000000000000000000,0.3819946725400664711003174,-0.1682603010813804034206953,1.0168368667355462964252411,0.6632230237653851112611392,-0.5063808231233953849326213,-0.2957497358710169943485369,0.4650199325907826142234569
153 -0.3729397260279208037303533,0.3799620859394607919057307,-2.9895805246650848374656562,1.9341337095201636131491796,-3.0515338721156743950757573,0.3000656362843017177510774,2.4321907257880974739805424,1.0000000000000000000000000,-0.3158262301185352227683723,0.8037090205485925009654125,1.7742072276391498419911841,-0.0632716707534380362609738,-0.8132485060272216514931642,-0.1049622520101182177043597,0.5688622979750632691064993
154 -0.7729690661864124789914854,-1.1754460930770473936490816,-0.8003335018341117823581499,1.0233677699702641294976502,0.9404244034585658162939126,2.0101067908116672100504729,-1.4673652036042723612041527,1.0000000000000000000000000,-0.3608245391519933620294580,1.0120978762519032834177324,1.3050615227147919217287608,0.4358481289891004695213894,0.1720376189559102153570080,-0.7386362332717180123609069,0.4846171418268084840619281
155 1.0602525821992516696923303,-0.8570438151024484252360480,1.9480190243916721826167304,1.0860516667906434662427273,0.1796961861386412451224714,-1.0192196609806609686188494,0.4118630146779413969682082,1.0000000000000000000000000,0.7753059832396034245505234,0.5170984735396546572161469,1.8978275364941448177802386,0.6500206012752056672354684,-0.5820255924279837955737094,0.0834779789857864051860759,0.4814027896344512114090719
156 0.1335000169991291674165268,0.3139934661234700108423112,2.3220663042407263532140860,1.5710148299732313859067290,0.2619810154042121475015392,-0.8436320289571481723100987,1.9815775723478656900056194,1.0000000000000000000000000,0.1920255637269908388642392,0.0095695102107467566732169,1.3698185039972603505020743,0.5681682929291278494332573,-0.5302660374529659659259551,0.4596129141004532403513849,-0.4298331376123130098676484
157 -0.0602020047725997375920315,-1.5046362131124528804804186,-2.1205872820096351993868211,1.9694961949621772046015167,1.6293617413660337334135875,0.5699689526233440162172883,1.1754438627410888074109607,1.0000000000000000000000000,-0.1247227456087493246972286,1.5114617226228972413082374,1.3071123409041482954506819,0.3777058043751418958677846,0.9072955963908433396625242,0.0342999630452692494397837,0.1815883582316636934983478
158 -0.5548773849674955016553213,-1.1301190685020381376801879,2.3347468865810849791841974,1.2783521587962058951859490,2.5791288634893154707583562,1.0935241794984538188373335,1.5372313526823333518223080,1.0000000000000000000000000,0.3045337657048871604636986,0.6894152691996907611482470,2.0577538175113647689329355,0.6929024776940122531954103,0.2969664771648198309250688,0.6292472512865290301675714,-0.1890575459844321126734457
159 -0.3807508189345982785312117,-1.4532386564008139551162913,0.6691692401589501848491182,1.8242446180667002408881672,1.5760404768209168580028745,-1.1926394662752284325790697,-1.5139329794482019320156496,1.0000000000000000000000000,-0.3724628051982164511635176,0.5542795742907998812754045,1.3267528659830631898586262,0.1129691921260356779477263,0.1156884352992028075490794,-0.9851827599513531819042100,-0.0571562211571186862268945
160 1.2967353931995133642374185,-1.3804670488571126885091189,0.2300863846453582439721686,1.4893139328599505066819120,2.2639112718342389030112827,1.2887665650959929664054471,-2.1667166448029302472377822,1.0000000000000000000000000,0.8501750532946521499155779,0.5634616994548475865656201,1.6939615610939331435957911,-0.0557898797897994486172379,-0.3408169950935840408767774,0.0986413551935255566993632,0.9332732413866520193579390
161 0.3802772150196762623863833,-0.7289663593964492704913027,1.6454659750844387033907879,2.5076250319190438453631486,1.1967969763538786054368757,-0.5873384806886455811181236,-1.8159910275242250321525717,1.0000000000000000000000000,0.6884645951930797869167122,0.6757519748644452706187735,1.0056619565259974358184536,0.0506688694974929063064017,0.3785858822833299552890196,-0.1163036943140476897617930,0.9168297087532282230171177
162 1.2451516986741926196202712,-0.5455773918053958837504069,1.6614890461140632282877050,0.0719563081869651899324936,-1.4637528297047843750533502,-0.2270829085151018222887842,-0.8613135255977111270908608,1.0000000000000000000000000,0.7384134846317649270019956,0.1364292495136444072212356,1.7862417751368508955778225,0.4400348553175628119049634,0.1507622926535009955095745,0.5588124878807365636390614,-0.6865613095827698408868400
1569
2 0
3 1
8 4
8 6
9 2
9 0
10 1
10 5
10 9
11 5
11 1
11 8
12 8
12 11
12 5
12 10
13 1
13 5
13 11
13 12
13 8
14 11
14 1
14 13
14 5
14 12
15 1
15 13
15 5
15 11
15 14
15 10
15 9
16 15
16 1
16 13
16 14
16 11
16 10
16 9
17 11
17 13
17 5
17 12
17 1
17 14
17 8
17 15
18 12
18 11
18 17
18 5
18 13
18 8
18 14
19 13
19 1
19 11
19 17
19 18
19 5
19 14
19 15
19 16
20 18
20 19
20 17
20 11
20 14
20 12
20 13
21 15
21 16
21 19
21 1
21 13
21 5
21 10
21 11
21 17
22 20
22 18
22 19
22 11
22 17
22 13
22 12
22 5
23 19
23 22
23 18
23 13
23 5
23 11
23 17
23 15
23 21
24 23
24 18
24 22
24 19
24 13
24 5
24 11
24 17
24 12
25 22
25 18
25 24
25 20
25 23
25 19
25 11
25 17
25 13
25 12
26 10
26 21
26 15
26 1
26 5
26 16
26 13
26 23
26 24
26 11
27 26
27 1
27 5
27 10
27 13
27 21
27 15
27 23
27 24
27 11
28 27
28 11
28 17
28 26
29 13
29 12
29 11
29 17
30 27
30 26
30 28
30 10
30 1
30 5
30 13
30 21
30 15
31 9
31 15
31 21
32 10
32 28
32 1
32 15
32 21
33 0
33 9
33 15
33 21
33 16
34 32
34 28
34 26
34 1
34 10
34 15
35 13
35 11
35 17
35 12
35 27
36 14
36 19
36 15
36 16
36 23
36 21
36 1
36 17
36 11
37 26
37 21
37 27
37 15
37 10
37 30
37 32
37 34
37 16
37 1
37 23
38 8
38 6
38 24
38 18
39 37
39 27
39 30
39 21
39 34
39 10
39 15
39 1
39 5
40 37
40 39
40 26
40 21
40 15
40 27
40 10
40 30
40 16
40 32
40 34
41 38
41 6
41 8
41 24
42 18
42 24
42 12
42 25
42 23
42 22
42 13
42 8
42 11
43 7
43 9
43 6
44 14
44 36
44 19
44 20
44 22
44 23
44 9
44 25
44 11
45 6
45 20
45 22
45 4
45 25
45 7
45 18
45 8
45 24
45 41
45 19
46 24
46 18
46 13
46 5
46 25
46 42
46 23
46 4
46 8
46 19
46 22
46 11
47 14
47 17
47 19
47 11
47 22
47 25
47 23
47 1
47 13
48 18
48 24
48 25
48 13
48 11
48 42
48 17
48 12
48 22
48 5
48 23
48 19
49 21
49 15
49 37
49 40
49 39
49 23
49 31
49 1
49 27
49 26
49 19
50 45
50 6
50 7
50 43
50 9
50 20
51 17
51 11
51 1
51 35
51 13
51 14
51 5
51 19
51 23
51 25
51 47
51 28
52 47
52 14
52 44
52 36
52 51
52 3
52 11
52 19
52 17
52 1
52 13
52 28
53 8
53 38
53 41
53 42
53 12
53 18
53 29
53 24
53 5
53 46
53 25
55 49
55 41
55 38
55 53
55 33
56 41
56 38
56 45
56 53
56 43
56 55
57 52
57 47
57 14
57 44
57 51
57 11
57 17
57 36
57 19
58 34
58 49
58 30
58 28
58 27
58 15
58 21
58 39
58 26
58 32
58 37
58 40
59 43
59 50
59 7
59 6
59 56
59 41
59 38
59 9
60 15
60 16
60 58
60 21
60 28
60 19
60 34
60 1
60 23
60 27
60 39
60 37
61 41
61 55
61 38
61 56
61 49
61 53
62 9
62 2
62 31
62 33
62 0
62 43
62 49
62 3
62 36
63 61
63 54
63 41
63 38
63 56
63 55
64 45
64 57
65 53
65 61
65 8
65 12
66 50
66 45
66 63
66 43
66 56
67 43
67 51
67 7
67 5
67 1
67 11
67 35
67 17
67 13
67 49
67 6
68 19
68 11
68 14
68 23
68 17
68 5
68 13
68 47
68 1
68 22
68 25
68 24
68 51
69 4
69 45
69 20
69 22
69 25
69 64
69 18
69 24
69 8
69 46
69 19
69 42
69 12
70 58
70 30
70 27
70 28
70 60
70 34
70 5
70 13
70 1
70 39
70 35
70 26
70 32
71 0
71 66
71 9
71 55
71 62
71 49
72 9
72 62
72 31
72 49
72 2
72 36
72 33
72 0
72 21
72 15
72 67
72 43
73 43
73 59
73 66
73 62
73 71
73 54
73 7
73 6
74 18
74 11
74 17
74 12
74 20
74 25
74 22
74 5
74 42
74 48
74 24
74 13
75 62
75 43
75 9
75 73
75 67
75 72
75 7
75 31
75 52
75 57
76 48
76 23
76 19
76 24
76 60
76 68
76 15
76 25
76 21
76 22
76 13
76 18
77 70
77 39
77 21
77 27
77 37
77 40
77 30
77 15
77 26
77 1
77 28
78 67
78 43
78 56
78 45
78 6
78 7
78 64
78 11
78 13
79 67
79 78
79 43
79 51
79 9
79 68
79 11
79 19
79 44
80 43
80 67
80 79
80 7
80 9
80 75
80 62
80 73
80 59
80 72
81 39
81 26
81 13
82 24
82 49
82 13
82 78
82 23
82 5
82 19
82 55
82 25
82 18
83 64
83 57
83 50
83 45
83 6
83 78
83 20
83 7
83 69
84 8
84 12
84 74
85 59
85 73
85 43
85 7
85 6
85 50
85 66
85 71
85 78
86 53
86 8
86 65
86 46
86 82
86 84
86 4
86 69
86 42
86 18
86 12
86 38
86 24
87 22
87 25
87 24
87 20
87 23
87 18
87 19
87 48
87 42
87 11
87 46
87 13
88 61
88 55
88 38
88 41
88 53
88 86
88 63
88 65
88 82
88 56
89 61
89 63
89 41
89 38
89 65
89 88
89 55
89 56
90 43
90 7
90 6
90 78
90 85
90 83
90 59
90 50
90 67
90 75
90 73
90 79
90 80
90 45
91 61
91 30
91 27
91 89
91 88
91 55
91 49
91 29
91 26
91 58
92 17
92 51
92 11
92 25
92 22
92 18
92 20
92 12
92 13
92 24
92 23
92 19
92 35
92 5
93 19
93 13
93 82
93 24
93 46
93 68
93 23
93 25
93 22
93 87
94 78
94 45
94 79
94 56
94 43
94 64
94 50
94 90
94 82
94 6
94 67
94 66
94 69
96 94
96 78
96 79
96 90
96 45
96 67
96 43
96 64
96 56
96 83
96 44
96 82
97 81
97 39
97 49
97 27
97 21
97 15
97 37
97 26
97 40
97 82
98 6
98 64
98 90
98 94
98 45
98 96
98 50
98 78
98 83
98 92
98 82
99 98
99 6
99 7
99 54
99 90
99 63
99 85
99 73
99 94
99 89
99 59
99 78
99 96
99 43
100 52
100 57
100 51
100 96
100 78
100 67
100 79
100 11
100 14
100 17
100 47
100 90
101 44
101 79
101 52
101 100
101 9
101 96
101 78
101 57
101 43
101 72
101 62
101 36
102 46
102 4
102 87
102 84
102 25
102 48
102 93
102 24
102 8
102 22
102 18
102 13
102 19
102 11
103 15
103 72
103 16
103 21
103 9
103 49
103 36
103 79
103 40
103 31
103 37
103 62
103 60
103 19
104 98
104 6
104 45
104 50
104 94
104 99
104 7
104 78
104 96
104 92
104 82
104 69
104 41
105 99
105 82
105 98
105 78
105 6
105 63
105 89
105 54
105 104
105 94
106 5
106 68
106 79
106 28
106 1
106 67
106 70
106 11
106 13
106 35
106 17
106 58
106 51
106 19
107 64
107 83
107 45
107 98
107 50
107 104
107 94
107 69
107 96
108 82
108 94
108 69
108 78
108 24
108 105
108 45
108 93
108 25
108 56
108 4
108 104
108 19
109 21
109 15
109 97
109 23
109 39
109 24
109 16
109 37
109 40
109 19
109 49
109 81
109 76
109 77
110 93
110 82
110 15
110 60
110 109
110 97
110 13
110 19
110 49
110 24
110 23
110 46
111 86
111 108
111 53
111 8
111 82
111 105
111 69
111 55
111 4
111 46
111 24
111 88
111 18
111 65
112 89
112 61
112 88
112 41
112 38
112 53
112 65
112 91
112 55
112 63
113 49
113 31
113 33
113 9
113 0
113 2
113 103
113 71
113 62
113 82
113 72
113 15
113 21
114 11
114 74
114 68
114 100
114 20
114 17
114 22
114 25
114 57
114 96
115 108
115 63
115 41
115 38
115 111
115 89
115 104
115 105
115 82
115 56
115 61
115 98
116 96
116 78
116 64
116 108
116 94
116 93
116 44
116 45
116 114
116 69
116 100
116 82
116 105
117 62
117 9
117 113
117 75
117 31
117 2
117 72
117 80
117 43
117 67
117 33
117 49
117 103
118 51
118 14
118 36
118 19
118 47
118 21
118 17
118 15
118 23
118 11
118 1
118 68
118 77
118 13
119 53
119 88
119 112
119 38
119 41
119 61
119 89
119 55
119 86
119 111
119 105
119 82
119 91
119 63
120 106
120 82
120 5
120 13
120 70
120 24
120 27
120 46
120 35
120 49
120 110
120 1
120 42
121 71
121 66
121 73
121 99
122 1
122 13
122 19
122 35
122 23
122 5
122 11
122 24
122 82
122 93
122 17
122 110
122 25
123 98
123 99
123 105
123 54
124 75
124 117
124 67
124 43
124 73
124 78
124 62
124 54
124 90
124 100
124 79
124 99
124 105
124 91
125 63
125 89
125 115
125 61
125 99
125 123
125 105
125 104
125 98
125 56
126 102
126 46
126 93
126 48
126 87
126 68
126 110
126 24
126 19
126 122
126 60
126 13
126 25
126 23
127 52
127 101
127 57
127 100
127 36
127 14
127 47
127 3
127 44
127 103
127 72
127 75
127 62
127 118
127 9
128 86
128 111
128 115
128 108
128 4
128 53
128 38
128 65
128 41
128 69
128 56
128 24
128 18
129 67
129 51
129 118
129 79
129 106
129 100
129 80
129 72
129 117
129 103
129 52
129 47
129 124
129 14
130 46
130 68
130 126
130 70
130 106
130 13
130 5
130 11
130 122
130 48
130 120
130 93
130 102
130 1
130 110
131 102
131 46
131 4
131 8
131 84
131 111
131 93
131 24
131 25
131 69
131 108
131 18
131 126
131 87
131 22
132 108
132 82
132 111
132 24
132 128
132 46
132 131
132 86
132 18
132 25
132 69
132 120
132 42
133 66
133 71
133 121
133 6
133 99
133 85
133 73
133 104
133 50
133 7
133 98
134 92
134 6
134 7
134 104
134 78
134 51
134 82
134 90
134 94
134 79
134 9
134 100
134 98
134 19
134 22
135 28
135 106
135 34
135 1
135 30
135 32
135 35
135 70
135 122
135 79
135 27
135 58
135 67
135 26
136 9
136 31
136 72
136 113
136 62
136 2
136 103
136 0
136 33
136 117
136 79
136 49
136 78
136 43
137 119
137 112
137 89
137 88
137 105
137 53
137 61
137 91
137 55
137 125
137 41
137 29
137 38
138 44
138 68
138 114
138 14
138 47
138 52
138 101
138 19
138 116
138 57
138 100
138 93
138 20
138 96
139 89
139 63
139 125
139 115
139 105
140 68
140 138
140 52
140 129
140 14
140 47
140 100
140 106
140 44
140 57
140 101
140 118
140 79
140 103
140 127
141 63
141 125
141 56
141 41
141 71
141 133
141 121
141 115
141 38
141 61
141 89
141 66
141 105
141 99
142 103
142 36
142 118
142 9
142 113
142 21
142 15
142 72
142 40
142 49
142 16
142 31
142 37
142 129
143 35
143 105
143 122
143 1
143 82
143 13
143 124
143 51
143 78
143 49
143 100
143 67
144 44
144 138
144 101
144 140
144 52
144 57
144 14
144 127
144 47
144 100
144 116
144 114
144 96
145 84
145 8
145 86
145 65
145 12
145 29
145 131
145 111
145 53
145 18
145 74
145 4
145 102
146 120
146 5
146 70
146 106
146 35
146 13
146 27
146 30
146 28
146 1
146 29
146 11
146 130
147 73
147 124
147 117
147 75
147 43
147 62
147 85
147 9
147 31
147 121
147 59
147 136
147 80
148 96
148 94
148 50
148 78
148 83
148 45
148 90
148 79
148 43
148 107
148 104
148 64
148 98
149 9
149 31
149 103
149 136
149 113
149 117
149 142
149 2
149 62
149 72
149 33
149 0
149 49
150 68
150 11
150 106
150 5
150 17
150 48
150 77
150 70
150 19
150 1
150 13
150 23
150 130
150 122
150 51
151 97
151 26
151 32
151 58
151 34
151 30
151 27
151 39
151 10
151 37
151 40
151 49
151 81
151 110
152 104
152 50
152 6
152 98
152 94
152 7
152 99
152 133
152 45
152 125
152 148
152 66
152 85
152 141
153 107
153 83
153 148
153 45
153 64
153 50
153 96
153 98
153 94
153 90
153 152
153 104
153 116
153 69
153 6
154 91
154 143
154 67
154 146
154 105
154 29
154 124
154 35
154 89
154 65
154 120
154 99
154 61
154 5
155 15
155 19
155 23
155 122
155 21
155 49
155 16
155 109
155 110
155 36
155 24
155 82
155 93
155 1
155 103
156 36
156 19
156 68
156 155
156 14
156 16
156 15
156 122
156 93
156 23
156 150
156 1
156 118
156 60
157 8
157 86
157 131
157 111
157 145
157 84
157 132
157 105
157 108
157 69
157 12
157 53
157 18
157 82
158 150
158 70
158 130
158 48
158 13
158 68
158 11
158 146
158 5
158 106
158 17
158 122
158 1
158 126
159 82
159 110
159 97
159 49
159 55
159 120
159 151
159 113
159 61
159 122
159 58
159 143
160 91
160 27
160 30
160 81
160 61
160 55
160 29
160 112
160 146
160 154
160 39
160 120
160 26
161 159
161 151
161 49
161 113
161 34
161 97
161 110
161 28
161 32
161 15
161 81
161 30
161 27
161 26
161 82
162 142
162 9
162 49
162 113
162 72
162 155
162 134
162 136
162 31
162 103
162 149
162 21
162 118
162 36
