10
0.95000000,0.55000000,1.06000000,0.00000000,0.00000000,0.00000000,1.00000000
0
1.03000000,0.55000000,1.06000000,0.00000000,0.00000000,0.00000000,1.00000000
0
1.11000000,0.55000000,1.06000000,0.00000000,0.00000000,0.00000000,1.00000000
0
0.95000000,0.25000000,1.06000000,0.00000000,0.00000000,0.00000000,1.00000000
0
1.03000000,0.25000000,1.06000000,0.00000000,0.00000000,0.00000000,1.00000000
0
1.11000000,0.25000000,1.06000000,0.00000000,0.00000000,0.00000000,1.00000000
0
0.95000000,-0.05000000,1.06000000,0.00000000,0.00000000,0.00000000,1.00000000
0
1.03000000,-0.05000000,1.06000000,0.00000000,0.00000000,0.00000000,1.00000000
0
1.11000000,-0.05000000,1.06000000,0.00000000,0.00000000,0.00000000,1.00000000
0
0.00000000,1.10000000,1.06000000,0.00000000,0.00000000,0.70710678,0.70710678
0
