10
0.9500000000,0.5500000000,1.0600000000,0.0000000000,0.0000000000,0.0000000000,1.0000000000
1
0.4648616494,0.0952583437,-1.4091200836,1.4746348303,0.6755844481,-0.2945015984,0.9592960843,0.0000000000
0.6113365803,0.0521134706,-1.3582100025,1.6998857323,0.6250990784,-0.3775015984,0.9974059230,0.0000000000
0.9500000000,0.5500000000,1.0600000000,0.0000000000,0.0000000000,0.0000000000,1.0000000000,0.4648616494,0.0952583437,-1.4091200836,1.4746348303,0.6755844481,-0.2945015984,0.9592960843,1.0000000000
1
9
0.6113365803,0.0521134706,-1.3582100025,1.6998857323,0.6250990784,-0.3775015984,0.9974059230,0.0000000000,0.02
0.5932215428,0.0560486956,-1.3629685975,1.6736039385,0.6285936063,-0.3690015984,0.9932625241,0.0000000000,0.02
0.5750865024,0.0603367218,-1.3680631033,1.6468327007,0.6327572607,-0.3600015984,0.9889609836,0.0000000000,0.02
0.5569107478,0.0649776044,-1.3735234072,1.6195532193,0.6376639984,-0.3505015984,0.9844452935,0.0000000000,0.02
0.5386719022,0.0699692056,-1.3793803125,1.5917447862,0.6434031367,-0.3405015984,0.9796435423,0.0000000000,0.02
0.5205111400,0.0762825666,-1.3864454315,1.5633358217,0.6493076438,-0.3295015984,0.9763355065,0.0000000000,0.02
0.5020654571,0.0819582649,-1.3932132135,1.5343993362,0.6570448693,-0.3185015984,0.9706940813,0.0000000000,0.02
0.4836296399,0.0889355184,-1.4012997369,1.5048109112,0.6652034854,-0.3065015984,0.9663543262,0.0000000000,0.02
0.4648616494,0.0952583437,-1.4091200836,1.4746348303,0.6755844481,-0.2945015984,0.9592960843,0.0000000000,0.02
0
0
1.0300000000,0.5500000000,1.0600000000,0.0000000000,0.0000000000,0.0000000000,1.0000000000
1
0.2764958775,0.1433797675,-1.4879725749,1.1627702431,0.9376517323,-0.1757562927,0.7294099786,0.0000000000
0.4317749262,0.0352133961,-1.3570149348,1.4427440097,0.7390471624,-0.3167562927,0.8185104681,0.0000000000
1.0300000000,0.5500000000,1.0600000000,0.0000000000,0.0000000000,0.0000000000,1.0000000000,0.2764958775,0.1433797675,-1.4879725749,1.1627702431,0.9376517323,-0.1757562927,0.7294099786,1.0000000000
1
15
0.4317749262,0.0352133961,-1.3570149348,1.4427440097,0.7390471624,-0.3167562927,0.8185104681,0.0000000000,0.02
0.4212528878,0.0403973012,-1.3622849687,1.4245291931,0.7471706838,-0.3087562927,0.8137314527,0.0000000000,0.02
0.4107308493,0.0455812064,-1.3675550025,1.4063143764,0.7552942052,-0.3007562927,0.8089524373,0.0000000000,0.02
0.4000796109,0.0513081996,-1.3736329978,1.3875821875,0.7647961302,-0.2922562927,0.8037092011,0.0000000000,0.02
0.3894283725,0.0570351928,-1.3797109931,1.3688499985,0.7742980553,-0.2837562927,0.7984659650,0.0000000000,0.02
0.3786014308,0.0632946932,-1.3866782704,1.3495655714,0.7855305913,-0.2747562927,0.7924604631,0.0000000000,0.02
0.3677744890,0.0695541936,-1.3936455478,1.3302811443,0.7967631273,-0.2657562927,0.7864549612,0.0000000000,0.02
0.3568485349,0.0772025138,-1.4025206805,1.3103639053,0.8096273263,-0.2557562927,0.7810049528,0.0000000000,0.02
0.3459225807,0.0848508339,-1.4113958133,1.2904466662,0.8224915252,-0.2457562927,0.7755549444,0.0000000000,0.02
0.3346768061,0.0929970066,-1.4214302082,1.2699000508,0.8382083053,-0.2352562927,0.7684080348,0.0000000000,0.02
0.3234310316,0.1011431793,-1.4314646031,1.2493534355,0.8539250854,-0.2247562927,0.7612611252,0.0000000000,0.02
0.3118856972,0.1106300995,-1.4437928708,1.2280961918,0.8728565682,-0.2132562927,0.7533596959,0.0000000000,0.02
0.3003403629,0.1201170198,-1.4561211385,1.2068389482,0.8917880509,-0.2017562927,0.7454582665,0.0000000000,0.02
0.2884181202,0.1317483937,-1.4720468567,1.1848045956,0.9147198916,-0.1887562927,0.7374341225,0.0000000000,0.02
0.2764958775,0.1433797675,-1.4879725749,1.1627702431,0.9376517323,-0.1757562927,0.7294099786,0.0000000000,0.02
0
0
1.1100000000,0.5500000000,1.0600000000,0.0000000000,0.0000000000,0.0000000000,1.0000000000
1
-0.0691860456,-0.1308427089,-0.9249073976,0.7275000432,1.3689545457,-0.3260511418,-0.3670035641,0.0000000000
0.1369387988,-0.2250530814,-0.9827490941,1.1421708626,0.9548743517,-0.4126511418,0.1241077654,0.0000000000
1.1100000000,0.5500000000,1.0600000000,0.0000000000,0.0000000000,0.0000000000,1.0000000000,-0.0691860456,-0.1308427089,-0.9249073976,0.7275000432,1.3689545457,-0.3260511418,-0.3670035641,1.0000000000
1
21
0.1369387988,-0.2250530814,-0.9827490941,1.1421708626,0.9548743517,-0.4126511418,0.1241077654,0.0000000000,0.02
0.1270655969,-0.2187382518,-0.9832848643,1.1209405214,0.9714311640,-0.4051511418,0.1072756979,0.0000000000,0.02
0.1171923951,-0.2124234222,-0.9838206345,1.0997101803,0.9879879763,-0.3976511418,0.0904436305,0.0000000000,0.02
0.1069786972,-0.2058203617,-0.9844766158,1.0775416056,1.0070391802,-0.3901511418,0.0712194301,0.0000000000,0.02
0.0967649993,-0.1992173012,-0.9851325972,1.0553730309,1.0260903841,-0.3826511418,0.0519952298,0.0000000000,0.02
0.0858048944,-0.1928760180,-0.9848433166,1.0321854092,1.0475907606,-0.3756511418,0.0292693446,0.0000000000,0.02
0.0748447894,-0.1865347347,-0.9845540360,1.0089977874,1.0690911372,-0.3686511418,0.0065434594,0.0000000000,0.02
0.0631229524,-0.1802927751,-0.9833943320,0.9845921396,1.0934701815,-0.3621511418,-0.0200328041,0.0000000000,0.02
0.0514011155,-0.1740508155,-0.9822346280,0.9601864917,1.1178492259,-0.3556511418,-0.0466090676,0.0000000000,0.02
0.0430631069,-0.1698115442,-0.9809770439,0.9429269723,1.1364147847,-0.3516511418,-0.0671879261,0.0000000000,0.02
0.0347250982,-0.1655722730,-0.9797194599,0.9256674529,1.1549803435,-0.3476511418,-0.0877667845,0.0000000000,0.02
0.0263870896,-0.1613330017,-0.9784618758,0.9084079335,1.1735459023,-0.3436511418,-0.1083456429,0.0000000000,0.02
0.0170357422,-0.1576038438,-0.9751997844,0.8899903741,1.1938018660,-0.3405844751,-0.1327726039,0.0000000000,0.02
0.0076843949,-0.1538746859,-0.9719376929,0.8715728147,1.2140578297,-0.3375178084,-0.1571995648,0.0000000000,0.02
-0.0016669525,-0.1501455280,-0.9686756014,0.8531552553,1.2343137933,-0.3344511418,-0.1816265258,0.0000000000,0.02
-0.0122038637,-0.1468275053,-0.9629323667,0.8332345915,1.2560994707,-0.3324511418,-0.2102267398,0.0000000000,0.02
-0.0227407749,-0.1435094826,-0.9571891320,0.8133139278,1.2778851481,-0.3304511418,-0.2388269538,0.0000000000,0.02
-0.0332776862,-0.1401914599,-0.9514458974,0.7933932641,1.2996708254,-0.3284511418,-0.2674271678,0.0000000000,0.02
-0.0452471393,-0.1370752095,-0.9425997308,0.7714288571,1.3227653988,-0.3276511418,-0.3006192999,0.0000000000,0.02
-0.0572165924,-0.1339589592,-0.9337535642,0.7494644501,1.3458599722,-0.3268511418,-0.3338114320,0.0000000000,0.02
-0.0691860456,-0.1308427089,-0.9249073976,0.7275000432,1.3689545457,-0.3260511418,-0.3670035641,0.0000000000,0.02
0
0
0.9500000000,0.2500000000,1.0600000000,0.0000000000,0.0000000000,0.0000000000,1.0000000000
1
0.0753809662,0.0821124702,-1.3536159510,1.7784406384,-2.8761437924,0.9562353852,-1.8044446530,0.0000000000
0.1656216749,0.0843532186,-1.3251662719,2.0031214949,-2.8629391372,1.0922353852,-1.7754920751,0.0000000000
0.9500000000,0.2500000000,1.0600000000,0.0000000000,0.0000000000,0.0000000000,1.0000000000,0.0753809662,0.0821124702,-1.3536159510,1.7784406384,-2.8761437924,0.9562353852,-1.8044446530,1.0000000000
1
9
0.1656216749,0.0843532186,-1.3251662719,2.0031214949,-2.8629391372,1.0922353852,-1.7754920751,0.0000000000,0.02
0.1554200274,0.0852710352,-1.3299487769,1.9761973992,-2.8650123064,1.0752353852,-1.7775075946,0.0000000000,0.02
0.1449343442,0.0859686977,-1.3344765440,1.9489700370,-2.8669339066,1.0582353852,-1.7798271228,0.0000000000,0.02
0.1341537530,0.0863885486,-1.3387115165,1.9214267409,-2.8687190827,1.0412353852,-1.7825205073,0.0000000000,0.02
0.1230666286,0.0864703949,-1.3426085294,1.8935536675,-2.8703830049,1.0242353852,-1.7856628029,0.0000000000,0.02
0.1116603962,0.0861513071,-1.3461145174,1.8653357117,-2.8719410850,1.0072353852,-1.7893349265,0.0000000000,0.02
0.0999212696,0.0853653716,-1.3491675701,1.8367564165,-2.8734092333,0.9902353852,-1.7936244293,0.0000000000,0.02
0.0878339081,0.0840433905,-1.3516958004,1.8077978763,-2.8748041666,0.9732353852,-1.7986264094,0.0000000000,0.02
0.0753809662,0.0821124702,-1.3536159510,1.7784406384,-2.8761437924,0.9562353852,-1.8044446530,0.0000000000,0.02
0
0
1.0300000000,0.2500000000,1.0600000000,0.0000000000,0.0000000000,0.0000000000,1.0000000000
1
-0.4657029475,1.0137856836,-2.6498131677,1.5546039465,-2.9265504512,0.5246704638,-0.4363329358,0.0000000000
-0.1609789072,1.0465492667,-2.2502810303,1.7865619259,-2.8424065457,0.6656704638,-0.6409606473,0.0000000000
1.0300000000,0.2500000000,1.0600000000,0.0000000000,0.0000000000,0.0000000000,1.0000000000,-0.4657029475,1.0137856836,-2.6498131677,1.5546039465,-2.9265504512,0.5246704638,-0.4363329358,1.0000000000
1
17
-0.1609789072,1.0465492667,-2.2502810303,1.7865619259,-2.8424065457,0.6656704638,-0.6409606473,0.0000000000,0.02
-0.1796139632,1.0467503887,-2.2744093898,1.7734536187,-2.8469039193,0.6571704638,-0.6296591591,0.0000000000,0.02
-0.1982490192,1.0469515107,-2.2985377494,1.7603453115,-2.8514012928,0.6486704638,-0.6183576708,0.0000000000,0.02
-0.2167912411,1.0463274717,-2.3224851615,1.7468632561,-2.8559615927,0.6401704638,-0.6071726008,0.0000000000,0.02
-0.2353334631,1.0457034328,-2.3464325736,1.7333812007,-2.8605218927,0.6316704638,-0.5959875308,0.0000000000,0.02
-0.2562742233,1.0458846717,-2.3741629735,1.7198805686,-2.8662176151,0.6226704638,-0.5813860287,0.0000000000,0.02
-0.2772149836,1.0460659106,-2.4018933733,1.7063799365,-2.8719133376,0.6136704638,-0.5667845267,0.0000000000,0.02
-0.2981113796,1.0452824887,-2.4295626529,1.6924302766,-2.8778130495,0.6046704638,-0.5520712881,0.0000000000,0.02
-0.3190077756,1.0444990667,-2.4572319325,1.6784806167,-2.8837127613,0.5956704638,-0.5373580496,0.0000000000,0.02
-0.3429177304,1.0443242729,-2.4896245604,1.6644562425,-2.8912589079,0.5861704638,-0.5183299132,0.0000000000,0.02
-0.3668276852,1.0441494792,-2.5220171882,1.6504318683,-2.8988050546,0.5766704638,-0.4993017768,0.0000000000,0.02
-0.3853597233,1.0443273130,-2.5476312792,1.6410106454,-2.9053752524,0.5700037971,-0.4829403783,0.0000000000,0.02
-0.4038917615,1.0445051469,-2.5732453702,1.6315894225,-2.9119454502,0.5633371304,-0.4665789798,0.0000000000,0.02
-0.4224237996,1.0446829808,-2.5988594611,1.6221681996,-2.9185156480,0.5566704638,-0.4502175814,0.0000000000,0.02
-0.4382676136,1.0390034537,-2.6192290340,1.6060535501,-2.9230335664,0.5481704638,-0.4403666025,0.0000000000,0.02
-0.4541114276,1.0333239265,-2.6395986069,1.5899389006,-2.9275514848,0.5396704638,-0.4305156237,0.0000000000,0.02
-0.4657029475,1.0137856836,-2.6498131677,1.5546039465,-2.9265504512,0.5246704638,-0.4363329358,0.0000000000,0.02
0
0
1.1100000000,0.2500000000,1.0600000000,0.0000000000,0.0000000000,0.0000000000,1.0000000000
1
-0.3831525252,0.6964117179,-2.3486207107,1.1511264861,-2.7552457815,0.4048286352,-0.9391651754,0.0000000000
-0.2392425578,0.8335873637,-2.2444979120,1.4782939445,-2.8086042199,0.5578286352,-0.8438536568,0.0000000000
1.1100000000,0.2500000000,1.0600000000,0.0000000000,0.0000000000,0.0000000000,1.0000000000,-0.3831525252,0.6964117179,-2.3486207107,1.1511264861,-2.7552457815,0.4048286352,-0.9391651754,1.0000000000
1
16
-0.2392425578,0.8335873637,-2.2444979120,1.4782939445,-2.8086042199,0.5578286352,-0.8438536568,0.0000000000,0.02
-0.2572191629,0.8187203974,-2.2591813435,1.4421266260,-2.8059087299,0.5408286352,-0.8513455270,0.0000000000,0.02
-0.2654202739,0.8102318662,-2.2647366673,1.4233589572,-2.8038574132,0.5323286352,-0.8571321216,0.0000000000,0.02
-0.2736213848,0.8017433350,-2.2702919911,1.4045912884,-2.8018060966,0.5238286352,-0.8629187161,0.0000000000,0.02
-0.2824786731,0.7936757377,-2.2769864251,1.3853483256,-2.7995724209,0.5148286352,-0.8677842165,0.0000000000,0.02
-0.2913359614,0.7856081405,-2.2836808590,1.3661053627,-2.7973387452,0.5058286352,-0.8726497170,0.0000000000,0.02
-0.3007909773,0.7778333626,-2.2914201998,1.3463140123,-2.7948396179,0.4963286352,-0.8767608148,0.0000000000,0.02
-0.3102459931,0.7700585846,-2.2991595407,1.3265226618,-2.7923404906,0.4868286352,-0.8808719125,0.0000000000,0.02
-0.3187647348,0.7609671103,-2.3046126151,1.3058322349,-2.7887909531,0.4773286352,-0.8878389032,0.0000000000,0.02
-0.3272834765,0.7518756360,-2.3100656895,1.2851418080,-2.7852414157,0.4678286352,-0.8948058940,0.0000000000,0.02
-0.3362661120,0.7428311916,-2.3161742174,1.2637167663,-2.7811215781,0.4578286352,-0.9016811611,0.0000000000,0.02
-0.3452487474,0.7337867473,-2.3222827453,1.2422917247,-2.7770017406,0.4478286352,-0.9085564283,0.0000000000,0.02
-0.3545975261,0.7246105997,-2.3288103650,1.2200069503,-2.7720995960,0.4373286352,-0.9157611556,0.0000000000,0.02
-0.3639463049,0.7154344522,-2.3353379847,1.1977221758,-2.7671974513,0.4268286352,-0.9229658830,0.0000000000,0.02
-0.3735494150,0.7059230850,-2.3419793477,1.1744243310,-2.7612216164,0.4158286352,-0.9310655292,0.0000000000,0.02
-0.3831525252,0.6964117179,-2.3486207107,1.1511264861,-2.7552457815,0.4048286352,-0.9391651754,0.0000000000,0.02
0
0
0.9500000000,-0.0500000000,1.0600000000,0.0000000000,0.0000000000,0.0000000000,1.0000000000
1
-0.5257323484,0.2909404367,-1.5645650573,1.4781632073,-2.8418201126,1.2281037489,-1.6005373365,0.0000000000
-0.4788360892,0.3193911275,-1.5279907318,1.7020958665,-2.8205923140,1.4061037489,-1.5653967166,0.0000000000
0.9500000000,-0.0500000000,1.0600000000,0.0000000000,0.0000000000,0.0000000000,1.0000000000,-0.5257323484,0.2909404367,-1.5645650573,1.4781632073,-2.8418201126,1.2281037489,-1.6005373365,1.0000000000
1
8
-0.4788360892,0.3193911275,-1.5279907318,1.7020958665,-2.8205923140,1.4061037489,-1.5653967166,0.0000000000,0.02
-0.4837707703,0.3154505091,-1.5334851529,1.6723791693,-2.8243203488,1.3811037489,-1.5700993649,0.0000000000,0.02
-0.4892858476,0.3111061590,-1.5386088243,1.6419752232,-2.8281025455,1.3561037489,-1.5751817742,0.0000000000,0.02
-0.4953855066,0.3062327837,-1.5432362788,1.6108495204,-2.8320377136,1.3311037489,-1.5807594712,0.0000000000,0.02
-0.5020755178,0.3006876831,-1.5472117891,1.5789627007,-2.8362421188,1.3061037489,-1.5869649214,0.0000000000,0.02
-0.5093215120,0.2983870278,-1.5537896550,1.5462346763,-2.8376486532,1.2801037489,-1.5906046320,0.0000000000,0.02
-0.5172050187,0.2952023521,-1.5596558125,1.5126549705,-2.8394544074,1.2541037489,-1.5950682606,0.0000000000,0.02
-0.5257323484,0.2909404367,-1.5645650573,1.4781632073,-2.8418201126,1.2281037489,-1.6005373365,0.0000000000,0.02
0
0
1.0300000000,-0.0500000000,1.0600000000,0.0000000000,0.0000000000,0.0000000000,1.0000000000
1
-0.9127575816,-0.4163655155,-0.5581528572,1.1637865880,-0.4201526728,-0.9170035529,0.8067619805,0.0000000000
-0.8830107642,-0.5214891166,-0.5947253805,1.4560077802,-0.4176406727,-1.1030035529,0.7496337748,0.0000000000
1.0300000000,-0.0500000000,1.0600000000,0.0000000000,0.0000000000,0.0000000000,1.0000000000,-0.9127575816,-0.4163655155,-0.5581528572,1.1637865880,-0.4201526728,-0.9170035529,0.8067619805,1.0000000000
1
10
-0.8830107642,-0.5214891166,-0.5947253805,1.4560077802,-0.4176406727,-1.1030035529,0.7496337748,0.0000000000,0.02
-0.8857331044,-0.5103979817,-0.5897921217,1.4232426360,-0.4166455283,-1.0810035529,0.7555503790,0.0000000000,0.02
-0.8880218370,-0.4982916532,-0.5861420178,1.3894802716,-0.4154059817,-1.0590035529,0.7624730378,0.0000000000,0.02
-0.8923430160,-0.4869234830,-0.5795456319,1.3549905574,-0.4159457510,-1.0360035529,0.7677946504,0.0000000000,0.02
-0.8960615019,-0.4743384422,-0.5745537253,1.3193259125,-0.4161434612,-1.0130035529,0.7743988515,0.0000000000,0.02
-0.8990554073,-0.4604059664,-0.5715117458,1.2823716571,-0.4158496727,-0.9900035529,0.7825068913,0.0000000000,0.02
-0.9037968590,-0.4468410041,-0.5659737837,1.2443591142,-0.4172517762,-0.9660035529,0.7894794911,0.0000000000,0.02
-0.9075462711,-0.4316047436,-0.5630406003,1.2047694817,-0.4179177018,-0.9420035529,0.7984388389,0.0000000000,0.02
-0.9101519264,-0.4239851296,-0.5605967288,1.1842780349,-0.4190351873,-0.9295035529,0.8026004097,0.0000000000,0.02
-0.9127575816,-0.4163655155,-0.5581528572,1.1637865880,-0.4201526728,-0.9170035529,0.8067619805,0.0000000000,0.02
0
0
1.1100000000,-0.0500000000,1.0600000000,0.0000000000,0.0000000000,0.0000000000,1.0000000000
1
-1.0207988859,0.5624630993,-2.6674471821,0.6931112107,-2.0886983637,0.5403306701,-1.4269505819,0.0000000000
-0.9637518285,0.7977162390,-2.6476654521,1.1618555544,-2.2750507021,0.7033306701,-1.1181172396,0.0000000000
1.1100000000,-0.0500000000,1.0600000000,0.0000000000,0.0000000000,0.0000000000,1.0000000000,-1.0207988859,0.5624630993,-2.6674471821,0.6931112107,-2.0886983637,0.5403306701,-1.4269505819,1.0000000000
1
19
-0.9637518285,0.7977162390,-2.6476654521,1.1618555544,-2.2750507021,0.7033306701,-1.1181172396,0.0000000000,0.02
-0.9663257553,0.7860150272,-2.6499759684,1.1391704415,-2.2694304104,0.6943306701,-1.1297971005,0.0000000000,0.02
-0.9688996822,0.7743138154,-2.6522864846,1.1164853285,-2.2638101186,0.6853306701,-1.1414769613,0.0000000000,0.02
-0.9720585813,0.7622719361,-2.6552441023,1.0926455374,-2.2568098975,0.6758306701,-1.1540975980,0.0000000000,0.02
-0.9752174804,0.7502300568,-2.6582017201,1.0688057463,-2.2498096765,0.6663306701,-1.1667182346,0.0000000000,0.02
-0.9780878398,0.7373248058,-2.6599593201,1.0435160353,-2.2419061531,0.6568306701,-1.1812754638,0.0000000000,0.02
-0.9809581991,0.7244195549,-2.6617169202,1.0182263244,-2.2340026297,0.6473306701,-1.1958326931,0.0000000000,0.02
-0.9843784124,0.7109002074,-2.6638668400,0.9912919040,-2.2242944951,0.6373306701,-1.2120419670,0.0000000000,0.02
-0.9877986257,0.6973808599,-2.6660167598,0.9643574836,-2.2145863606,0.6273306701,-1.2282512410,0.0000000000,0.02
-0.9917470167,0.6830371556,-2.6684022001,0.9353923949,-2.2026848634,0.6168306701,-1.2466775922,0.0000000000,0.02
-0.9956954077,0.6686934514,-2.6707876404,0.9064273062,-2.1907833663,0.6063306701,-1.2651039435,0.0000000000,0.02
-0.9993432006,0.6528269732,-2.6711848570,0.8747983720,-2.1771952085,0.5958306701,-1.2872008738,0.0000000000,0.02
-1.0029909935,0.6369604951,-2.6715820736,0.8431694378,-2.1636070507,0.5853306701,-1.3092978041,0.0000000000,0.02
-1.0057763291,0.6253292108,-2.6714203862,0.8197902392,-2.1524602087,0.5779973368,-1.3268345525,0.0000000000,0.02
-1.0085616646,0.6136979265,-2.6712586988,0.7964110407,-2.1413133667,0.5706640034,-1.3443713009,0.0000000000,0.02
-1.0113470002,0.6020666422,-2.6710970114,0.7730318422,-2.1301665247,0.5633306701,-1.3619080493,0.0000000000,0.02
-1.0144976288,0.5888654612,-2.6698804017,0.7463916317,-2.1163438044,0.5556640034,-1.3835888935,0.0000000000,0.02
-1.0176482573,0.5756642803,-2.6686637919,0.7197514212,-2.1025210841,0.5479973368,-1.4052697377,0.0000000000,0.02
-1.0207988859,0.5624630993,-2.6674471821,0.6931112107,-2.0886983637,0.5403306701,-1.4269505819,0.0000000000,0.02
0
0
0.0000000000,1.1000000000,1.0600000000,0.0000000000,0.0000000000,0.7071067812,0.7071067812
1
0.0305531918,0.9509711079,1.9295933857,1.8809429731,-0.4450496580,-0.8172678413,-2.2169114251,0.0000000000
-0.1112453016,1.0449546502,1.7808708766,2.0757940965,-0.4828788694,-0.9018678413,-2.2730547217,0.0000000000
0.0000000000,1.1000000000,1.0600000000,0.0000000000,0.0000000000,0.7071067812,0.7071067812,0.0305531918,0.9509711079,1.9295933857,1.8809429731,-0.4450496580,-0.8172678413,-2.2169114251,1.0000000000
1
9
-0.1112453016,1.0449546502,1.7808708766,2.0757940965,-0.4828788694,-0.9018678413,-2.2730547217,0.0000000000,0.02
-0.0876626627,1.0467420322,1.8120647290,2.0537915310,-0.4774196672,-0.8868678413,-2.2797748232,0.0000000000,0.02
-0.0694872923,1.0330054313,1.8309849559,2.0303768153,-0.4718395148,-0.8779678413,-2.2707782308,0.0000000000,0.02
-0.0518860840,1.0191415259,1.8489776372,2.0065252538,-0.4665745098,-0.8687678413,-2.2616421446,0.0000000000,0.02
-0.0347007897,1.0054176649,1.8663242923,1.9822587378,-0.4616305737,-0.8591678413,-2.2526404246,0.0000000000,0.02
-0.0179720780,0.9916007664,1.8828789176,1.9575580649,-0.4570019017,-0.8492678413,-2.2435210057,0.0000000000,0.02
-0.0018810311,0.9771888156,1.8982085112,1.9323749523,-0.4526754505,-0.8392678413,-2.2337255283,0.0000000000,0.02
0.0146602999,0.9644967630,1.9145703738,1.9069149385,-0.4487128775,-0.8282678413,-2.2257879345,0.0000000000,0.02
0.0305531918,0.9509711079,1.9295933857,1.8809429731,-0.4450496580,-0.8172678413,-2.2169114251,0.0000000000,0.02
0
0
