45
-0.30000000,0.90000000,1.47750000,0.00000000,0.00000000,0.00000000,1.00000000
0
-0.30000000,1.03000000,1.47750000,0.00000000,0.00000000,0.00000000,1.00000000
0
-0.15000000,0.90000000,1.47750000,0.00000000,0.00000000,0.00000000,1.00000000
0
-0.15000000,1.03000000,1.47750000,0.00000000,0.00000000,0.00000000,1.00000000
0
0.00000000,0.90000000,1.47750000,0.00000000,0.00000000,0.00000000,1.00000000
0
0.00000000,1.03000000,1.47750000,0.00000000,0.00000000,0.00000000,1.00000000
0
0.15000000,0.90000000,1.47750000,0.00000000,0.00000000,0.00000000,1.00000000
0
0.15000000,1.03000000,1.47750000,0.00000000,0.00000000,0.00000000,1.00000000
0
0.30000000,0.90000000,1.47750000,0.00000000,0.00000000,0.00000000,1.00000000
0
0.30000000,1.03000000,1.47750000,0.00000000,0.00000000,0.00000000,1.00000000
0
-0.30000000,1.16000000,1.47750000,0.00000000,0.00000000,0.00000000,1.00000000
0
-0.15000000,1.16000000,1.47750000,0.00000000,0.00000000,0.00000000,1.00000000
0
0.00000000,1.16000000,1.47750000,0.00000000,0.00000000,0.00000000,1.00000000
0
0.15000000,1.16000000,1.47750000,0.00000000,0.00000000,0.00000000,1.00000000
0
0.30000000,1.16000000,1.47750000,0.00000000,0.00000000,0.00000000,1.00000000
0
0.19783338,1.02266089,1.47750000,0.00000000,0.00000000,0.00000000,1.00000000
0
0.01560220,1.09535874,1.47750000,0.00000000,0.00000000,0.00000000,1.00000000
0
0.20414406,1.14441364,1.47750000,0.00000000,0.00000000,0.00000000,1.00000000
0
-0.09010337,1.02922673,1.47750000,0.00000000,0.00000000,0.00000000,1.00000000
0
0.12264942,1.11290459,1.47750000,0.00000000,0.00000000,0.00000000,1.00000000
0
0.28090988,1.10166256,1.47750000,0.00000000,0.00000000,0.00000000,1.00000000
0
-0.38196659,1.14159436,1.47750000,0.00000000,0.00000000,0.00000000,1.00000000
0
-0.18805512,1.00865680,1.47750000,0.00000000,0.00000000,0.00000000,1.00000000
0
0.33620044,1.13995838,1.47750000,0.00000000,0.00000000,0.00000000,1.00000000
0
0.07589033,0.97991890,1.47750000,0.00000000,0.00000000,0.00000000,1.00000000
0
-0.31722540,1.08001274,1.47750000,0.00000000,0.00000000,0.00000000,1.00000000
0
0.08881752,1.14607072,1.47750000,0.00000000,0.00000000,0.00000000,1.00000000
0
0.23953823,1.07912060,1.47750000,0.00000000,0.00000000,0.00000000,1.00000000
0
-0.08635085,1.09658765,1.47750000,0.00000000,0.00000000,0.00000000,1.00000000
0
-0.19927929,1.16223820,1.47750000,0.00000000,0.00000000,0.00000000,1.00000000
0
0.33605700,0.99715621,1.47750000,0.00000000,0.00000000,0.00000000,1.00000000
0
-0.24746931,1.15506548,1.47750000,0.00000000,0.00000000,0.00000000,1.00000000
0
-0.03658094,1.14319497,1.47750000,0.00000000,0.00000000,0.00000000,1.00000000
0
0.17491919,0.97701831,1.47750000,0.00000000,0.00000000,0.00000000,1.00000000
0
-0.03996045,1.05148058,1.47750000,0.00000000,0.00000000,0.00000000,1.00000000
0
-0.36327932,0.95228510,1.47750000,0.00000000,0.00000000,0.00000000,1.00000000
0
0.32568460,1.09167517,1.47750000,0.00000000,0.00000000,0.00000000,1.00000000
0
-0.00939297,0.95418962,1.47750000,0.00000000,0.00000000,0.00000000,1.00000000
0
-0.37138496,1.01718549,1.47750000,0.00000000,0.00000000,0.00000000,1.00000000
0
-0.20595221,1.10862433,1.47750000,0.00000000,0.00000000,0.00000000,1.00000000
0
-0.10837567,1.14465462,1.47750000,0.00000000,0.00000000,0.00000000,1.00000000
0
0.37957980,0.96032918,1.47750000,0.00000000,0.00000000,0.00000000,1.00000000
0
0.26831411,0.96213838,1.47750000,0.00000000,0.00000000,0.00000000,1.00000000
0
-0.25645094,0.96066179,1.47750000,0.00000000,0.00000000,0.00000000,1.00000000
0
-0.25833088,1.02201802,1.47750000,0.00000000,0.00000000,0.00000000,1.00000000
0
