74
0.80000000,0.35000000,0.86000000,0.70710678,0.00000000,-0.70710678,0.00000000
5
16 36 38 48 58 
0.95000000,0.35000000,0.86000000,0.70710678,0.00000000,-0.70710678,0.00000000
3
17 39 58 
1.00000000,0.25000000,0.86000000,0.50000000,-0.50000000,-0.50000000,-0.50000000
2
23 41 
0.95000000,0.15000000,0.86000000,0.70710678,0.00000000,-0.70710678,0.00000000
3
29 53 54 
0.90000000,0.25000000,0.86000000,0.50000000,-0.50000000,-0.50000000,-0.50000000
2
23 41 
0.80000000,0.25000000,0.86000000,0.65328148,0.27059805,-0.65328148,0.27059805
5
22 35 36 38 71 
1.00000000,-0.06000000,0.86000000,0.50000000,-0.50000000,-0.50000000,-0.50000000
2
25 42 
0.95000000,0.04000000,0.86000000,0.70710678,0.00000000,-0.70710678,0.00000000
3
19 47 63 
0.90000000,-0.06000000,0.86000000,0.50000000,-0.50000000,-0.50000000,-0.50000000
4
25 46 50 69 
0.80000000,-0.11000000,0.86000000,0.70710678,0.00000000,-0.70710678,0.00000000
2
52 68 
0.75000000,-0.01000000,0.86000000,0.50000000,-0.50000000,-0.50000000,-0.50000000
5
18 24 52 59 68 
1.00000000,-0.31000000,0.86000000,0.50000000,-0.50000000,-0.50000000,-0.50000000
6
21 27 49 57 64 70 
0.95000000,-0.21000000,0.86000000,0.70710678,0.00000000,-0.70710678,0.00000000
4
45 51 61 64 
0.90000000,-0.31000000,0.86000000,0.50000000,-0.50000000,-0.50000000,-0.50000000
5
21 27 45 57 70 
0.80000000,-0.36000000,0.86000000,0.70710678,0.00000000,-0.70710678,0.00000000
2
26 66 
0.75000000,-0.26000000,0.86000000,0.50000000,-0.50000000,-0.50000000,-0.50000000
2
20 66 
0.80000000,0.35000000,0.86000000,0.70710678,0.00000000,-0.70710678,0.00000000
0
0.95000000,0.35000000,0.86000000,0.70710678,0.00000000,-0.70710678,0.00000000
0
0.80000000,0.05000000,0.86000000,0.70710678,0.00000000,-0.70710678,0.00000000
0
0.95000000,0.05000000,0.86000000,0.70710678,0.00000000,-0.70710678,0.00000000
0
0.80000000,-0.25000000,0.86000000,0.70710678,0.00000000,-0.70710678,0.00000000
0
0.95000000,-0.25000000,0.86000000,0.70710678,0.00000000,-0.70710678,0.00000000
0
0.80000000,0.25000000,0.86000000,0.70710678,0.00000000,-0.70710678,0.00000000
0
0.95000000,0.25000000,0.86000000,0.70710678,0.00000000,-0.70710678,0.00000000
0
0.80000000,-0.05000000,0.86000000,0.70710678,0.00000000,-0.70710678,0.00000000
0
0.95000000,-0.05000000,0.86000000,0.70710678,0.00000000,-0.70710678,0.00000000
0
0.80000000,-0.35000000,0.86000000,0.70710678,0.00000000,-0.70710678,0.00000000
0
0.95000000,-0.35000000,0.86000000,0.70710678,0.00000000,-0.70710678,0.00000000
0
0.80000000,0.15000000,0.86000000,0.70710678,0.00000000,-0.70710678,0.00000000
0
0.95000000,0.15000000,0.86000000,0.70710678,0.00000000,-0.70710678,0.00000000
0
0.80000000,-0.15000000,0.86000000,0.70710678,0.00000000,-0.70710678,0.00000000
0
0.95000000,-0.15000000,0.86000000,0.70710678,0.00000000,-0.70710678,0.00000000
0
0.80000000,-0.45000000,0.86000000,0.70710678,0.00000000,-0.70710678,0.00000000
0
0.95000000,-0.45000000,0.86000000,0.70710678,0.00000000,-0.70710678,0.00000000
0
0.87318899,-0.14635807,0.86000000,0.70236445,0.08175680,-0.70236445,0.08175680
6
30 31 50 61 67 68 
0.79504249,0.25921932,0.86000000,0.45350083,0.54252834,-0.45350083,0.54252834
6
5 22 36 53 58 71 
0.77672754,0.29063987,0.86000000,0.23516676,0.66685575,-0.23516676,0.66685575
6
0 5 16 22 35 71 
0.76117865,0.12565642,0.86000000,0.10737040,0.69890743,-0.10737040,0.69890743
4
28 44 56 73 
0.84728046,0.28989227,0.86000000,0.53903784,-0.45764419,-0.53903784,-0.45764419
7
0 5 16 22 41 58 71 
0.87830518,0.37430839,0.86000000,0.23472045,0.66701298,-0.23472045,0.66701298
4
1 17 48 58 
0.90364959,0.09948126,0.86000000,0.69281438,-0.14145048,-0.69281438,-0.14145048
4
19 28 53 56 
0.92429351,0.25015491,0.86000000,0.69377048,0.13668401,-0.69377048,0.13668401
4
2 4 23 38 
1.03076838,-0.12909902,0.86000000,0.69841916,0.11050195,-0.69841916,0.11050195
2
6 31 
0.85783501,-0.48743207,0.86000000,0.20859771,-0.67563821,-0.20859771,-0.67563821
3
33 55 65 
0.72619979,0.11681662,0.86000000,0.38154019,-0.59533779,-0.38154019,-0.59533779
4
28 37 71 73 
0.91400235,-0.22415264,0.86000000,0.48032068,-0.51893357,-0.48032068,-0.51893357
7
12 13 21 31 51 61 64 
0.87865980,-0.05268531,0.86000000,0.17815795,0.68429507,-0.17815795,0.68429507
5
8 24 25 50 59 
0.83532707,0.01543860,0.86000000,0.70071345,0.09487182,-0.70071345,0.09487182
4
7 18 19 69 
0.78816627,0.38534348,0.86000000,0.70514946,-0.05257605,-0.70514946,-0.05257605
4
0 16 39 58 
0.98504037,-0.40656467,0.86000000,0.55288446,-0.44081603,-0.55288446,-0.44081603
4
11 27 33 70 
0.90189710,-0.07456801,0.86000000,0.58409616,0.39853692,-0.58409616,0.39853692
6
8 25 31 34 46 69 
0.86074112,-0.20724119,0.86000000,0.15487345,-0.68993783,-0.15487345,-0.68993783
4
12 20 45 67 
0.73909646,-0.08065784,0.86000000,0.70706284,0.00788258,-0.70706284,0.00788258
4
9 10 24 68 
0.84248908,0.16554892,0.86000000,0.20547818,0.67659346,-0.20547818,0.67659346
7
3 28 29 35 40 56 71 
0.99360760,0.13511093,0.86000000,0.25112619,0.66101107,-0.25112619,0.66101107
3
3 29 63 
0.88482387,-0.51596664,0.86000000,0.02305610,0.70673079,-0.02305610,0.70673079
2
43 65 
0.83058908,0.10648612,0.86000000,0.68026930,0.19296031,-0.68026930,0.19296031
6
18 28 37 40 53 73 
0.95253649,-0.29641458,0.86000000,0.70017692,0.09875360,-0.70017692,0.09875360
2
11 13 
0.83055826,0.34839642,0.86000000,0.14043168,-0.69302160,-0.14043168,-0.69302160
8
0 1 16 17 35 38 39 48 
0.78918013,-0.04766512,0.86000000,0.70666015,-0.02512822,-0.70666015,-0.02512822
4
10 24 46 68 
0.80988342,0.50894896,0.86000000,0.70461246,0.05934035,-0.70461246,0.05934035
0
0.96712732,-0.18688125,0.86000000,0.67062295,-0.22419827,-0.67062295,-0.22419827
5
12 31 34 45 64 
0.80921075,0.44154619,0.86000000,0.70707819,0.00635862,-0.70707819,0.00635862
1
72 
1.01233589,0.08330093,0.86000000,0.27987302,-0.64936207,-0.27987302,-0.64936207
3
7 19 54 
0.96320339,-0.23852053,0.86000000,0.06587341,0.70403174,-0.06587341,0.70403174
5
11 12 21 45 61 
0.88147921,-0.49572292,0.86000000,0.48584930,-0.51376109,-0.48584930,-0.51376109
3
33 43 55 
0.73995668,-0.29009325,0.86000000,0.48927476,0.51049996,-0.48927476,0.51049996
4
14 15 20 26 
0.84204591,-0.21603632,0.86000000,0.60345832,-0.36856215,-0.60345832,-0.36856215
5
20 30 34 51 68 
0.79095815,-0.11281969,0.86000000,0.40478172,0.57978596,-0.40478172,0.57978596
8
9 10 24 30 34 52 59 67 
0.87248460,0.01127673,0.86000000,0.67421870,-0.21314114,-0.67421870,-0.21314114
5
8 18 25 47 50 
0.92402026,-0.36346175,0.86000000,0.70308837,-0.07527774,-0.70308837,-0.07527774
4
11 13 27 49 
0.79848468,0.21154629,0.86000000,0.28650556,-0.64646312,-0.28650556,-0.64646312
8
5 22 28 35 36 38 44 53 
0.86477863,0.43056685,0.86000000,0.20661436,0.67624737,-0.20661436,0.67624737
1
62 
0.77781135,0.10760024,0.86000000,0.68123931,0.18950726,-0.68123931,0.18950726
4
28 37 44 56 
