74
0.8000000000,0.3500000000,0.8600000000,0.7071067812,0.0000000000,-0.7071067812,0.0000000000
1
0.7840174419,-0.2924694453,1.3150267262,1.3216492893,-1.2237593398,1.4040476440,1.2500194205,0.0000000000
0.7762577335,-0.3494923598,1.3676320067,1.3030581633,-1.1826736608,1.4760476440,1.2361333609,0.0000000000
0.8000000000,0.3500000000,0.8600000000,0.7071067812,0.0000000000,-0.7071067812,0.0000000000,0.7840174419,-0.2924694453,1.3150267262,1.3216492893,-1.2237593398,1.4040476440,1.2500194205,1.0000000000
0.8000000007,0.3499998673,0.9099998895,0.0000009382,0.7071067886,0.0000009382,0.7071067737,0.7762577335,-0.3494923598,1.3676320067,1.3030581633,-1.1826736608,1.4760476440,1.2361333609,1.0000000000
5
16 36 38 48 58 
0.9500000000,0.3500000000,0.8600000000,0.7071067812,0.0000000000,-0.7071067812,0.0000000000
1
1.1044808095,0.2085018590,2.3453227838,0.5046022041,-2.3579937273,1.7169019553,0.6720082549,0.0000000000
1.1223994157,0.1257742802,2.3632576428,0.4574224019,-2.3528349309,1.7675019553,0.6547783926,0.0000000000
0.9500000000,0.3500000000,0.8600000000,0.7071067812,0.0000000000,-0.7071067812,0.0000000000,1.1044808095,0.2085018590,2.3453227838,0.5046022041,-2.3579937273,1.7169019553,0.6720082549,1.0000000000
0.9500000000,0.3499998673,0.9099998895,0.0000009382,0.7071067865,0.0000009382,0.7071067759,1.1223994157,0.1257742802,2.3632576428,0.4574224019,-2.3528349309,1.7675019553,0.6547783926,1.0000000000
3
17 39 58 
1.0000000000,0.2500000000,0.8600000000,0.5000000000,-0.5000000000,-0.5000000000,-0.5000000000
1
1.4011767853,-0.2850692118,-0.7152129440,0.5235672209,-2.4553864668,-1.4473435422,-1.2953151075,0.0000000000
1.3899806366,-0.3343953863,-0.7227290867,0.4773175949,-2.4665708247,-1.5323435422,-1.2789358387,0.0000000000
1.0000000000,0.2500000000,0.8600000000,0.5000000000,-0.5000000000,-0.5000000000,-0.5000000000,1.4011767853,-0.2850692118,-0.7152129440,0.5235672209,-2.4553864668,-1.4473435422,-1.2953151075,1.0000000000
0.9999998673,0.2500000000,0.9099998962,0.5000006636,0.4999993367,-0.4999993364,0.5000006633,1.3899806366,-0.3343953863,-0.7227290867,0.4773175949,-2.4665708247,-1.5323435422,-1.2789358387,1.0000000000
2
23 41 
0.9500000000,0.1500000000,0.8600000000,0.7071067812,0.0000000000,-0.7071067812,0.0000000000
1
0.6571266075,0.4653742631,2.3331611308,1.1726820107,-2.3634609323,1.9727587132,0.6790333866,0.0000000000
0.6749420410,0.3912141008,2.3697432588,1.1578608563,-2.3349088335,2.0377587132,0.6840628700,0.0000000000
0.9500000000,0.1500000000,0.8600000000,0.7071067812,0.0000000000,-0.7071067812,0.0000000000,0.6571266075,0.4653742631,2.3331611308,1.1726820107,-2.3634609323,1.9727587132,0.6790333866,1.0000000000
0.9500000009,0.1499998673,0.9099998895,0.0000009382,0.7071067876,0.0000009382,0.7071067747,0.6749420410,0.3912141008,2.3697432588,1.1578608563,-2.3349088335,2.0377587132,0.6840628700,1.0000000000
3
29 53 54 
0.9000000000,0.2500000000,0.8600000000,0.5000000000,-0.5000000000,-0.5000000000,-0.5000000000
1
0.7069685464,-0.4103647122,1.0886896924,1.1725298134,-0.9935003739,1.3278902193,2.4877680884,0.0000000000
0.6976287951,-0.4696287554,1.1303501168,1.1526452224,-0.9601966195,1.4028902193,2.4731632081,0.0000000000
0.9000000000,0.2500000000,0.8600000000,0.5000000000,-0.5000000000,-0.5000000000,-0.5000000000,0.7069685464,-0.4103647122,1.0886896924,1.1725298134,-0.9935003739,1.3278902193,2.4877680884,1.0000000000
0.8999998673,0.2500000000,0.9099998962,0.5000006636,0.4999993368,-0.4999993364,0.5000006632,0.6976287951,-0.4696287554,1.1303501168,1.1526452224,-0.9601966195,1.4028902193,2.4731632081,1.0000000000
2
23 41 
0.8000000000,0.2500000000,0.8600000000,0.6532814824,0.2705980501,-0.6532814824,0.2705980501
1
0.7203146134,-0.6919690369,0.9247339502,1.5752016495,-0.7722262456,1.0825804817,0.2733163993,0.0000000000
0.6898704950,-0.7582776550,0.9826697799,1.5542296622,-0.7195585057,1.1655804817,0.2456142157,0.0000000000
0.8000000000,0.2500000000,0.8600000000,0.6532814824,0.2705980501,-0.6532814824,0.2705980501,0.7203146134,-0.6919690369,0.9247339502,1.5752016495,-0.7722262456,1.0825804817,0.2733163993,1.0000000000
0.8000000938,0.2499999062,0.9099998922,-0.2705971718,0.6532818465,0.2705989052,0.6532811280,0.6898704950,-0.7582776550,0.9826697799,1.5542296622,-0.7195585057,1.1655804817,0.2456142157,1.0000000000
5
22 35 36 38 71 
1.0000000000,-0.0600000000,0.8600000000,0.5000000000,-0.5000000000,-0.5000000000,-0.5000000000
1
0.4701676994,0.5013424357,2.5210270047,1.0870994350,-2.5492239935,1.9866485612,1.8507164864,0.0000000000
0.4847424357,0.4238670701,2.5483023916,1.0702399135,-2.5282524875,2.0506485612,1.8536570351,0.0000000000
1.0000000000,-0.0600000000,0.8600000000,0.5000000000,-0.5000000000,-0.5000000000,-0.5000000000,0.4701676994,0.5013424357,2.5210270047,1.0870994350,-2.5492239935,1.9866485612,1.8507164864,1.0000000000
0.9999998673,-0.0600000000,0.9099998962,0.5000006636,0.4999993368,-0.4999993364,0.5000006632,0.4847424357,0.4238670701,2.5483023916,1.0702399135,-2.5282524875,2.0506485612,1.8536570351,1.0000000000
2
25 42 
0.9500000000,0.0400000000,0.8600000000,0.7071067812,0.0000000000,-0.7071067812,0.0000000000
1
0.3234039879,-0.3104851617,1.2658340192,1.2408068174,-1.1750354092,1.3944489068,0.6924533846,0.0000000000
0.3162695744,-0.3689147749,1.3130238275,1.2218009108,-1.1368090404,1.4664489068,0.6784811383,0.0000000000
0.9500000000,0.0400000000,0.8600000000,0.7071067812,0.0000000000,-0.7071067812,0.0000000000,0.3234039879,-0.3104851617,1.2658340192,1.2408068174,-1.1750354092,1.3944489068,0.6924533846,1.0000000000
0.9500000005,0.0399998673,0.9099998895,0.0000009382,0.7071067876,0.0000009382,0.7071067747,0.3162695744,-0.3689147749,1.3130238275,1.2218009108,-1.1368090404,1.4664489068,0.6784811383,1.0000000000
3
19 47 63 
0.9000000000,-0.0600000000,0.8600000000,0.5000000000,-0.5000000000,-0.5000000000,-0.5000000000
1
0.1233187223,0.4275736962,2.0461180749,1.5263338605,-2.0639874513,1.9755784878,2.2215137878,0.0000000000
0.1481326389,0.3598411267,2.1072401965,1.5153458777,-2.0123164608,2.0425784878,2.2359883440,0.0000000000
0.9000000000,-0.0600000000,0.8600000000,0.5000000000,-0.5000000000,-0.5000000000,-0.5000000000,0.1233187223,0.4275736962,2.0461180749,1.5263338605,-2.0639874513,1.9755784878,2.2215137878,1.0000000000
0.8999998673,-0.0600000000,0.9099998962,0.5000006636,0.4999993368,-0.4999993364,0.5000006632,0.1481326389,0.3598411267,2.1072401965,1.5153458777,-2.0123164608,2.0425784878,2.2359883440,1.0000000000
4
25 46 50 69 
0.8000000000,-0.1100000000,0.8600000000,0.7071067812,0.0000000000,-0.7071067812,0.0000000000
1
1.6158185073,-0.1472606489,-1.4966496206,1.8518664309,-1.6882101312,-1.4579880612,2.1281231306,0.0000000000
1.6218870864,-0.1974051481,-1.5819309629,1.8381117314,-1.7599632532,-1.5279880612,2.1388885531,0.0000000000
0.8000000000,-0.1100000000,0.8600000000,0.7071067812,0.0000000000,-0.7071067812,0.0000000000,1.6158185073,-0.1472606489,-1.4966496206,1.8518664309,-1.6882101312,-1.4579880612,2.1281231306,1.0000000000
0.7999999991,-0.1100001327,0.9099998895,0.0000009382,0.7071067747,0.0000009382,0.7071067876,1.6218870864,-0.1974051481,-1.5819309629,1.8381117314,-1.7599632532,-1.5279880612,2.1388885531,1.0000000000
2
52 68 
0.7500000000,-0.0100000000,0.8600000000,0.5000000000,-0.5000000000,-0.5000000000,-0.5000000000
1
1.5220469719,-1.0278150789,-0.7954400599,2.0927908168,-2.5563184222,-0.7335771712,-2.0116461436,0.0000000000
1.5979501329,-1.1198655929,-0.8965649168,2.0673167951,-2.6630644811,-0.8355771712,-1.9400089321,0.0000000000
0.7500000000,-0.0100000000,0.8600000000,0.5000000000,-0.5000000000,-0.5000000000,-0.5000000000,1.5220469719,-1.0278150789,-0.7954400599,2.0927908168,-2.5563184222,-0.7335771712,-2.0116461436,1.0000000000
0.7499998673,-0.0100000000,0.9099998962,0.5000006636,0.4999993368,-0.4999993364,0.5000006632,1.5979501329,-1.1198655929,-0.8965649168,2.0673167951,-2.6630644811,-0.8355771712,-1.9400089321,1.0000000000
5
18 24 52 59 68 
1.0000000000,-0.3100000000,0.8600000000,0.5000000000,-0.5000000000,-0.5000000000,-0.5000000000
1
0.0963904039,0.2184829689,2.1112220308,0.7646064184,-2.1189612425,1.7589138941,1.5276837023,0.0000000000
0.1102362596,0.1479613871,2.1405798720,0.7406724332,-2.1042491222,1.8204138941,1.5195008293,0.0000000000
1.0000000000,-0.3100000000,0.8600000000,0.5000000000,-0.5000000000,-0.5000000000,-0.5000000000,0.0963904039,0.2184829689,2.1112220308,0.7646064184,-2.1189612425,1.7589138941,1.5276837023,1.0000000000
0.9999998673,-0.3100000000,0.9099998962,0.5000006636,0.4999993368,-0.4999993364,0.5000006632,0.1102362596,0.1479613871,2.1405798720,0.7406724332,-2.1042491222,1.8204138941,1.5195008293,1.0000000000
6
21 27 49 57 64 70 
0.9500000000,-0.2100000000,0.8600000000,0.7071067812,0.0000000000,-0.7071067812,0.0000000000
1
-0.0384478191,0.1527367964,1.8202859239,1.2149431679,-1.8047022110,1.7429836193,0.3472458439,0.0000000000
-0.0267862642,0.0910348700,1.8695927824,1.1999877144,-1.7693769272,1.8089836193,0.3459291232,0.0000000000
0.9500000000,-0.2100000000,0.8600000000,0.7071067812,0.0000000000,-0.7071067812,0.0000000000,-0.0384478191,0.1527367964,1.8202859239,1.2149431679,-1.8047022110,1.7429836193,0.3472458439,1.0000000000
0.9500000000,-0.2100001327,0.9099998895,0.0000009382,0.7071067812,0.0000009382,0.7071067812,-0.0267862642,0.0910348700,1.8695927824,1.1999877144,-1.7693769272,1.8089836193,0.3459291232,1.0000000000
4
45 51 61 64 
0.9000000000,-0.3100000000,0.8600000000,0.5000000000,-0.5000000000,-0.5000000000,-0.5000000000
1
-0.2243594631,-0.2953230716,1.2592097905,1.3146358226,1.9433725960,-1.3547302749,-1.3564622662,0.0000000000
-0.2321607787,-0.3524721487,1.3110370408,1.2979361357,1.9838449248,-1.4267302749,-1.3700292232,0.0000000000
0.9000000000,-0.3100000000,0.8600000000,0.5000000000,-0.5000000000,-0.5000000000,-0.5000000000,-0.2243594631,-0.2953230716,1.2592097905,1.3146358226,1.9433725960,-1.3547302749,-1.3564622662,1.0000000000
0.8999998673,-0.3100000000,0.9099998962,0.5000006635,0.4999993367,-0.4999993365,0.5000006633,-0.2321607787,-0.3524721487,1.3110370408,1.2979361357,1.9838449248,-1.4267302749,-1.3700292232,1.0000000000
5
21 27 45 57 70 
0.8000000000,-0.3600000000,0.8600000000,0.7071067812,0.0000000000,-0.7071067812,0.0000000000
1
-0.3954376701,-0.5902721211,1.0487946352,1.6278904817,2.2075763531,-1.1047687321,-3.0150583408,0.0000000000
-0.4239323942,-0.6520489136,1.1143327329,1.6090418977,2.2648316782,-1.1837687321,-3.0423592021,0.0000000000
0.8000000000,-0.3600000000,0.8600000000,0.7071067812,0.0000000000,-0.7071067812,0.0000000000,-0.3954376701,-0.5902721211,1.0487946352,1.6278904817,2.2075763531,-1.1047687321,-3.0150583408,1.0000000000
0.8000000005,-0.3600001327,0.9099998895,0.0000009382,0.7071067812,0.0000009382,0.7071067812,-0.4239323942,-0.6520489136,1.1143327329,1.6090418977,2.2648316782,-1.1837687321,-3.0423592021,1.0000000000
2
26 66 
0.7500000000,-0.2600000000,0.8600000000,0.5000000000,-0.5000000000,-0.5000000000,-0.5000000000
1
1.2821450302,-0.5251640597,-1.3023434747,1.8950489501,1.1264895909,1.1834697775,0.3288478231,0.0000000000
1.3188242251,-0.5778811136,-1.3945866796,1.8712200431,1.0498625076,1.2634697775,0.3633999684,0.0000000000
0.7500000000,-0.2600000000,0.8600000000,0.5000000000,-0.5000000000,-0.5000000000,-0.5000000000,1.2821450302,-0.5251640597,-1.3023434747,1.8950489501,1.1264895909,1.1834697775,0.3288478231,1.0000000000
0.7499998674,-0.2599999998,0.9099998961,0.5000006639,0.4999993368,-0.4999993361,0.5000006632,1.3188242251,-0.5778811136,-1.3945866796,1.8712200431,1.0498625076,1.2634697775,0.3633999684,1.0000000000
2
20 66 
0.8000000000,0.3500000000,0.8600000000,0.7071067800,0.0000000000,-0.7071067800,0.0000000000
1
1.0353298379,-0.6978098803,0.6776790033,1.3551408744,-0.5699995309,1.1057278130,1.0011315805,0.0000000000
1.0175252529,-0.7657697595,0.7123147085,1.3365542283,-0.5351386954,1.1887278130,0.9831286238,0.0000000000
0.8000000000,0.3500000000,0.8600000000,0.7071067800,0.0000000000,-0.7071067800,0.0000000000,1.0353298379,-0.6978098803,0.6776790033,1.3551408744,-0.5699995309,1.1057278130,1.0011315805,1.0000000000
0.8000000005,0.3499998673,0.9099998894,0.0000009382,0.7071067865,0.0000009382,0.7071067759,1.0175252529,-0.7657697595,0.7123147085,1.3365542283,-0.5351386954,1.1887278130,0.9831286238,1.0000000000
0
0.9500000000,0.3500000000,0.8600000000,0.7071067800,0.0000000000,-0.7071067800,0.0000000000
1
1.1277622691,0.2371290618,2.4543997813,0.5133017323,-2.4682398317,1.7318006878,0.6595498956,0.0000000000
1.1441935944,0.1525185660,2.4715760678,0.4662880930,-2.4643054566,1.7809006878,0.6443457828,0.0000000000
0.9500000000,0.3500000000,0.8600000000,0.7071067800,0.0000000000,-0.7071067800,0.0000000000,1.1277622691,0.2371290618,2.4543997813,0.5133017323,-2.4682398317,1.7318006878,0.6595498956,1.0000000000
0.9499999995,0.3499998673,0.9099998894,0.0000009382,0.7071067759,0.0000009382,0.7071067865,1.1441935944,0.1525185660,2.4715760678,0.4662880930,-2.4643054566,1.7809006878,0.6443457828,1.0000000000
0
0.8000000000,0.0500000000,0.8600000000,0.7071067800,0.0000000000,-0.7071067800,0.0000000000
1
1.6209278897,-0.8772551495,-0.8410282830,1.8888940330,-2.4648758079,-0.8655786595,2.7856162315,0.0000000000
1.6728707275,-0.9546634253,-0.9200033748,1.8671131824,-2.5431347945,-0.9565786595,2.8330919062,0.0000000000
0.8000000000,0.0500000000,0.8600000000,0.7071067800,0.0000000000,-0.7071067800,0.0000000000,1.6209278897,-0.8772551495,-0.8410282830,1.8888940330,-2.4648758079,-0.8655786595,2.7856162315,1.0000000000
0.8000000005,0.0499998673,0.9099998894,0.0000009345,0.7071067849,0.0000009419,0.7071067775,1.6728707275,-0.9546634253,-0.9200033748,1.8671131824,-2.5431347945,-0.9565786595,2.8330919062,1.0000000000
0
0.9500000000,0.0500000000,0.8600000000,0.7071067800,0.0000000000,-0.7071067800,0.0000000000
1
0.3280778183,0.1900623637,1.8597880474,1.2480416997,-1.8503400914,1.7738126266,0.7297408143,0.0000000000
0.3413304890,0.1278924279,1.9103703489,1.2336646124,-1.8138570963,1.8398126266,0.7300030285,0.0000000000
0.9500000000,0.0500000000,0.8600000000,0.7071067800,0.0000000000,-0.7071067800,0.0000000000,0.3280778183,0.1900623637,1.8597880474,1.2480416997,-1.8503400914,1.7738126266,0.7297408143,1.0000000000
0.9500000000,0.0499998673,0.9099998894,0.0000009382,0.7071067812,0.0000009382,0.7071067812,0.3413304890,0.1278924279,1.9103703489,1.2336646124,-1.8138570963,1.8398126266,0.7300030285,1.0000000000
0
0.8000000000,-0.2500000000,0.8600000000,0.7071067800,0.0000000000,-0.7071067800,0.0000000000
1
0.3319016052,-1.0500425678,0.1681499145,1.8215057666,-0.1126068617,0.8047271018,-0.2331785710,0.0000000000
0.3249725266,-1.1418892746,0.1759487517,1.8068543781,-0.0894769956,0.9097271018,-0.2491882122,0.0000000000
0.8000000000,-0.2500000000,0.8600000000,0.7071067800,0.0000000000,-0.7071067800,0.0000000000,0.3319016052,-1.0500425678,0.1681499145,1.8215057666,-0.1126068617,0.8047271018,-0.2331785710,1.0000000000
0.8000000000,-0.2500001327,0.9099998894,0.0000009382,0.7071067812,0.0000009382,0.7071067812,0.3249725266,-1.1418892746,0.1759487517,1.8068543781,-0.0894769956,0.9097271018,-0.2491882122,1.0000000000
0
0.9500000000,-0.2500000000,0.8600000000,0.7071067800,0.0000000000,-0.7071067800,0.0000000000
1
-0.0850635943,-0.1272722708,1.4769930195,1.1539607092,-1.4166349073,1.5327265191,0.2711223611,0.0000000000
-0.0840235670,-0.1855775799,1.5233171835,1.1359525598,-1.3827475417,1.6017265191,0.2616448863,0.0000000000
0.9500000000,-0.2500000000,0.8600000000,0.7071067800,0.0000000000,-0.7071067800,0.0000000000,-0.0850635943,-0.1272722708,1.4769930195,1.1539607092,-1.4166349073,1.5327265191,0.2711223611,1.0000000000
0.9500000000,-0.2500001327,0.9099998894,0.0000009382,0.7071067812,0.0000009382,0.7071067812,-0.0840235670,-0.1855775799,1.5233171835,1.1359525598,-1.3827475417,1.6017265191,0.2616448863,1.0000000000
0
0.8000000000,0.2500000000,0.8600000000,0.7071067800,0.0000000000,-0.7071067800,0.0000000000
1
0.5354886966,-0.2175256531,1.4477067316,1.5516203400,-1.3533754129,1.4525620357,1.2720030437,0.0000000000
0.5280195380,-0.2701856558,1.5149662464,1.5340053297,-1.3023549641,1.5245620357,1.2593845379,0.0000000000
0.8000000000,0.2500000000,0.8600000000,0.7071067800,0.0000000000,-0.7071067800,0.0000000000,0.5354886966,-0.2175256531,1.4477067316,1.5516203400,-1.3533754129,1.4525620357,1.2720030437,1.0000000000
0.7999999991,0.2499998673,0.9099998894,0.0000009382,0.7071067737,0.0000009382,0.7071067886,0.5280195380,-0.2701856558,1.5149662464,1.5340053297,-1.3023549641,1.5245620357,1.2593845379,1.0000000000
0
0.9500000000,0.2500000000,0.8600000000,0.7071067800,0.0000000000,-0.7071067800,0.0000000000
1
0.7227300357,0.0752049635,1.7709242005,0.9116008104,-1.7563115675,1.6779962458,0.8271089279,0.0000000000
0.7331097583,0.0124788190,1.8092945163,0.8918756601,-1.7346190651,1.7439962458,0.8195053515,0.0000000000
0.9500000000,0.2500000000,0.8600000000,0.7071067800,0.0000000000,-0.7071067800,0.0000000000,0.7227300357,0.0752049635,1.7709242005,0.9116008104,-1.7563115675,1.6779962458,0.8271089279,1.0000000000
0.9500000000,0.2499998673,0.9099998894,0.0000009382,0.7071067812,0.0000009382,0.7071067812,0.7331097583,0.0124788190,1.8092945163,0.8918756601,-1.7346190651,1.7439962458,0.8195053515,1.0000000000
0
0.8000000000,-0.0500000000,0.8600000000,0.7071067800,0.0000000000,-0.7071067800,0.0000000000
1
0.1167718467,-0.8330102286,0.9738748176,1.8779045720,-0.7575002077,0.9429419890,0.6595008556,0.0000000000
0.0611008080,-0.9054514298,1.0593093971,1.8521306940,-0.6774589755,1.0329419890,0.6110010982,0.0000000000
0.8000000000,-0.0500000000,0.8600000000,0.7071067800,0.0000000000,-0.7071067800,0.0000000000,0.1167718467,-0.8330102286,0.9738748176,1.8779045720,-0.7575002077,0.9429419890,0.6595008556,1.0000000000
0.8000000000,-0.0500001327,0.9099998894,0.0000009382,0.7071067812,0.0000009382,0.7071067812,0.0611008080,-0.9054514298,1.0593093971,1.8521306940,-0.6774589755,1.0329419890,0.6110010982,1.0000000000
0
0.9500000000,-0.0500000000,0.8600000000,0.7071067800,0.0000000000,-0.7071067800,0.0000000000
1
0.1718043033,-0.2934411838,1.2996586786,1.2759679754,-1.2085232951,1.4046117945,0.5886586495,0.0000000000
0.1645760936,-0.3509328976,1.3497206426,1.2572224210,-1.1694263297,1.4766117945,0.5750041075,0.0000000000
0.9500000000,-0.0500000000,0.8600000000,0.7071067800,0.0000000000,-0.7071067800,0.0000000000,0.1718043033,-0.2934411838,1.2996586786,1.2759679754,-1.2085232951,1.4046117945,0.5886586495,1.0000000000
0.9500000000,-0.0500001327,0.9099998894,0.0000009382,0.7071067759,0.0000009382,0.7071067865,0.1645760936,-0.3509328976,1.3497206426,1.2572224210,-1.1694263297,1.4766117945,0.5750041075,1.0000000000
0
0.8000000000,-0.3500000000,0.8600000000,0.7071067800,0.0000000000,-0.7071067800,0.0000000000
1
-0.5100889335,0.0025584549,1.6326994709,1.6045229978,-1.5716355128,1.6282601418,0.3051141752,0.0000000000
-0.5057824507,-0.0543832928,1.6999939066,1.5895421018,-1.5138929996,1.6942601418,0.3016991703,0.0000000000
0.8000000000,-0.3500000000,0.8600000000,0.7071067800,0.0000000000,-0.7071067800,0.0000000000,-0.5100889335,0.0025584549,1.6326994709,1.6045229978,-1.5716355128,1.6282601418,0.3051141752,1.0000000000
0.8000000000,-0.3500001326,0.9099998894,0.0000009382,0.7071067812,0.0000009382,0.7071067812,-0.5057824507,-0.0543832928,1.6999939066,1.5895421018,-1.5138929996,1.6942601418,0.3016991703,1.0000000000
0
0.9500000000,-0.3500000000,0.8600000000,0.7071067800,0.0000000000,-0.7071067800,0.0000000000
1
-0.1213919014,-0.1846535222,1.3577117704,0.9706623578,-1.2970104429,1.4984587841,0.0308725810,0.0000000000
-0.1202499781,-0.2428756997,1.3966572613,0.9500720260,-1.2720519664,1.5694587841,0.0197752449,0.0000000000
0.9500000000,-0.3500000000,0.8600000000,0.7071067800,0.0000000000,-0.7071067800,0.0000000000,-0.1213919014,-0.1846535222,1.3577117704,0.9706623578,-1.2970104429,1.4984587841,0.0308725810,1.0000000000
0.9500000005,-0.3500001327,0.9099998894,0.0000009382,0.7071067812,0.0000009382,0.7071067812,-0.1202499781,-0.2428756997,1.3966572613,0.9500720260,-1.2720519664,1.5694587841,0.0197752449,1.0000000000
0
0.8000000000,0.1500000000,0.8600000000,0.7071067800,0.0000000000,-0.7071067800,0.0000000000
1
0.3093062938,-0.1551955561,1.4770539346,1.7204789476,1.7074108705,-1.4536205169,-1.9159430574,0.0000000000
0.3038796427,-0.2083282745,1.5525582871,1.7066626107,1.7711509154,-1.5226205169,-1.9266664112,0.0000000000
0.8000000000,0.1500000000,0.8600000000,0.7071067800,0.0000000000,-0.7071067800,0.0000000000,0.3093062938,-0.1551955561,1.4770539346,1.7204789476,1.7074108705,-1.4536205169,-1.9159430574,1.0000000000
0.8000000000,0.1499998673,0.9099998894,0.0000009382,0.7071067812,0.0000009382,0.7071067812,0.3038796427,-0.2083282745,1.5525582871,1.7066626107,1.7711509154,-1.5226205169,-1.9266664112,1.0000000000
0
0.9500000000,0.1500000000,0.8600000000,0.7071067800,0.0000000000,-0.7071067800,0.0000000000
1
1.3828758069,-0.6415992219,-0.5389397006,1.1510760028,0.4623105370,1.1722061311,0.0609699715,0.0000000000
1.3931148027,-0.7064296056,-0.5622088279,1.1322844854,0.4408665341,1.2542061311,0.0718430161,0.0000000000
0.9500000000,0.1500000000,0.8600000000,0.7071067800,0.0000000000,-0.7071067800,0.0000000000,1.3828758069,-0.6415992219,-0.5389397006,1.1510760028,0.4623105370,1.1722061311,0.0609699715,1.0000000000
0.9500000000,0.1499998673,0.9099998894,0.0000009382,0.7071067812,0.0000009382,0.7071067812,1.3931148027,-0.7064296056,-0.5622088279,1.1322844854,0.4408665341,1.2542061311,0.0718430161,1.0000000000
0
0.8000000000,-0.1500000000,0.8600000000,0.7071067800,0.0000000000,-0.7071067800,0.0000000000
1
1.2124128733,-0.9257537433,-0.8006033542,1.8699207521,0.5976607010,0.8793149075,-0.6734702360,0.0000000000
1.2660327283,-1.0067830502,-0.8754564079,1.8460315316,0.5220864381,0.9743149075,-0.6258214531,0.0000000000
0.8000000000,-0.1500000000,0.8600000000,0.7071067800,0.0000000000,-0.7071067800,0.0000000000,1.2124128733,-0.9257537433,-0.8006033542,1.8699207521,0.5976607010,0.8793149075,-0.6734702360,1.0000000000
0.8000000005,-0.1500001327,0.9099998894,0.0000009382,0.7071067849,0.0000009382,0.7071067775,1.2660327283,-1.0067830502,-0.8754564079,1.8460315316,0.5220864381,0.9743149075,-0.6258214531,1.0000000000
0
0.9500000000,-0.1500000000,0.8600000000,0.7071067800,0.0000000000,-0.7071067800,0.0000000000
1
0.8032061324,-0.7770307132,-0.2202142126,1.3563139586,-2.9544119001,-1.0074603718,2.8997822791,0.0000000000
0.8128131890,-0.8474007981,-0.2370707557,1.3400465333,-2.9638739275,-1.0944603718,2.9045288732,0.0000000000
0.9500000000,-0.1500000000,0.8600000000,0.7071067800,0.0000000000,-0.7071067800,0.0000000000,0.8032061324,-0.7770307132,-0.2202142126,1.3563139586,-2.9544119001,-1.0074603718,2.8997822791,1.0000000000
0.9500000000,-0.1500001327,0.9099998894,0.0000009382,0.7071067849,0.0000009382,0.7071067775,0.8128131890,-0.8474007981,-0.2370707557,1.3400465333,-2.9638739275,-1.0944603718,2.9045288732,1.0000000000
0
0.8000000000,-0.4500000000,0.8600000000,0.7071067800,0.0000000000,-0.7071067800,0.0000000000
1
-0.5522751730,-0.0204223250,1.6111172146,1.3931471629,-1.5570377212,1.6096464899,0.0523924181,0.0000000000
-0.5485487887,-0.0795278691,1.6668348271,1.3775104378,-1.5100022202,1.6756464899,0.0469491340,0.0000000000
0.8000000000,-0.4500000000,0.8600000000,0.7071067800,0.0000000000,-0.7071067800,0.0000000000,-0.5522751730,-0.0204223250,1.6111172146,1.3931471629,-1.5570377212,1.6096464899,0.0523924181,1.0000000000
0.8000000000,-0.4500001327,0.9099998894,0.0000009382,0.7071067812,0.0000009382,0.7071067812,-0.5485487887,-0.0795278691,1.6668348271,1.3775104378,-1.5100022202,1.6756464899,0.0469491340,1.0000000000
0
0.9500000000,-0.4500000000,0.8600000000,0.7071067800,0.0000000000,-0.7071067800,0.0000000000
1
0.0702588438,0.3459295330,2.5893490198,0.6968136860,-2.6035359103,1.8238367531,-0.3627628905,0.0000000000
0.0800655482,0.2647497186,2.6024380734,0.6669526550,-2.5913729985,1.8788367531,-0.3681287659,0.0000000000
0.9500000000,-0.4500000000,0.8600000000,0.7071067800,0.0000000000,-0.7071067800,0.0000000000,0.0702588438,0.3459295330,2.5893490198,0.6968136860,-2.6035359103,1.8238367531,-0.3627628905,1.0000000000
0.9500000000,-0.4500001327,0.9099998894,0.0000009382,0.7071067865,0.0000009382,0.7071067759,0.0800655482,0.2647497186,2.6024380734,0.6669526550,-2.5913729985,1.8788367531,-0.3681287659,1.0000000000
0
0.8731889886,-0.1463580696,0.8600000000,0.7023644533,0.0817568024,-0.7023644533,0.0817568024
1
1.4480242211,-0.1802304606,-1.4387981138,1.5825466766,-1.7469539829,-1.4368856321,2.0094490119,0.0000000000
1.4534918514,-0.2341318016,-1.5065145878,1.5681879582,-1.8015047274,-1.5068856321,2.0205425215,0.0000000000
0.8731889886,-0.1463580696,0.8600000000,0.7023644533,0.0817568024,-0.7023644533,0.0817568024,1.4480242211,-0.1802304606,-1.4387981138,1.5825466766,-1.7469539829,-1.4368856321,2.0094490119,1.0000000000
0.8731890191,-0.1463581987,0.9099998905,-0.0817558718,0.7023645620,0.0817577355,0.7023643443,1.4534918514,-0.2341318016,-1.5065145878,1.5681879582,-1.8015047274,-1.5068856321,2.0205425215,1.0000000000
6
30 31 50 61 67 68 
0.7950424914,0.2592193224,0.8600000000,0.4535008284,0.5425283390,-0.4535008284,0.5425283390
1
0.5477961402,0.0770286446,1.6966750394,1.5567865093,-1.6541969563,1.6930878228,-0.4440061762,0.0000000000
0.5564524876,0.0180149315,1.7608248495,1.5426060057,-1.5986006510,1.7580878228,-0.4439644876,0.0000000000
0.7950424914,0.2592193224,0.8600000000,0.4535008284,0.5425283390,-0.4535008284,0.5425283390,0.5477961402,0.0770286446,1.6966750394,1.5567865093,-1.6541969563,1.6930878228,-0.4440061762,1.0000000000
0.7950426219,0.2592193459,0.9099998891,0.5425277542,-0.4535015285,-0.5425289571,-0.4535000885,0.5564524876,0.0180149315,1.7608248495,1.5426060057,-1.5986006510,1.7580878228,-0.4439644876,1.0000000000
6
5 22 36 53 58 71 
0.7767275377,0.2906398682,0.8600000000,0.2351667637,0.6668557515,-0.2351667637,0.6668557515
1
0.6047909623,-0.1111114181,1.4931637178,1.5503884401,1.6796918595,-1.4940275480,2.0357972664,0.0000000000
0.6035192817,-0.1642658278,1.5602556013,1.5368109927,1.7312597310,-1.5640275480,2.0279508844,0.0000000000
0.7767275377,0.2906398682,0.8600000000,0.2351667637,0.6668557515,-0.2351667637,0.6668557515,0.6047909623,-0.1111114181,1.4931637178,1.5503884401,1.6796918595,-1.4940275480,2.0357972664,1.0000000000
0.7767276209,0.2906399716,0.9099998883,0.6668554362,-0.2351676583,-0.6668560598,-0.2351658886,0.6035192817,-0.1642658278,1.5602556013,1.5368109927,1.7312597310,-1.5640275480,2.0279508844,1.0000000000
6
0 5 16 22 35 71 
0.7611786504,0.1256564233,0.8600000000,0.1073704028,0.6989074306,-0.1073704028,0.6989074306
1
0.2483395477,-0.3504859985,1.3727205830,1.8813284613,1.8524167457,-1.2837957799,1.5700711280,0.0000000000
0.2266558428,-0.4022230688,1.4606661711,1.8642877406,1.9280255515,-1.3567957799,1.5461853448,0.0000000000
0.7611786504,0.1256564233,0.8600000000,0.1073704028,0.6989074306,-0.1073704028,0.6989074306,0.2483395477,-0.3504859985,1.3727205830,1.8813284613,1.8524167457,-1.2837957799,1.5700711280,1.0000000000
0.7611786902,0.1256565499,0.9099998921,0.6989072887,-0.1073713277,-0.6989075733,-0.1073694730,0.2266558428,-0.4022230688,1.4606661711,1.8642877406,1.9280255515,-1.3567957799,1.5461853448,1.0000000000
4
28 44 56 73 
0.8472804607,0.2898922729,0.8600000000,0.5390378411,-0.4576441914,-0.5390378411,-0.4576441914
1
0.6569219723,-0.1331404334,1.4897611240,1.2969554608,-1.4242315580,1.5267597926,2.5641395920,0.0000000000
0.6565116576,-0.1889643667,1.5439976589,1.2798325486,-1.3857038380,1.5967597926,2.5550447585,0.0000000000
0.8472804607,0.2898922729,0.8600000000,0.5390378411,-0.4576441914,-0.5390378411,-0.4576441914,0.6569219723,-0.1331404334,1.4897611240,1.2969554608,-1.4242315580,1.5267597926,2.5641395920,1.0000000000
0.8472803297,0.2898922513,0.9099998878,0.4576449022,0.5390372379,-0.4576434715,0.5390384519,0.6565116576,-0.1889643667,1.5439976589,1.2798325486,-1.3857038380,1.5967597926,2.5550447585,1.0000000000
7
0 5 16 22 41 58 71 
0.8783051788,0.3743083895,0.8600000000,0.2347204520,0.6670129754,-0.2347204520,0.6670129754
1
0.9088568844,0.0527687464,1.7330802648,0.9114322161,-1.7156781768,1.6630090322,-1.4451437144,0.0000000000
0.9185699747,-0.0099505215,1.7706264407,0.8915224868,-1.6928098974,1.7290090322,-1.4531091422,0.0000000000
0.8783051788,0.3743083895,0.8600000000,0.2347204520,0.6670129754,-0.2347204520,0.6670129754,0.9088568844,0.0527687464,1.7330802648,0.9114322161,-1.7156781768,1.6630090322,-1.4451437144,1.0000000000
0.8783052619,0.3743084930,0.9099998917,0.6670126644,-0.2347213366,-0.6670132868,-0.2347195665,0.9185699747,-0.0099505215,1.7706264407,0.8915224868,-1.6928098974,1.7290090322,-1.4531091422,1.0000000000
4
1 17 48 58 
0.9036495891,0.0994812551,0.8600000000,0.6928143773,-0.1414504811,-0.6928143773,-0.1414504811
1
0.3763442592,-0.4038238093,1.2110251007,1.3959526240,-1.0979350862,1.3139903968,1.2504952909,0.0000000000
0.3623358291,-0.4622922161,1.2651883936,1.3765702837,-1.0526352797,1.3879903968,1.2326747430,0.0000000000
0.9036495891,0.0994812551,0.8600000000,0.6928143773,-0.1414504811,-0.6928143773,-0.1414504811,0.3763442592,-0.4038238093,1.2110251007,1.3959526240,-1.0979350862,1.3139903968,1.2504952909,1.0000000000
0.9036495372,0.0994811331,0.9099998938,0.1414514057,0.6928141888,-0.1414495671,0.6928145637,0.3623358291,-0.4622922161,1.2651883936,1.3765702837,-1.0526352797,1.3879903968,1.2326747430,1.0000000000
4
19 28 53 56 
0.9242935090,0.2501549088,0.8600000000,0.6937704821,0.1366840082,-0.6937704821,0.1366840082
1
1.6410186443,-0.4964477023,-0.8054382507,1.1037346199,-2.4046817826,-1.2306009406,2.8537106144,0.0000000000
1.6486710073,-0.5583503017,-0.8344771475,1.0843586274,-2.4334330868,-1.3076009406,2.8674554805,0.0000000000
0.9242935090,0.2501549088,0.8600000000,0.6937704821,0.1366840082,-0.6937704821,0.1366840082,1.6410186443,-0.4964477023,-0.8054382507,1.1037346199,-2.4046817826,-1.2306009406,2.8537106144,1.0000000000
0.9242935594,0.2501547860,0.9099998930,-0.1366830751,0.6937706661,0.1366849160,0.6937703032,1.6486710073,-0.5583503017,-0.8344771475,1.0843586274,-2.4334330868,-1.3076009406,2.8674554805,1.0000000000
4
2 4 23 38 
1.0307683831,-0.1290990229,0.8600000000,0.6984191568,0.1105019518,-0.6984191568,0.1105019518
1
0.2616630900,-0.1141983077,1.4381211096,0.7864776459,-1.3965270451,1.5537495909,-0.0635862147,0.0000000000
0.2681188187,-0.1737757390,1.4712120440,0.7623109646,-1.3791475750,1.6237495909,-0.0757664713,0.0000000000
1.0307683831,-0.1290990229,0.8600000000,0.6984191568,0.1105019518,-0.6984191568,0.1105019518,0.2616630900,-0.1141983077,1.4381211096,0.7864776459,-1.3965270451,1.5537495909,-0.0635862147,1.0000000000
1.0307684240,-0.1290991491,0.9099998923,-0.1105010159,0.6984193051,0.1105028692,0.6984190115,0.2681188187,-0.1737757390,1.4712120440,0.7623109646,-1.3791475750,1.6237495909,-0.0757664713,1.0000000000
2
6 31 
0.8578350148,-0.4874320713,0.8600000000,0.2085977102,-0.6756382133,-0.2085977102,-0.6756382133
1
0.6881678961,-0.3244605967,-1.1200552980,1.0841665148,-2.0742895521,-1.3518914966,-1.6533735402,0.0000000000
0.6923558510,-0.3833674491,-1.1584301086,1.0652377531,-2.1046723412,-1.4248914966,-1.6405641754,0.0000000000
0.8578350148,-0.4874320713,0.8600000000,0.2085977102,-0.6756382133,-0.2085977102,-0.6756382133,0.6881678961,-0.3244605967,-1.1200552980,1.0841665148,-2.0742895521,-1.3518914966,-1.6533735402,1.0000000000
0.8578349400,-0.4874319617,0.9099998900,0.6756384896,0.2085968160,-0.6756379357,0.2085986088,0.6923558510,-0.3833674491,-1.1584301086,1.0652377531,-2.1046723412,-1.4248914966,-1.6405641754,1.0000000000
3
33 55 65 
0.7261997888,0.1168166201,0.8600000000,0.3815401938,-0.5953377869,-0.3815401938,-0.5953377869
1
0.2777137291,-0.6535493559,1.2051639804,2.0158474060,2.0884161776,-1.0239296670,0.0927665430,0.0000000000
0.2241883046,-0.7068000094,1.3133364504,1.9923918145,2.1760572907,-1.1099296670,0.0474608032,0.0000000000
0.7261997888,0.1168166201,0.8600000000,0.3815401938,-0.5953377869,-0.3815401938,-0.5953377869,0.2777137291,-0.6535493559,1.2051639804,2.0158474060,2.0884161776,-1.0239296670,0.0927665430,1.0000000000
0.7261996682,0.1168166755,0.9099998959,0.5953382627,0.3815394517,-0.5953372499,0.3815410314,0.2241883046,-0.7068000094,1.3133364504,1.9923918145,2.1760572907,-1.1099296670,0.0474608032,1.0000000000
4
28 37 71 73 
0.9140023450,-0.2241526447,0.8600000000,0.4803206758,-0.5189335684,-0.4803206758,-0.5189335684
1
1.2135646039,-0.3216163067,-1.2907090845,1.3518243393,1.1935363747,1.3801757052,0.8020157211,0.0000000000
1.2229348695,-0.3794705081,-1.3435695769,1.3330630997,1.1500089305,1.4521757052,0.8171891269,0.0000000000
0.9140023450,-0.2241526447,0.8600000000,0.4803206758,-0.5189335684,-0.4803206758,-0.5189335684,1.2135646039,-0.3216163067,-1.2907090845,1.3518243393,1.1935363747,1.3801757052,0.8020157211,1.0000000000
0.9140022128,-0.2241526345,0.9099998929,0.5189341785,0.4803200170,-0.5189329036,0.4803213937,1.2229348695,-0.3794705081,-1.3435695769,1.3330630997,1.1500089305,1.4521757052,0.8171891269,1.0000000000
7
12 13 21 31 51 61 64 
0.8786598000,-0.0526853110,0.8600000000,0.1781579487,0.6842950718,-0.1781579487,0.6842950718
1
0.1438559702,-0.6154887904,1.0139283765,1.6218096073,2.2436338928,-1.0881860019,1.1348366057,0.0000000000
0.1146394705,-0.6779479564,1.0785597569,1.6027902223,2.2996798709,-1.1681860019,1.1074940904,0.0000000000
0.8786598000,-0.0526853110,0.8600000000,0.1781579487,0.6842950718,-0.1781579487,0.6842950718,0.1438559702,-0.6154887904,1.0139283765,1.6218096073,2.2436338928,-1.0881860019,1.1348366057,1.0000000000
0.8786598647,-0.0526851952,0.9099998928,0.6842948361,-0.1781588551,-0.6842953084,-0.1781570391,0.1146394705,-0.6779479564,1.0785597569,1.6027902223,2.2996798709,-1.1681860019,1.1074940904,1.0000000000
5
8 24 25 50 59 
0.8353270729,0.0154385953,0.8600000000,0.7007134493,0.0948718189,-0.7007134493,0.0948718189
1
0.2296934961,-0.7035114897,1.0331687154,1.7315002037,-0.8521233849,1.0560212070,0.5062465800,0.0000000000
0.1896335570,-0.7685681733,1.1067966626,1.7083592893,-0.7866566130,1.1400212070,0.4707934718,0.0000000000
0.8353270729,0.0154385953,0.8600000000,0.7007134493,0.0948718189,-0.7007134493,0.0948718189,0.2296934961,-0.7035114897,1.0331687154,1.7315002037,-0.8521233849,1.0560212070,0.5062465800,1.0000000000
0.8353271082,0.0154384674,0.9099998884,-0.0948708898,0.7007135751,0.0948727492,0.7007133232,0.1896335570,-0.7685681733,1.1067966626,1.7083592893,-0.7866566130,1.1400212070,0.4707934718,1.0000000000
4
7 18 19 69 
0.7881662703,0.3853434752,0.8600000000,0.7051494587,-0.0525760487,-0.7051494587,-0.0525760487
1
1.3420671611,-0.7799326733,0.2487034543,1.3145594411,-0.2048562152,1.0568849549,0.9795176711,0.0000000000
1.3329811409,-0.8507391087,0.2642996736,1.2982548777,-0.1928678366,1.1438849549,0.9733346696,0.0000000000
0.7881662703,0.3853434752,0.8600000000,0.7051494587,-0.0525760487,-0.7051494587,-0.0525760487,1.3420671611,-0.7799326733,0.2487034543,1.3145594411,-0.2048562152,1.0568849549,0.9795176711,1.0000000000
0.7881662506,0.3853433440,0.9099998868,0.0525769863,0.7051493888,-0.0525751151,0.7051495283,1.3329811409,-0.8507391087,0.2642996736,1.2982548777,-0.1928678366,1.1438849549,0.9733346696,1.0000000000
4
0 16 39 58 
0.9850403688,-0.4065646664,0.8600000000,0.5528844604,-0.4408160313,-0.5528844604,-0.4408160313
1
0.1554368236,0.2711693427,2.5330661371,0.5532674512,-2.5439643777,1.7555519681,1.0236544538,0.0000000000
0.1691225366,0.1871356610,2.5490442471,0.5113737274,-2.5389916679,1.8058519681,1.0118230636,0.0000000000
0.9850403688,-0.4065646664,0.8600000000,0.5528844604,-0.4408160313,-0.5528844604,-0.4408160313,0.1554368236,0.2711693427,2.5330661371,0.5532674512,-2.5439643777,1.7555519681,1.0236544538,1.0000000000
0.9850402395,-0.4065646960,0.9099998908,0.4408167664,0.5528838746,-0.4408152989,0.5528850440,0.1691225366,0.1871356610,2.5490442471,0.5113737274,-2.5389916679,1.8058519681,1.0118230636,1.0000000000
4
11 27 33 70 
0.9018971038,-0.0745680060,0.8600000000,0.5840961608,0.3985369179,-0.5840961608,0.3985369179
1
1.4528672116,-0.4743519378,-1.1305729357,1.5164723576,-2.1018621459,-1.2063320720,1.2980747122,0.0000000000
1.4720694376,-0.5340819015,-1.1898323327,1.4987873569,-2.1536071297,-1.2813320720,1.3195804563,0.0000000000
0.9018971038,-0.0745680060,0.8600000000,0.5840961608,0.3985369179,-0.5840961608,0.3985369179,1.4528672116,-0.4743519378,-1.1305729357,1.5164723576,-2.1018621459,-1.2063320720,1.2980747122,1.0000000000
0.9018972274,-0.0745680543,0.9099998890,-0.3985361600,0.5840966782,0.3985377097,0.5840956203,1.4720694376,-0.5340819015,-1.1898323327,1.4987873569,-2.1536071297,-1.2813320720,1.3195804563,1.0000000000
6
8 25 31 34 46 69 
0.8607411160,-0.2072411945,0.8600000000,0.1548734547,-0.6899378327,-0.1548734547,-0.6899378327
1
1.1882093229,-0.6624140991,-0.9545538449,1.6324780830,-2.3048250442,-1.0532151764,-1.2560476943,0.0000000000
1.2186197574,-0.7277559101,-1.0169954803,1.6133918731,-2.3619753817,-1.1342151764,-1.2269698461,0.0000000000
0.8607411160,-0.2072411945,0.8600000000,0.1548734547,-0.6899378327,-0.1548734547,-0.6899378327,1.1882093229,-0.6624140991,-0.9545538449,1.6324780830,-2.3048250442,-1.0532151764,-1.2560476943,1.0000000000
0.8607410593,-0.2072410746,0.9099998906,0.6899380394,0.1548725353,-0.6899376279,0.1548743660,1.2186197574,-0.7277559101,-1.0169954803,1.6133918731,-2.3619753817,-1.1342151764,-1.2269698461,1.0000000000
4
12 20 45 67 
0.7390964622,-0.0806578380,0.8600000000,0.7070628436,0.0078825843,-0.7070628436,0.0078825843
1
1.4893209698,-0.9646899015,-0.9424407161,2.1169554267,-2.4191895943,-0.7742792672,2.4125051606,0.0000000000
1.5768387323,-1.0435811406,-1.0651018417,2.0882084404,-2.5277260350,-0.8742792672,2.4833735636,0.0000000000
0.7390964622,-0.0806578380,0.8600000000,0.7070628436,0.0078825843,-0.7070628436,0.0078825843,1.4893209698,-0.9646899015,-0.9424407161,2.1169554267,-2.4191895943,-0.7742792672,2.4125051606,1.0000000000
0.7390964653,-0.0806579707,0.9099998924,-0.0078816471,0.7070628554,0.0078835233,0.7070628319,1.5768387323,-1.0435811406,-1.0651018417,2.0882084404,-2.5277260350,-0.8742792672,2.4833735636,1.0000000000
4
9 10 24 68 
0.8424890843,0.1655489208,0.8600000000,0.2054781835,0.6765934644,-0.2054781835,0.6765934644
1
0.5406669455,-0.6496687746,0.9503477747,1.6009964149,2.3066607336,-1.0655923023,1.5307419210,0.0000000000
0.5116263843,-0.7140140321,1.0113210065,1.5820242701,2.3606518112,-1.1465923023,1.5036184242,0.0000000000
0.8424890843,0.1655489208,0.8600000000,0.2054781835,0.6765934644,-0.2054781835,0.6765934644,0.5406669455,-0.6496687746,0.9503477747,1.6009964149,2.3066607336,-1.0655923023,1.5307419210,1.0000000000
0.8424891581,0.1655490311,0.9099998913,0.6765931901,-0.2054790876,-0.6765937349,-0.2054772920,0.5116263843,-0.7140140321,1.0113210065,1.5820242701,2.3606518112,-1.1465923023,1.5036184242,1.0000000000
7
3 28 29 35 40 56 71 
0.9936075951,0.1351109273,0.8600000000,0.2511261930,0.6610110704,-0.2511261930,0.6610110704
1
1.3807070222,0.4114745058,-2.4353991004,0.9489096947,2.4598671115,1.9067102880,-2.4174211090,0.0000000000
1.3673780137,0.3353714136,-2.4607126943,0.9295238303,2.4405512400,1.9682102880,-2.4169125506,0.0000000000
0.9936075951,0.1351109273,0.8600000000,0.2511261930,0.6610110704,-0.2511261930,0.6610110704,1.3807070222,0.4114745058,-2.4353991004,0.9489096947,2.4598671115,1.9067102880,-2.4174211090,1.0000000000
0.9936076832,0.1351110266,0.9099998896,0.6610107342,-0.2511270785,-0.6610114002,-0.2511253242,1.3673780137,0.3353714136,-2.4607126943,0.9295238303,2.4405512400,1.9682102880,-2.4169125506,1.0000000000
3
3 29 63 
0.8848238720,-0.5159666396,0.8600000000,0.0230561010,0.7067307947,-0.0230561010,0.7067307947
1
-0.1664002029,-0.3999674258,0.7798359624,0.8563258334,2.4139047445,-1.3251122622,-0.3120733944,0.0000000000
-0.1682070731,-0.4574563531,0.8034621939,0.8323023094,2.4306374367,-1.4031122622,-0.3227860394,0.0000000000
0.8848238720,-0.5159666396,0.8600000000,0.0230561010,0.7067307947,-0.0230561010,0.7067307947,-0.1664002029,-0.3999674258,0.7798359624,0.8563258334,2.4139047445,-1.3251122622,-0.3120733944,1.0000000000
0.8848238807,-0.5159665072,0.9099998887,0.7067307644,-0.0230570395,-0.7067308250,-0.0230551640,-0.1682070731,-0.4574563531,0.8034621939,0.8323023094,2.4306374367,-1.4031122622,-0.3227860394,1.0000000000
2
43 65 
0.8305890844,0.1064861150,0.8600000000,0.6802692979,0.1929603127,-0.6802692979,0.1929603127
1
0.2461438134,-0.1714452812,1.4585492131,1.6687629503,1.7282652191,-1.4410677817,-2.5881296927,0.0000000000
0.2401813429,-0.2242465118,1.5314947966,1.6546530362,1.7878618752,-1.5110677817,-2.5992656413,0.0000000000
0.8305890844,0.1064861150,0.8600000000,0.6802692979,0.1929603127,-0.6802692979,0.1929603127,0.2461438134,-0.1714452812,1.4585492131,1.6687629503,1.7282652191,-1.4410677817,-2.5881296927,1.0000000000
0.8305891541,0.1064860021,0.9099998911,-0.1929593998,0.6802695572,0.1929612048,0.6802690446,0.2401813429,-0.2242465118,1.5314947966,1.6546530362,1.7878618752,-1.5110677817,-2.5992656413,1.0000000000
6
18 28 37 40 53 73 
0.9525364883,-0.2964145827,0.8600000000,0.7001769248,0.0987536020,-0.7001769248,0.0987536020
1
0.8560956185,-0.5331565523,-0.7762095891,1.0903596817,0.6911406476,1.2526259966,-0.9266376578,0.0000000000
0.8656896115,-0.5945417827,-0.8065972661,1.0701711585,0.6660659864,1.3316259966,-0.9140451672,0.0000000000
0.9525364883,-0.2964145827,0.8600000000,0.7001769248,0.0987536020,-0.7001769248,0.0987536020,0.8560956185,-0.5331565523,-0.7762095891,1.0903596817,0.6911406476,1.2526259966,-0.9266376578,1.0000000000
0.9525365250,-0.2964147102,0.9099998937,-0.0987526733,0.7001770559,0.0987545312,0.7001767937,0.8656896115,-0.5945417827,-0.8065972661,1.0701711585,0.6660659864,1.3316259966,-0.9140451672,1.0000000000
2
11 13 
0.8305582582,0.3483964237,0.8600000000,0.1404316791,-0.6930216039,-0.1404316791,-0.6930216039
1
1.1198820522,-0.6987562321,0.4890990838,1.2995110416,2.7163151407,-1.0679451172,0.4740009066,0.0000000000
1.1088362191,-0.7668311517,0.5122065596,1.2822631062,2.7425037362,-1.1509451172,0.4604578509,0.0000000000
0.8305582582,0.3483964237,0.8600000000,0.1404316791,-0.6930216039,-0.1404316791,-0.6930216039,1.1198820522,-0.6987562321,0.4890990838,1.2995110416,2.7163151407,-1.0679451172,0.4740009066,1.0000000000
0.8305582065,0.3483965459,0.9099998888,0.6930217907,0.1404307581,-0.6930214177,0.1404325970,1.1088362191,-0.7668311517,0.5122065596,1.2822631062,2.7425037362,-1.1509451172,0.4604578509,1.0000000000
8
0 1 16 17 35 38 39 48 
0.7891801317,-0.0476651176,0.8600000000,0.7066601534,-0.0251282226,-0.7066601534,-0.0251282226
1
1.7007429318,0.3674769852,-1.8604698557,1.9075440897,1.8487576320,1.9481366409,-0.8162685169,0.0000000000
1.6694782460,0.3080524036,-1.9513121433,1.8973680906,1.7691210076,2.0161366409,-0.8400630718,0.0000000000
0.7891801317,-0.0476651176,0.8600000000,0.7066601534,-0.0251282226,-0.7066601534,-0.0251282226,1.7007429318,0.3674769852,-1.8604698557,1.9075440897,1.8487576320,1.9481366409,-0.8162685169,1.0000000000
0.7891801223,-0.0476652500,0.9099998892,0.0251291601,0.7066601199,-0.0251272849,0.7066601869,1.6694782460,0.3080524036,-1.9513121433,1.8973680906,1.7691210076,2.0161366409,-0.8400630718,1.0000000000
4
10 24 46 68 
0.8098834200,0.5089489622,0.8600000000,0.7046124630,0.0593403493,-0.7046124630,0.0593403493
1
1.3697449711,-0.3607573889,0.6323481133,0.6604448473,2.5409590619,-1.3821578479,-2.3506930929,0.0000000000
1.3749638962,-0.4152667763,0.6415254436,0.6277869223,2.5555736042,-1.4631578479,-2.3623467205,0.0000000000
0.8098834200,0.5089489622,0.8600000000,0.7046124630,0.0593403493,-0.7046124630,0.0593403493,1.3697449711,-0.3607573889,0.6323481133,0.6604448473,2.5409590619,-1.3821578479,-2.3506930929,1.0000000000
0.8098834422,0.5089488313,0.9099998931,-0.0593394128,0.7046125419,0.0593412825,0.7046123842,1.3749638962,-0.4152667763,0.6415254436,0.6277869223,2.5555736042,-1.4631578479,-2.3623467205,1.0000000000
0
0.9671273240,-0.1868812466,0.8600000000,0.6706229464,-0.2241982690,-0.6706229464,-0.2241982690
1
1.2023126377,0.1647155351,-1.8502651131,1.1535250412,1.8422346751,1.7513869869,-0.0465101706,0.0000000000
1.1899371745,0.1024251579,-1.8972940619,1.1380930748,1.8105016634,1.8173869869,-0.0445916776,0.0000000000
0.9671273240,-0.1868812466,0.8600000000,0.6706229464,-0.2241982690,-0.6706229464,-0.2241982690,1.2023126377,0.1647155351,-1.8502651131,1.1535250412,1.8422346751,1.7513869869,-0.0465101706,1.0000000000
0.9671272442,-0.1868813526,0.9099998900,0.2241991528,0.6706226512,-0.2241973730,0.6706232456,1.1899371745,0.1024251579,-1.8972940619,1.1380930748,1.8105016634,1.8173869869,-0.0445916776,1.0000000000
5
12 31 34 45 64 
0.8092107507,0.4415461884,0.8600000000,0.7070781909,0.0063586173,-0.7070781909,0.0063586173
1
1.3632884110,-0.6184136845,0.3193676276,1.0696605705,2.8557183544,-1.1557610401,-2.2791386399,0.0000000000
1.3589360868,-0.6817542701,0.3317603420,1.0502947752,2.8681453439,-1.2377610401,-2.2856467160,0.0000000000
0.8092107507,0.4415461884,0.8600000000,0.7070781909,0.0063586173,-0.7070781909,0.0063586173,1.3632884110,-0.6184136845,0.3193676276,1.0696605705,2.8557183544,-1.1557610401,-2.2791386399,1.0000000000
0.8092107532,0.4415460558,0.9099998916,-0.0063576804,0.7070782026,0.0063595566,0.7070781791,1.3589360868,-0.6817542701,0.3317603420,1.0502947752,2.8681453439,-1.2377610401,-2.2856467160,1.0000000000
1
72 
1.0123358877,0.0833009321,0.8600000000,0.2798730171,-0.6493620672,-0.2798730171,-0.6493620672
1
0.5195355594,-0.1486589280,1.3309313431,0.8535867994,1.8394977982,-1.4867348322,-0.2586387868,0.0000000000
0.5242423598,-0.2086773680,1.3628062855,0.8318128974,1.8627711392,-1.5567348322,-0.2703144839,0.0000000000
1.0123358877,0.0833009321,0.8600000000,0.2798730171,-0.6493620672,-0.2798730171,-0.6493620672,0.5195355594,-0.1486589280,1.3309313431,0.8535867994,1.8394977982,-1.4867348322,-0.2586387868,1.0000000000
1.0123357912,0.0833010232,0.9099998890,0.6493624332,0.2798721686,-0.6493616900,0.2798738915,0.5242423598,-0.2086773680,1.3628062855,0.8318128974,1.8627711392,-1.5567348322,-0.2703144839,1.0000000000
3
7 19 54 
0.9632033914,-0.2385205271,0.8600000000,0.0658734077,0.7040317423,-0.0658734077,0.7040317423
1
-0.0331239270,-0.1846783050,1.3434148235,1.1148160631,1.8381205025,-1.4479255685,0.4420044552,0.0000000000
-0.0338230641,-0.2416905696,1.3887191287,1.0973839370,1.8685872555,-1.5189255685,0.4316699157,0.0000000000
0.9632033914,-0.2385205271,0.8600000000,0.0658734077,0.7040317423,-0.0658734077,0.7040317423,-0.0331239270,-0.1846783050,1.3434148235,1.1148160631,1.8381205025,-1.4479255685,0.4420044552,1.0000000000
0.9632034160,-0.2385203967,0.9099998902,0.7040316553,-0.0658743401,-0.7040318297,-0.0658724718,-0.0338230641,-0.2416905696,1.3887191287,1.0973839370,1.8685872555,-1.5189255685,0.4316699157,1.0000000000
5
11 12 21 45 61 
0.8814792086,-0.4957229213,0.8600000000,0.4858492985,-0.5137610915,-0.4858492985,-0.5137610915
1
-0.0366849083,-0.5563101936,0.4383906149,0.9895019613,2.7490989816,-1.2068300146,-1.9530573614,0.0000000000
-0.0416199038,-0.6171987444,0.4548592597,0.9685148654,2.7625418261,-1.2878300146,-1.9604280267,0.0000000000
0.8814792086,-0.4957229213,0.8600000000,0.4858492985,-0.5137610915,-0.4858492985,-0.5137610915,-0.0366849083,-0.5563101936,0.4383906149,0.9895019613,2.7490989816,-1.2068300146,-1.9530573614,1.0000000000
0.8814790762,-0.4957229139,0.9099998925,0.5137617357,0.4858486176,-0.5137604461,0.4858499807,-0.0416199038,-0.6171987444,0.4548592597,0.9685148654,2.7625418261,-1.2878300146,-1.9604280267,1.0000000000
3
33 43 55 
0.7399566764,-0.2900932514,0.8600000000,0.4892747575,0.5104999625,-0.4892747575,0.5104999625
1
1.2509324206,-0.3804622074,-1.4009135335,1.8822650178,1.2533851133,1.3044181312,-2.9587058215,0.0000000000
1.2752626829,-0.4313605211,-1.4897035838,1.8608362657,1.1783848905,1.3794181312,-2.9325416966,0.0000000000
0.7399566764,-0.2900932514,0.8600000000,0.4892747575,0.5104999625,-0.4892747575,0.5104999625,1.2509324206,-0.3804622074,-1.4009135335,1.8822650178,1.2533851133,1.3044181312,-2.9587058215,1.0000000000
0.7399568090,-0.2900932457,0.9099998926,0.5104993289,-0.4892754188,-0.5105006269,-0.4892740639,1.2752626829,-0.4313605211,-1.4897035838,1.8608362657,1.1783848905,1.3794181312,-2.9325416966,1.0000000000
4
14 15 20 26 
0.8420459122,-0.2160363222,0.8600000000,0.6034583204,-0.3685621461,-0.6034583204,-0.3685621461
1
1.3452343032,0.1592376774,-1.7548522549,1.6473609033,1.7227605803,1.7630335322,0.0351606851,0.0000000000
1.3316469784,0.1000366278,-1.8245482789,1.6342854268,1.6620858493,1.8280335322,0.0299331751,0.0000000000
0.8420459122,-0.2160363222,0.8600000000,0.6034583204,-0.3685621461,-0.6034583204,-0.3685621461,1.3452343032,0.1592376774,-1.7548522549,1.6473609033,1.7227605803,1.7630335322,0.0351606851,1.0000000000
0.8420457942,-0.2160363828,0.9099998892,0.3685629381,0.6034578370,-0.3685613364,0.6034588146,1.3316469784,0.1000366278,-1.8245482789,1.6342854268,1.6620858493,1.8280335322,0.0299331751,1.0000000000
5
20 30 34 51 68 
0.7909581537,-0.1128196939,0.8600000000,0.4047817189,0.5797859606,-0.4047817189,0.5797859606
1
1.6067039482,0.1846386818,-1.7444864431,1.8840915499,1.7008346936,1.7893785042,-2.9582393687,0.0000000000
1.5891213303,0.1289663728,-1.8312837103,1.8713395763,1.6245277297,1.8553785042,-2.9687716926,0.0000000000
0.7909581537,-0.1128196939,0.8600000000,0.4047817189,0.5797859606,-0.4047817189,0.5797859606,1.6067039482,0.1846386818,-1.7444864431,1.8840915499,1.7008346936,1.7893785042,-2.9582393687,1.0000000000
0.7909582782,-0.1128196482,0.9099998962,0.5797854230,-0.4047824892,-0.5797864967,-0.4047809505,1.5891213303,0.1289663728,-1.8312837103,1.8713395763,1.6245277297,1.8553785042,-2.9687716926,1.0000000000
8
9 10 24 30 34 52 59 67 
0.8724846025,0.0112767267,0.8600000000,0.6742187001,-0.2131411375,-0.6742187001,-0.2131411375
1
1.7011242219,0.1386937278,-1.7458694893,1.5896352479,1.7118391821,1.7439012408,-0.0403833023,0.0000000000
1.6889095632,0.0804219894,-1.8131191113,1.5763116175,1.6558486984,1.8099012408,-0.0436675696,0.0000000000
0.8724846025,0.0112767267,0.8600000000,0.6742187001,-0.2131411375,-0.6742187001,-0.2131411375,1.7011242219,0.1386937278,-1.7458694893,1.5896352479,1.7118391821,1.7439012408,-0.0403833023,1.0000000000
0.8724845262,0.0112766181,0.9099998912,0.2131420349,0.6742184166,-0.2131402456,0.6742189818,1.6889095632,0.0804219894,-1.8131191113,1.5763116175,1.6558486984,1.8099012408,-0.0436675696,1.0000000000
5
8 18 25 47 50 
0.9240202601,-0.3634617503,0.8600000000,0.7030883746,-0.0752777360,-0.7030883746,-0.0752777360
1
0.8415942425,0.3725621941,-2.1853973923,1.1224965835,2.2100868641,1.9009220572,-0.6258192809,0.0000000000
0.8249529183,0.3015046989,-2.2236195691,1.1071859931,2.1804791843,1.9649220572,-0.6284663811,0.0000000000
0.9240202601,-0.3634617503,0.8600000000,0.7030883746,-0.0752777360,-0.7030883746,-0.0752777360,0.8415942425,0.3725621941,-2.1853973923,1.1224965835,2.2100868641,1.9009220572,-0.6258192809,1.0000000000
0.9240202320,-0.3634618799,0.9099998895,0.0752786709,0.7030882749,-0.0752768051,0.7030884738,0.8249529183,0.3015046989,-2.2236195691,1.1071859931,2.1804791843,1.9649220572,-0.6284663811,1.0000000000
4
11 13 27 49 
0.7984846781,0.2115462892,0.8600000000,0.2865055603,-0.6464631188,-0.2865055603,-0.6464631188
1
0.6511088082,-0.7376269733,0.8861367188,1.6909690450,2.3846349727,-0.9909455283,0.1912565174,0.0000000000
0.6158847829,-0.8064596309,0.9501873453,1.6714225174,2.4448572993,-1.0749455283,0.1586314984,0.0000000000
0.7984846781,0.2115462892,0.8600000000,0.2865055603,-0.6464631188,-0.2865055603,-0.6464631188,0.6511088082,-0.7376269733,0.8861367188,1.6909690450,2.3846349727,-0.9909455283,0.1912565174,1.0000000000
0.7984845797,0.2115463783,0.9099998896,0.6464634937,0.2865047150,-0.6464627329,0.2865064302,0.6158847829,-0.8064596309,0.9501873453,1.6714225174,2.4448572993,-1.0749455283,0.1586314984,1.0000000000
8
5 22 28 35 36 38 44 53 
0.8647786331,0.4305668530,0.8600000000,0.2066143606,0.6762473704,-0.2066143606,0.6762473704
1
1.2412158840,-0.4374415883,0.5937562268,0.7488743014,-0.5464466020,1.3649092540,-1.6966293409,0.0000000000
1.2396946427,-0.4930624432,0.6131572538,0.7220423660,-0.5385886495,1.4459092540,-1.7045394301,0.0000000000
0.8647786331,0.4305668530,0.8600000000,0.2066143606,0.6762473704,-0.2066143606,0.6762473704,1.2412158840,-0.4374415883,0.5937562268,0.7488743014,-0.5464466020,1.3649092540,-1.6966293409,1.0000000000
0.8647787073,0.4305669631,0.9099998890,0.6762470942,-0.2066152655,-0.6762476420,-0.2066134708,1.2396946427,-0.4930624432,0.6131572538,0.7220423660,-0.5385886495,1.4459092540,-1.7045394301,1.0000000000
1
62 
0.7778113474,0.1076002448,0.8600000000,0.6812393116,0.1895072566,-0.6812393116,0.1895072566
1
0.5093722356,-0.9170160752,0.8240878997,1.8733509966,-0.6163570536,0.8844885288,0.3062365841,0.0000000000
0.4556404646,-0.9979847101,0.8994178164,1.8492109867,-0.5383689303,0.9784885288,0.2570249672,0.0000000000
0.7778113474,0.1076002448,0.8600000000,0.6812393116,0.1895072566,-0.6812393116,0.1895072566,0.5093722356,-0.9170160752,0.8240878997,1.8733509966,-0.6163570536,0.8844885288,0.3062365841,1.0000000000
0.7778114159,0.1076001312,0.9099998909,-0.1895063499,0.6812395641,0.1895081576,0.6812390607,0.4556404646,-0.9979847101,0.8994178164,1.8492109867,-0.5383689303,0.9784885288,0.2570249672,1.0000000000
4
28 37 44 56 
